         792
       10020       20011   46.0981140      -6.44290876               1
       10020       20012   47.4125900      -6.44290876               1
       10020       20013   48.8665771      -6.44290876               1
       10020       20014   50.5907135      -6.44290876               1
       10020       20015   52.7982292      -6.44290876               1
       10020       20016   55.8891716      -6.44290876               1
       10020       20017   60.7536316      -6.44290876               1
       10020       20018   69.8666153      -6.44290876               1
       10020       20019   103.780327      -6.44290876               1
       10020       30012   25.6815796      -6.44290876               1
       10020       30013   27.1355667      -6.44290876               1
       10020       30014   28.8597031      -6.44290876               1
       10020       30015   31.0672169      -6.44290876               1
       10020       30016   34.1581612      -6.44290876               1
       10020       30017   39.0226212      -6.44290876               1
       10020       30018   48.1356049      -6.44290876               1
       10020       30019   82.0493164      -6.44290876               1
       10022       20011   45.2587891      -6.44290876               1
       10022       20012   46.3001595      -6.44290876               1
       10022       20013   47.3710594      -6.44290876               1
       10022       20014   48.5337791      -6.44290876               1
       10022       20015   49.8696098      -6.44290876               1
       10022       20016   51.5000038      -6.44290876               1
       10022       20017   53.6318893      -6.44290876               1
       10022       20018   56.6611023      -6.44290876               1
       10022       20019   62.8142738      -6.44290876               1
       10022       20020   70.5506439      -6.44290876               1
       10022       30012   24.6058788      -6.44290876               1
       10022       30013   25.6767788      -6.44290876               1
       10022       30014   26.8394985      -6.44290876               1
       10022       30015   28.1753273      -6.44290876               1
       10022       30016   29.8057213      -6.44290876               1
       10022       30017   31.9376106      -6.44290876               1
       10022       30018   34.9668236      -6.44290876               1
       10022       30019   41.1199913      -6.44290876               1
       10022       30020   48.8563652      -6.44290876               1
       10022       30021   72.5788269      -6.44290876               1
       10022       40021   63.9208145      -6.44290876               1
       10022       50021   59.2498360      -6.44290876               1
       10022       60021   56.2820740      -6.44290876               1
       10022       70021   54.1807289      -6.44290876               1
       10022       80021   52.5669212      -6.44290876               1
       10022       90021   51.2406158      -6.44290876               1
       10022      100021   50.0829468      -6.44290876               1
       10022      110021   49.0143204      -6.44290876               1
       10022      120021   47.9729500      -6.44290876               1
       10020       20021   93.9090652      -6.44290876               1
       10022       20021   94.2731094      -6.44290876               1
       20021       30012   48.4784241      -6.44290876               1
       20021       30013   49.7949066      -6.44290876               1
       20021       30014   51.2501602      -6.44290876               1
       20021       30015   52.9755745      -6.44290876               1
       20021       30016   55.1836967      -6.44290876               1
       20021       30017   58.2762070      -6.44290876               1
       20021       30018   63.1408577      -6.44290876               1
       20021       30019   75.1618118      -6.44290876               1
       20021       30020   95.9757614      -6.44290876               1
       20021       40020   72.4315033      -6.44290876               1
       20021       50020   63.3737564      -6.44290876               1
       20021       60020   58.5370293      -6.44290876               1
       20021       70020   55.4588737      -6.44290876               1
       20021       80020   53.2588959      -6.44290876               1
       20021       90020   51.5384827      -6.44290876               1
       20021      100020   50.0857773      -6.44290876               1
       20021      110020   48.7704849      -6.44290876               1
       10020       20023   61.7357903      -6.44290876               1
       10022       20023   94.5013580      -6.44290876               1
       20023       30012   47.6391487      -6.44290876               1
       20023       30013   48.6824074      -6.44290876               1
       20023       30014   49.7545967      -6.44290876               1
       20023       30015   50.9183426      -6.44290876               1
       20023       30016   52.2547417      -6.44290876               1
       20023       30017   53.8857765      -6.44290876               1
       20023       30018   56.0176582      -6.44290876               1
       20023       30019   59.8244667      -6.44290876               1
       20023       30020   63.8609467      -6.44290876               1
       20023       30021   72.9439316      -6.44290876               1
       10020       30022   48.7881241      -6.44290876               1
       20021       30022   96.3398132      -6.44290876               1
       20023       30022   96.6265259      -6.44290876               1
       30022       40020   72.5075302      -6.44290876               1
       30022       40021   96.2668152      -6.44290876               1
       30022       50014   26.3401299      -6.44290876               1
       30022       50015   27.7958927      -6.44290876               1
       30022       50016   29.5213966      -6.44290876               1
       30022       50020   48.8069458      -6.44290876               1
       30022       50021   72.5662308      -6.44290876               1
       30022       60021   63.4622269      -6.44290876               1
       30022       70021   58.6036911      -6.44290876               1
       30022       80021   55.5166245      -6.44290876               1
       30022       90020   29.5523605      -6.44290876               1
       30022       90021   53.3116455      -6.44290876               1
       30022      100020   27.8287334      -6.44290876               1
       30022      100021   51.5880203      -6.44290876               1
       30022      110020   26.3742008      -6.44290876               1
       30022      110021   50.1334877      -6.44290876               1
       30022      120021   48.8170357      -6.44290876               1
       10022       30024   49.3868561      -6.44290876               1
       20021       30024   64.1250763      -6.44290876               1
       20023       30024   96.9047318      -6.44290876               1
       30024       50023   73.2260895      -6.44290876               1
       30024       60023   64.1654129      -6.44290876               1
       30024       70023   59.3585854      -6.44290876               1
       30024       80023   56.3339272      -6.44290876               1
       30024       90023   54.2052269      -6.44290876               1
       30024      100023   52.5761681      -6.44290876               1
       30024      110023   51.2408562      -6.44290876               1
       30024      120023   50.0776863      -6.44290876               1
       30024      130023   49.0055199      -6.44290876               1
       30024      140023   47.9616776      -6.44290876               1
       30024       40023   96.8900070      -6.44290876               1
       40023       50014   48.7527733      -6.44290876               1
       40023       50015   50.0700378      -6.44290876               1
       40023       50016   51.5258446      -6.44290876               1
       40023       50017   53.2515831      -6.44290876               1
       40023       50018   55.4598389      -6.44290876               1
       40023       50019   59.3402557      -6.44290876               1
       40023       50020   63.4173851      -6.44290876               1
       40023       50021   72.5437469      -6.44290876               1
       40023       50022   96.2630310      -6.44290876               1
       40023       60015   26.3643360      -6.44290876               1
       40023       60016   27.8201447      -6.44290876               1
       40023       60020   39.7116852      -6.44290876               1
       20023       40025   49.9575272      -6.44290876               1
       30024       40025   97.1271744      -6.44290876               1
       40025       50014   47.9135895      -6.44290876               1
       40025       50015   48.9576607      -6.44290876               1
       40025       50016   50.0304222      -6.44290876               1
       40025       50017   51.1945610      -6.44290876               1
       40025       50018   52.5312157      -6.44290876               1
       40025       50019   54.5399475      -6.44290876               1
       40025       50020   56.2943459      -6.44290876               1
       40025       50021   59.3248177      -6.44290876               1
       40025       50022   64.1383286      -6.44290876               1
       40025       50023   73.2145462      -6.44290876               1
       40025       60015   25.2886219      -6.44290876               1
       40025       60016   26.3613834      -6.44290876               1
       40025       60017   27.5255222      -6.44290876               1
       40025       60018   28.8621788      -6.44290876               1
       40025       60019   30.8709106      -6.44290876               1
       40025       60020   32.6253090      -6.44290876               1
       40025       60021   35.6557808      -6.44290876               1
       40025       60022   40.4692917      -6.44290876               1
       40025       60023   49.5455055      -6.44290876               1
       40025       60024   73.2258759      -6.44290876               1
       40025       70024   64.1506195      -6.44290876               1
       40025       80024   59.3410645      -6.44290876               1
       40025       90024   56.3140259      -6.44290876               1
       40025      100023   30.5029736      -6.44290876               1
       40025      100024   54.1833420      -6.44290876               1
       40025      110024   52.5533104      -6.44290876               1
       40025      120024   51.2173691      -6.44290876               1
       40025      130024   50.0538635      -6.44290876               1
       40025      140024   48.9813232      -6.44290876               1
       40025      150024   47.9372520      -6.44290876               1
       20023       50024   64.3827362      -6.44290876               1
       40023       50024   96.5995178      -6.44290876               1
       40025       50024   96.8949127      -6.44290876               1
       30024       50026   50.0542908      -6.44290876               1
       40023       50026   64.4019470      -6.44290876               1
       40025       50026   97.1661835      -6.44290876               1
       50026       60015   47.9415436      -6.44290876               1
       50026       60016   48.9857445      -6.44290876               1
       50026       60017   50.0586472      -6.44290876               1
       50026       60018   51.2228127      -6.44290876               1
       50026       60019   52.8574333      -6.44290876               1
       50026       60020   54.1907578      -6.44290876               1
       50026       60021   56.3234177      -6.44290876               1
       50026       60022   59.3535461      -6.44290876               1
       50026       60023   64.1680984      -6.44290876               1
       50026       60024   73.2485123      -6.44290876               1
       50026       70024   49.5518646      -6.44290876               1
       50026      120024   28.8796062      -6.44290876               1
       50026      150024   25.3069725      -6.44290876               1
       30024       60025   64.4025803      -6.44290876               1
       40023       60025   49.4775581      -6.44290876               1
       50026       60025   96.9323349      -6.44290876               1
       60025       70016   48.7764015      -6.44290876               1
       60025       70017   50.0938797      -6.44290876               1
       60025       70018   51.5498047      -6.44290876               1
       60025       70019   53.6696739      -6.44290876               1
       60025       70020   55.4838142      -6.44290876               1
       60025       70021   58.5766983      -6.44290876               1
       60025       70022   63.4419289      -6.44290876               1
       60025       70023   72.5614700      -6.44290876               1
       60025       70024   96.2785034      -6.44290876               1
       60025       80017   26.3765640      -6.44290876               1
       60025       80018   27.8324890      -6.44290876               1
       60025       80019   29.9523582      -6.44290876               1
       60025       80020   31.7664967      -6.44290876               1
       60025       80021   34.8593826      -6.44290876               1
       60025       80022   39.7246132      -6.44290876               1
       60025       80023   48.8441582      -6.44290876               1
       60025       80024   72.5611877      -6.44290876               1
       60025       90018   18.7129593      -6.44290876               1
       60025       90019   20.8328304      -6.44290876               1
       60025       90020   22.6469688      -6.44290876               1
       60025       90021   25.7398529      -6.44290876               1
       60025       90022   30.6050835      -6.44290876               1
       60025       90023   39.7246284      -6.44290876               1
       60025       90024   63.4416542      -6.44290876               1
       60025      100023   34.8581047      -6.44290876               1
       60025      100024   58.5751343      -6.44290876               1
       60025      110023   31.7659245      -6.44290876               1
       60025      110024   55.4829521      -6.44290876               1
       60025      120023   29.5578060      -6.44290876               1
       60025      120024   53.2748337      -6.44290876               1
       60025      130023   27.8327007      -6.44290876               1
       60025      130024   51.5497284      -6.44290876               1
       60025      140023   26.3769436      -6.44290876               1
       60025      140024   50.0939713      -6.44290876               1
       60025      150024   48.7766800      -6.44290876               1
       50026       60027   97.2273560      -6.44290876               1
       60027       70016   47.9372520      -6.44290876               1
       60027       70017   48.9815636      -6.44290876               1
       60027       70018   50.0544891      -6.44290876               1
       60027       70019   51.4692001      -6.44290876               1
       60027       70020   52.5554504      -6.44290876               1
       60027       70021   54.1868286      -6.44290876               1
       60027       70022   56.3190498      -6.44290876               1
       60027       70023   59.3489838      -6.44290876               1
       60027       70024   64.1635132      -6.44290876               1
       60027       70025   73.2395630      -6.44290876               1
       60027       80024   40.4828529      -6.44290876               1
       60027       80026   73.2805557      -6.44290876               1
       60027       90026   64.2043457      -6.44290876               1
       60027      100026   59.3895264      -6.44290876               1
       60027      110026   56.3597412      -6.44290876               1
       60027      120026   54.2278824      -6.44290876               1
       60027      130026   52.5973434      -6.44290876               1
       60027      140026   51.2607994      -6.44290876               1
       60027      150026   50.0968094      -6.44290876               1
       60027      160026   49.0239639      -6.44290876               1
       60027      170026   47.9796524      -6.44290876               1
       60025       70026   96.6079865      -6.44290876               1
       60027       70026   96.9612198      -6.44290876               1
       70026       80017   48.8056450      -6.44290876               1
       70026       80018   50.1231422      -6.44290876               1
       70026       80019   51.8976517      -6.44290876               1
       70026       80020   53.3049164      -6.44290876               1
       70026       80021   55.5138550      -6.44290876               1
       70026       80022   58.6063957      -6.44290876               1
       70026       80023   63.4726677      -6.44290876               1
       70026       80024   72.5964050      -6.44290876               1
       70026       80025   96.3168869      -6.44290876               1
       70026       90018   26.3841915      -6.44290876               1
       70026       90019   28.1587009      -6.44290876               1
       70026       90020   29.5659695      -6.44290876               1
       70026       90021   31.7749043      -6.44290876               1
       70026       90022   34.8674469      -6.44290876               1
       70026       90023   39.7337151      -6.44290876               1
       70026       90024   48.8574562      -6.44290876               1
       70026       90025   72.5779343      -6.44290876               1
       70026      100024   39.7308617      -6.44290876               1
       70026      110024   34.8643723      -6.44290876               1
       70026      120024   31.7720680      -6.44290876               1
       70026      130024   29.5642776      -6.44290876               1
       70026      140024   27.8386898      -6.44290876               1
       70026      150024   26.3828869      -6.44290876               1
       60025       70028   64.4243011      -6.44290876               1
       60027       70028   97.1846848      -6.44290876               1
       70028       80017   47.9664421      -6.44290876               1
       70028       80018   49.0107841      -6.44290876               1
       70028       80019   50.3071022      -6.44290876               1
       70028       80020   51.2479591      -6.44290876               1
       70028       80021   52.5848732      -6.44290876               1
       70028       80022   54.2160530      -6.44290876               1
       70028       80023   56.3482285      -6.44290876               1
       70028       80024   59.3782730      -6.44290876               1
       70028       80025   64.1914062      -6.44290876               1
       70028       80026   73.2727509      -6.44290876               1
       70028       90018   25.3084927      -6.44290876               1
       70028       90020   27.5456676      -6.44290876               1
       70028       90021   28.8825817      -6.44290876               1
       70028       90023   32.6459389      -6.44290876               1
       70028       90024   35.6759796      -6.44290876               1
       70028       90027   73.2495041      -6.44290876               1
       70028      100027   64.1662292      -6.44290876               1
       70028      110027   59.3514404      -6.44290876               1
       70028      120027   56.3215294      -6.44290876               1
       70028      130027   54.1900101      -6.44290876               1
       70028      140027   52.5589828      -6.44290876               1
       70028      150027   51.2224197      -6.44290876               1
       70028      160027   50.0582809      -6.44290876               1
       70028      170027   48.9853554      -6.44290876               1
       70028      180027   47.9410095      -6.44290876               1
       50026       80027   64.4600296      -6.44290876               1
       70026       80027   96.6701202      -6.44290876               1
       70028       80027   96.9517975      -6.44290876               1
       80027       90018   48.8236885      -6.44290876               1
       80027       90019   50.4179039      -6.44290876               1
       80027       90020   51.5971947      -6.44290876               1
       80027       90021   53.3231354      -6.44290876               1
       80027       90022   55.5316353      -6.44290876               1
       80027       90023   58.6239777      -6.44290876               1
       80027       90024   63.4902115      -6.44290876               1
       80027       90025   72.6095886      -6.44290876               1
       80027       90026   96.3678894      -6.44290876               1
       80027      100026   72.6067200      -6.44290876               1
       80027      110026   63.4837418      -6.44290876               1
       80027      120026   58.6177521      -6.44290876               1
       80027      130026   55.5263634      -6.44290876               1
       80027      140026   53.3178978      -6.44290876               1
       80027      150026   51.5923729      -6.44290876               1
       80027      160026   50.1364059      -6.44290876               1
       80027      170026   48.8189049      -6.44290876               1
       70026       80029   64.4567413      -6.44290876               1
       70028       80029   97.2073517      -6.44290876               1
       80029       90018   47.9846306      -6.44290876               1
       80029       90019   49.2394981      -6.44290876               1
       80029       90020   50.1020432      -6.44290876               1
       80029       90021   51.2664185      -6.44290876               1
       80029       90022   52.6033211      -6.44290876               1
       80029       90023   54.2346268      -6.44290876               1
       80029       90024   56.3671227      -6.44290876               1
       80029       90025   59.3970222      -6.44290876               1
       80029       90026   64.2127151      -6.44290876               1
       80029       90027   73.2882843      -6.44290876               1
       80029      100028   73.2388077      -6.44290876               1
       80029      110028   64.1591415      -6.44290876               1
       80029      120028   59.3448486      -6.44290876               1
       80029      130028   56.3158569      -6.44290876               1
       80029      140028   54.1836433      -6.44290876               1
       80029      150028   52.5526733      -6.44290876               1
       80029      160028   51.2159157      -6.44290876               1
       80029      170028   50.0516968      -6.44290876               1
       80029      180028   48.9787025      -6.44290876               1
       80029      190028   47.7238312      -6.44290876               1
       60027       90028   64.4278183      -6.44290876               1
       80027       90028   96.6495743      -6.44290876               1
       80029       90028   96.9633331      -6.44290876               1
       90028      100020   50.1353951      -6.44290876               1
       90028      100027   96.3234100      -6.44290876               1
       90028      110027   72.5699310      -6.44290876               1
       90028      120027   63.4456863      -6.44290876               1
       90028      130027   58.5810089      -6.44290876               1
       90028      140027   55.4881668      -6.44290876               1
       90028      150027   53.2797661      -6.44290876               1
       90028      160027   51.5539207      -6.44290876               1
       90028      170027   50.0978470      -6.44290876               1
       90028      180027   48.7802811      -6.44290876               1
       80027       90030   64.4740448      -6.44290876               1
       80029       90030   97.2685776      -6.44290876               1
       70028      100029   64.4217834      -6.44290876               1
       90028      100029   96.6371765      -6.44290876               1
      100029      110020   48.7989845      -6.44290876               1
      100029      110021   50.1166496      -6.44290876               1
      100029      110022   51.5727997      -6.44290876               1
      100029      110023   53.2986832      -6.44290876               1
      100029      110024   55.5074463      -6.44290876               1
      100029      110026   63.4671478      -6.44290876               1
      100029      110027   72.5860291      -6.44290876               1
      100029      110028   96.2977371      -6.44290876               1
      100029      120028   72.5587234      -6.44290876               1
      100029      130028   63.4409409      -6.44290876               1
      100029      140028   58.5740891      -6.44290876               1
      100029      150028   55.4818535      -6.44290876               1
      100029      160028   53.2731171      -6.44290876               1
      100029      170028   51.5472450      -6.44290876               1
      100029      180028   50.0911102      -6.44290876               1
      100029      190028   48.5179329      -6.44290876               1
       90030      100031   97.2326431      -6.44290876               1
      100031      110020   47.9599228      -6.44290876               1
      100031      110021   49.0044212      -6.44290876               1
      100031      110022   50.0775566      -6.44290876               1
      100031      110023   51.2419586      -6.44290876               1
      100031      110024   52.5789680      -6.44290876               1
      100031      110025   54.2102547      -6.44290876               1
      100031      110026   56.3429413      -6.44290876               1
      100031      110027   59.3723869      -6.44290876               1
      100031      110028   64.1849899      -6.44290876               1
      100031      110029   73.2646561      -6.44290876               1
      100031      120021   25.3020554      -6.44290876               1
      100031      120024   28.8766022      -6.44290876               1
      100031      120030   73.2490387      -6.44290876               1
      100031      130030   64.1745758      -6.44290876               1
      100031      140030   59.3594170      -6.44290876               1
      100031      150030   56.3295784      -6.44290876               1
      100031      160030   54.1970940      -6.44290876               1
      100031      170030   52.5657806      -6.44290876               1
      100031      180030   51.2288551      -6.44290876               1
      100031      190030   49.8448601      -6.44290876               1
      100031      200030   48.9914856      -6.44290876               1
      100031      210030   47.9469872      -6.44290876               1
      100029      110030   96.6611862      -6.44290876               1
      100031      110030   96.9514084      -6.44290876               1
      110030      120021   48.7426720      -6.44290876               1
      110030      120022   50.0603676      -6.44290876               1
      110030      120023   51.5165825      -6.44290876               1
      110030      120024   53.2426109      -6.44290876               1
      110030      120025   55.4512558      -6.44290876               1
      110030      120026   58.5445786      -6.44290876               1
      110030      120027   63.4097443      -6.44290876               1
      110030      120028   72.5282822      -6.44290876               1
      110030      120029   96.2842407      -6.44290876               1
      110030      130029   72.6031265      -6.44290876               1
      110030      140029   63.4819603      -6.44290876               1
      100029      110032   64.4482498      -6.44290876               1
      100031      110032   97.1678696      -6.44290876               1
      110032      120021   47.9035110      -6.44290876               1
      110032      120022   48.9480553      -6.44290876               1
      110032      120023   50.0212059      -6.44290876               1
      110032      120024   51.1856346      -6.44290876               1
      110032      120025   52.5225601      -6.44290876               1
      110032      120026   54.1540642      -6.44290876               1
      110032      120027   56.2860565      -6.44290876               1
      110032      120028   59.3153572      -6.44290876               1
      110032      120029   64.1295090      -6.44290876               1
      110032      120030   73.2037125      -6.44290876               1
      110032      130031   73.2046661      -6.44290876               1
       90030      120031   64.4348679      -6.44290876               1
      110030      120031   96.5744629      -6.44290876               1
      110032      120031   96.8491287      -6.44290876               1
      120031      130022   48.7623825      -6.44290876               1
      120031      130023   50.0800743      -6.44290876               1
      120031      130024   51.5362968      -6.44290876               1
      120031      130025   53.2621422      -6.44290876               1
      120031      130026   55.4710808      -6.44290876               1
      120031      130027   58.5629272      -6.44290876               1
      120031      130028   63.4272232      -6.44290876               1
      120031      130029   72.5502014      -6.44290876               1
      120031      130030   96.2735977      -6.44290876               1
      120031      140023   26.3726730      -6.44290876               1
      120031      140024   27.8288975      -6.44290876               1
      120031      140030   72.5661926      -6.44290876               1
      120031      150030   63.4516640      -6.44290876               1
      120031      160030   58.5863075      -6.44290876               1
      120031      170030   55.4940338      -6.44290876               1
      120031      180030   53.2854614      -6.44290876               1
      120031      190030   51.2520752      -6.44290876               1
      120031      200030   50.1036835      -6.44290876               1
      120031      210030   48.7861023      -6.44290876               1
      110030      120033   64.3906174      -6.44290876               1
      110032      120033   97.1271133      -6.44290876               1
      120033      130022   47.9232368      -6.44290876               1
      120033      130023   48.9677773      -6.44290876               1
      120033      130024   50.0409279      -6.44290876               1
      120033      130025   51.2052956      -6.44290876               1
      120033      130026   52.5423355      -6.44290876               1
      120033      130027   54.1734314      -6.44290876               1
      120033      130028   56.3053780      -6.44290876               1
      120033      130029   59.3353806      -6.44290876               1
      120033      130030   64.1479568      -6.44290876               1
      120033      130031   73.2163162      -6.44290876               1
      120033      140031   49.5455666      -6.44290876               1
      120033      140032   73.2136993      -6.44290876               1
      120033      150032   64.1424789      -6.44290876               1
      120033      160032   59.3288269      -6.44290876               1
      120033      170031   32.6308212      -6.44290876               1
      120033      170032   56.2989502      -6.44290876               1
      120033      180032   54.1666374      -6.44290876               1
      120033      190032   52.2494431      -6.44290876               1
      120033      200032   51.1986389      -6.44290876               1
      120033      210032   50.0343590      -6.44290876               1
      120033      220031   25.2930832      -6.44290876               1
      120033      220032   48.9612122      -6.44290876               1
      120033      230032   47.9166718      -6.44290876               1
      120031      130032   96.5482635      -6.44290876               1
      120033      130032   96.8844452      -6.44290876               1
      130032      140023   48.7950058      -6.44290876               1
      130032      140024   50.1127281      -6.44290876               1
      130032      140025   51.5688820      -6.44290876               1
      130032      140026   53.2949409      -6.44290876               1
      130032      140027   55.5032005      -6.44290876               1
      130032      140028   58.5949020      -6.44290876               1
      130032      140029   63.4607430      -6.44290876               1
      130032      140030   72.5782623      -6.44290876               1
      130032      140031   96.2603302      -6.44290876               1
      130032      150031   72.5317078      -6.44290876               1
      120031      130034   64.4054108      -6.44290876               1
      120033      130034   97.0920258      -6.44290876               1
      130034      140023   47.9557915      -6.44290876               1
      130034      140024   49.0003281      -6.44290876               1
      130034      140025   50.0734329      -6.44290876               1
      130034      140026   51.2378426      -6.44290876               1
      130034      140027   52.5745926      -6.44290876               1
      130034      140028   54.2055779      -6.44290876               1
      130034      140029   56.3376923      -6.44290876               1
      130034      140030   59.3665123      -6.44290876               1
      130034      140031   64.1756821      -6.44290876               1
      130034      140032   73.2434692      -6.44290876               1
      130034      150024   25.3083591      -6.44290876               1
      130034      150032   49.5514984      -6.44290876               1
      130034      150033   73.1703339      -6.44290876               1
      130034      160033   64.0897522      -6.44290876               1
      130034      170033   59.2748909      -6.44290876               1
      130034      180033   56.2444878      -6.44290876               1
      130034      190033   53.7545090      -6.44290876               1
      130034      200033   52.4809341      -6.44290876               1
      130034      210033   51.1441078      -6.44290876               1
      130034      220033   49.9796677      -6.44290876               1
      130034      230033   48.9065132      -6.44290876               1
      130034      240033   47.8619766      -6.44290876               1
      110032      140033   64.4047928      -6.44290876               1
      130032      140033   96.5965195      -6.44290876               1
      130034      140033   96.8623047      -6.44290876               1
      140033      150024   48.7938843      -6.44290876               1
      140033      150025   50.1115494      -6.44290876               1
      140033      150026   51.5678024      -6.44290876               1
      140033      150027   53.2934685      -6.44290876               1
      140033      150028   55.5016708      -6.44290876               1
      140033      150029   58.5940628      -6.44290876               1
      140033      150030   63.4583321      -6.44290876               1
      140033      150031   72.5700073      -6.44290876               1
      140033      150032   96.2747879      -6.44290876               1
      140033      160030   39.7268829      -6.44290876               1
      140033      160031   48.8385620      -6.44290876               1
      140033      160032   72.5433426      -6.44290876               1
      140033      170031   39.7171173      -6.44290876               1
      140033      170032   63.4218979      -6.44290876               1
      140033      180031   34.8512306      -6.44290876               1
      140033      180032   58.5560112      -6.44290876               1
      140033      190031   31.2641430      -6.44290876               1
      140033      190032   54.9689217      -6.44290876               1
      140033      200031   29.5506725      -6.44290876               1
      140033      200032   53.2554512      -6.44290876               1
      140033      210031   27.8249950      -6.44290876               1
      140033      210032   51.5297737      -6.44290876               1
      140033      220031   26.3687458      -6.44290876               1
      140033      220032   50.0735245      -6.44290876               1
      140033      230032   48.7558060      -6.44290876               1
      130032      140035   64.4402390      -6.44290876               1
      130034      140035   97.1489410      -6.44290876               1
      140035      150024   47.9546738      -6.44290876               1
      140035      150025   48.9992027      -6.44290876               1
      140035      150026   50.0723534      -6.44290876               1
      140035      150027   51.2366486      -6.44290876               1
      140035      150028   52.5734406      -6.44290876               1
      140035      150029   54.2047310      -6.44290876               1
      140035      150030   56.3366432      -6.44290876               1
      140035      150031   59.3648338      -6.44290876               1
      140035      150032   64.1767273      -6.44290876               1
      140035      150033   73.2478485      -6.44290876               1
      140035      160034   73.1906281      -6.44290876               1
      140035      170034   64.1125031      -6.44290876               1
      140035      180034   59.2983170      -6.44290876               1
      140035      190034   55.7876587      -6.44290876               1
      140035      200034   54.1364212      -6.44290876               1
      140035      210034   52.5053215      -6.44290876               1
      140035      220034   51.1683044      -6.44290876               1
      140035      230034   50.0038795      -6.44290876               1
      140035      240034   48.9307480      -6.44290876               1
      140035      250034   47.8862190      -6.44290876               1
      120033      150034   64.3500595      -6.44290876               1
      140033      150034   96.5405807      -6.44290876               1
      140035      150034   96.8854218      -6.44290876               1
      150034      160025   48.8088455      -6.44290876               1
      150034      160026   50.1265335      -6.44290876               1
      150034      160027   51.5825195      -6.44290876               1
      150034      160028   53.3080635      -6.44290876               1
      150034      160029   55.5164261      -6.44290876               1
      150034      160030   58.6076355      -6.44290876               1
      150034      160031   63.4685059      -6.44290876               1
      150034      160032   72.5796051      -6.44290876               1
      150034      160033   96.2350998      -6.44290876               1
      150034      170026   26.3806133      -6.44290876               1
      150034      170027   27.8365993      -6.44290876               1
      150034      170028   29.5621452      -6.44290876               1
      150034      170029   31.7705097      -6.44290876               1
      150034      170030   34.8617172      -6.44290876               1
      150034      170031   39.7225876      -6.44290876               1
      150034      170032   48.8336868      -6.44290876               1
      150034      170033   72.4891815      -6.44290876               1
      150034      180032   39.7114258      -6.44290876               1
      150034      180033   63.3669167      -6.44290876               1
      150034      190033   57.7821922      -6.44290876               1
      150034      200033   55.4094543      -6.44290876               1
      150034      210033   53.2011490      -6.44290876               1
      150034      220033   51.4750862      -6.44290876               1
      150034      230033   50.0188217      -6.44290876               1
      150034      240033   48.7011223      -6.44290876               1
      140033      150036   64.4371109      -6.44290876               1
      140035      150036   97.1925049      -6.44290876               1
      150036      160025   47.9696350      -6.44290876               1
      150036      160026   49.0141449      -6.44290876               1
      150036      160027   50.0871964      -6.44290876               1
      150036      160028   51.2514343      -6.44290876               1
      150036      160029   52.5882759      -6.44290876               1
      150036      160030   54.2192230      -6.44290876               1
      150036      160031   56.3503380      -6.44290876               1
      150036      160032   59.3788719      -6.44290876               1
      150036      160033   64.1898346      -6.44290876               1
      150036      160034   73.2557678      -6.44290876               1
      150036      170026   25.3048820      -6.44290876               1
      150036      170027   26.3779316      -6.44290876               1
      150036      170028   27.5421696      -6.44290876               1
      150036      170029   28.8790112      -6.44290876               1
      150036      170031   32.6410751      -6.44290876               1
      150036      170032   35.6696091      -6.44290876               1
      150036      170035   73.2359772      -6.44290876               1
      150036      180035   64.1570358      -6.44290876               1
      150036      190035   58.6355553      -6.44290876               1
      150036      200035   56.3136787      -6.44290876               1
      150036      210035   54.1816521      -6.44290876               1
      150036      220035   52.5501595      -6.44290876               1
      150036      230035   51.2131310      -6.44290876               1
      150036      240035   50.0487366      -6.44290876               1
      150036      250035   48.9756050      -6.44290876               1
      150036      260035   47.9310951      -6.44290876               1
      130034      160035   64.3763885      -6.44290876               1
      150034      160035   96.5799408      -6.44290876               1
      150036      160035   96.9452362      -6.44290876               1
      160035      170026   48.7723579      -6.44290876               1
      160035      170027   50.0899620      -6.44290876               1
      160035      170028   51.5459747      -6.44290876               1
      160035      170029   53.2718086      -6.44290876               1
      160035      170030   55.4799767      -6.44290876               1
      160035      170031   58.5705643      -6.44290876               1
      160035      170032   63.4341545      -6.44290876               1
      160035      170033   72.5485916      -6.44290876               1
      160035      170034   96.2228241      -6.44290876               1
      160035      180034   72.5069275      -6.44290876               1
      160035      190034   62.1997108      -6.44290876               1
      160035      200034   58.5256119      -6.44290876               1
      160035      210034   55.4340782      -6.44290876               1
      160035      220034   53.2252579      -6.44290876               1
      160035      230034   51.4992447      -6.44290876               1
      160035      240034   50.0430489      -6.44290876               1
      160035      250034   48.7253456      -6.44290876               1
      150034      160037   64.4458466      -6.44290876               1
      150036      160037   97.1476822      -6.44290876               1
      160037      170026   47.9329071      -6.44290876               1
      160037      170027   48.9773331      -6.44290876               1
      160037      170028   50.0502739      -6.44290876               1
      160037      170029   51.2144508      -6.44290876               1
      160037      170030   52.5509567      -6.44290876               1
      160037      170031   54.1812134      -6.44290876               1
      160037      170032   56.3121223      -6.44290876               1
      160037      170033   59.3395653      -6.44290876               1
      160037      170034   64.1469650      -6.44290876               1
      160037      170035   73.2171631      -6.44290876               1
      160037      180035   49.5379295      -6.44290876               1
      160037      180036   73.1695557      -6.44290876               1
      160037      190036   62.9152794      -6.44290876               1
      160037      200036   59.2832870      -6.44290876               1
      160037      210036   56.2541771      -6.44290876               1
      160037      220036   54.1216469      -6.44290876               1
      160037      230036   52.4902306      -6.44290876               1
      160037      240036   51.1533051      -6.44290876               1
      160037      250035   26.3573112      -6.44290876               1
      160037      250036   49.9889374      -6.44290876               1
      160037      260036   48.9158859      -6.44290876               1
      160037      270036   47.8714600      -6.44290876               1
      140035      170036   64.4195862      -6.44290876               1
      160035      170036   96.5881195      -6.44290876               1
      160037      170036   96.8487930      -6.44290876               1
      170036      180027   48.7785416      -6.44290876               1
      170036      180028   50.0960693      -6.44290876               1
      170036      180029   51.5521088      -6.44290876               1
      170036      180030   53.2776070      -6.44290876               1
      170036      180031   55.4849815      -6.44290876               1
      170036      180032   58.5759125      -6.44290876               1
      170036      180033   63.4385834      -6.44290876               1
      170036      180034   72.5478287      -6.44290876               1
      170036      180035   96.2739563      -6.44290876               1
      170036      190035   70.1391373      -6.44290876               1
      170036      200035   63.4355545      -6.44290876               1
      170036      210035   58.5717659      -6.44290876               1
      170036      220035   55.4789162      -6.44290876               1
      170036      240035   51.5441017      -6.44290876               1
      170036      250035   50.0878754      -6.44290876               1
      170036      260035   48.7702370      -6.44290876               1
      160035      170038   64.4001083      -6.44290876               1
      160037      170038   97.0581512      -6.44290876               1
      170038      180027   47.9388771      -6.44290876               1
      170038      180028   48.9831390      -6.44290876               1
      170038      180029   50.0559082      -6.44290876               1
      170038      180030   51.2197037      -6.44290876               1
      170038      180031   52.5555191      -6.44290876               1
      170038      180032   54.1852036      -6.44290876               1
      170038      180033   56.3147621      -6.44290876               1
      170038      180034   59.3390083      -6.44290876               1
      170038      180035   64.1441956      -6.44290876               1
      170038      180036   73.1935806      -6.44290876               1
      170038      190037   70.7121658      -6.44290876               1
      170038      200037   64.0438385      -6.44290876               1
      170038      220037   56.2013741      -6.44290876               1
      170038      240037   52.4375038      -6.44290876               1
      170038      250037   51.1005745      -6.44290876               1
      170038      260037   49.9363403      -6.44290876               1
      170038      270037   48.8633499      -6.44290876               1
      170038      280037   47.8190880      -6.44290876               1
      150036      180037   64.3594742      -6.44290876               1
      160035      180037   49.4699669      -6.44290876               1
      170036      180037   96.5346146      -6.44290876               1
      170038      180037   96.8022232      -6.44290876               1
      180037      190028   41.4247437      -6.44290876               1
      180037      190029   42.7421684      -6.44290876               1
      180037      190030   44.1978798      -6.44290876               1
      180037      190031   45.9226990      -6.44290876               1
      180037      190032   48.1298637      -6.44290876               1
      180037      190035   65.1923294      -6.44290876               1
      180037      190036   88.8606186      -6.44290876               1
      180037      200036   72.4892426      -6.44290876               1
      180037      210036   63.3768806      -6.44290876               1
      180037      220036   58.5112572      -6.44290876               1
      180037      230036   55.4186935      -6.44290876               1
      180037      240036   53.2101097      -6.44290876               1
      180037      250035   27.8159122      -6.44290876               1
      180037      250036   51.4841957      -6.44290876               1
      180037      260036   50.0281601      -6.44290876               1
      180037      270036   48.7105522      -6.44290876               1
      170036      180039   64.3728867      -6.44290876               1
      170038      180039   96.8456421      -6.44290876               1
      180039      190028   40.5912094      -6.44290876               1
      180039      190029   41.6350479      -6.44290876               1
      180039      190030   42.7071915      -6.44290876               1
      180039      190031   43.8699951      -6.44290876               1
      180039      190032   45.2045860      -6.44290876               1
      180039      190033   46.8320885      -6.44290876               1
      180039      190036   56.7640800      -6.44290876               1
      180039      190037   65.7863388      -6.44290876               1
      180039      200038   72.8952789      -6.44290876               1
      180039      210038   63.8262978      -6.44290876               1
      180039      220038   59.0124512      -6.44290876               1
      180039      230038   55.9823799      -6.44290876               1
      180039      250037   28.7684898      -6.44290876               1
      180039      250038   52.2189789      -6.44290876               1
      180039      260037   27.4318771      -6.44290876               1
      180039      260038   50.8823662      -6.44290876               1
      180039      270037   26.2677784      -6.44290876               1
      180039      270038   49.7182655      -6.44290876               1
      180039      280037   25.1951294      -6.44290876               1
      180039      280038   48.6456184      -6.44290876               1
      180039      290038   47.6017799      -6.44290876               1
      180037      190038   89.1282120      -6.44290876               1
      180039      190038   89.2368240      -6.44290876               1
      190038      200036   82.6296387      -6.44290876               1
      190038      200037   106.279335      -6.44290876               1
      190038      210037   75.2697754      -6.44290876               1
      190038      220037   64.5925598      -6.44290876               1
      190038      250037   53.4483681      -6.44290876               1
      190038      260037   51.6355400      -6.44290876               1
      190038      270037   50.1229820      -6.44290876               1
      190038      280037   48.7669449      -6.44290876               1
      180039      190040   89.1545563      -6.44290876               1
      190040      200038   83.1518784      -6.44290876               1
      190040      210039   75.3910980      -6.44290876               1
      190040      220039   64.7572479      -6.44290876               1
      190040      230039   59.3763580      -6.44290876               1
      190040      240039   56.0807838      -6.44290876               1
      190040      250039   53.8036766      -6.44290876               1
      190040      260039   52.0855522      -6.44290876               1
      190040      270039   50.6923714      -6.44290876               1
      190040      280039   49.4898186      -6.44290876               1
      190040      290039   48.3898087      -6.44290876               1
      190040      300039   47.3258400      -6.44290876               1
      170038      200039   64.0872574      -6.44290876               1
      190038      200039   106.387909      -6.44290876               1
      190040      200039   106.363953      -6.44290876               1
      200039      210030   48.7735329      -6.44290876               1
      200039      210031   50.0896225      -6.44290876               1
      200039      210032   51.5434303      -6.44290876               1
      200039      210033   53.2654915      -6.44290876               1
      200039      210034   55.4671631      -6.44290876               1
      200039      210035   58.5480385      -6.44290876               1
      200039      210036   63.3878632      -6.44290876               1
      200039      210037   72.4534531      -6.44290876               1
      200039      210038   95.9406204      -6.44290876               1
      200039      220032   27.8278923      -6.44290876               1
      200039      220038   72.2250900      -6.44290876               1
      200039      230038   63.1050911      -6.44290876               1
      200039      250037   31.6601028      -6.44290876               1
      200039      250038   55.1472740      -6.44290876               1
      200039      260038   52.9391899      -6.44290876               1
      200039      270038   51.2135162      -6.44290876               1
      200039      280038   49.7578430      -6.44290876               1
      200039      290038   48.4409370      -6.44290876               1
      180039      210040   63.7440262      -6.44290876               1
      200039      210040   95.9166260      -6.44290876               1
      210040      220031   48.8159370      -6.44290876               1
      210040      220032   50.1314507      -6.44290876               1
      210040      220033   51.5841713      -6.44290876               1
      210040      220034   53.3040161      -6.44290876               1
      210040      220035   55.5023842      -6.44290876               1
      210040      220036   58.5736237      -6.44290876               1
      210040      220037   63.3952789      -6.44290876               1
      210040      220038   72.3943939      -6.44290876               1
      210040      220039   95.6400299      -6.44290876               1
      210040      230039   71.8870926      -6.44290876               1
      210040      240039   62.7628479      -6.44290876               1
      210040      250038   34.6501617      -6.44290876               1
      210040      250039   57.8957939      -6.44290876               1
      210040      260038   31.5581341      -6.44290876               1
      210040      260039   54.8037682      -6.44290876               1
      210040      270038   29.3494587      -6.44290876               1
      210040      270039   52.5950928      -6.44290876               1
      210040      280038   27.6239700      -6.44290876               1
      210040      280039   50.8696060      -6.44290876               1
      210040      290038   26.1685810      -6.44290876               1
      210040      290039   49.4142151      -6.44290876               1
      210040      300039   48.0975266      -6.44290876               1
