         792
       10020       20011   50.4298553      -6.55527687               1
       10020       20012   51.1782303      -6.61248207               1
       10020       20013   52.0044823      -6.64845705               1
       10020       20014   52.5490913      -6.61757135               1
       10020       20015   53.6473465      -6.57566786               1
       10020       20016   54.7843513      -6.49038649               1
       10020       20017   61.1674423      -6.52751446               1
       10020       20018   67.2019730      -5.93685675               1
       10020       20019   90.3258743      -3.77100849               1
       10020       30012   22.2592316      -7.14589739               1
       10020       30013   23.0854874      -7.20784712               1
       10020       30014   23.6300926      -7.12627029               1
       10020       30015   24.7283497      -7.01276922               1
       10020       30016   25.8653526      -6.81292343               1
       10020       30017   32.2484436      -6.81950474               1
       10020       30018   38.2829666      -5.73663759               1
       10020       30019   61.4069977      -2.62620258               1
       10022       20011   50.0998383      -6.56821585               1
       10022       20012   50.7068100      -6.62278652               1
       10022       20013   51.3396339      -6.66309786               1
       10022       20014   51.7163582      -6.65118027               1
       10022       20015   52.3758011      -6.64728689               1
       10022       20016   52.9474602      -6.62773514               1
       10022       20017   55.6829758      -6.79584694               1
       10022       20018   57.6868935      -6.70149612               1
       10022       20019   62.1203346      -6.43868399               1
       10022       20020   77.1973190      -7.03523731               1
       10022       30012   21.7988472      -7.17977905               1
       10022       30013   22.4316692      -7.25632668               1
       10022       30014   22.8083973      -7.21950579               1
       10022       30015   23.4678364      -7.19484663               1
       10022       30016   24.0394974      -7.13876295               1
       10022       30017   26.7750168      -7.43616867               1
       10022       30018   28.7789307      -7.20245695               1
       10022       30019   33.2123680      -6.64402199               1
       10022       30020   48.2893677      -7.53358507               1
       10022       30021   78.5065079      -6.98878336               1
       10022       40021   66.0530777      -6.92947340               1
       10022       50021   63.9203148      -7.07557011               1
       10022       60021   61.3511391      -6.98028088               1
       10022       70021   60.0068436      -6.98404551               1
       10022       80021   59.2559814      -6.96581078               1
       10022       90021   58.6779480      -6.98521709               1
       10022      100021   57.6884956      -6.94582176               1
       10022      110021   57.3146362      -6.95996666               1
       10022      120021   56.7076645      -6.91536379               1
       10020       20021   114.196960      -6.45523596               1
       10022       20021   107.414474      -6.77724743               1
       20021       30012   49.9392548      -4.67927885               1
       20021       30013   50.7144051      -4.75197649               1
       20021       30014   51.1912727      -4.75023127               1
       20021       30015   52.0748825      -4.76872730               1
       20021       30016   52.9048386      -4.75980330               1
       20021       30017   57.1819954      -5.08604765               1
       20021       30018   60.6774864      -4.95555162               1
       20021       30019   70.0706329      -4.45573425               1
       20021       30020   113.299171      -5.59136772               1
       20021       40020   78.3327332      -6.04609489               1
       20021       50020   73.8807526      -6.39106131               1
       20021       60020   69.5243607      -6.34169769               1
       20021       70020   67.5372849      -6.37565422               1
       20021       80020   66.5171356      -6.36171532               1
       20021       90020   65.7718201      -6.38697958               1
       20021      100020   64.5487061      -6.34529781               1
       20021      110020   64.0952225      -6.36022806               1
       10020       20023   61.3776245      -6.44064617               1
       10022       20023   96.3214111      -5.45392752               1
       20023       30012   49.3973465      -4.62614250               1
       20023       30013   49.9667854      -4.67903852               1
       20023       30014   50.2767601      -4.67673302               1
       20023       30015   50.7596321      -4.68309832               1
       20023       30016   51.1268616      -4.67492723               1
       20023       30017   52.7072830      -4.79586697               1
       20023       30018   53.7253036      -4.75407219               1
       20023       30019   55.5883217      -4.63801479               1
       20023       30020   60.5104408      -4.82395744               1
       20023       30021   66.9377747      -4.60421562               1
       10020       30022   48.2737617      -7.53561687               1
       20021       30022   106.519592      -5.86125612               1
       20023       30022   95.4588318      -4.42051983               1
       30022       40020   63.3159218      -5.44439030               1
       30022       40021   93.5410919      -5.66162491               1
       30022       50014   20.8465176      -6.26847696               1
       30022       50015   21.5492020      -6.26469707               1
       30022       50016   22.1390743      -6.22343493               1
       30022       50020   46.4845276      -7.10739803               1
       30022       50021   76.7096939      -6.71703911               1
       30022       60021   66.1589661      -6.75946045               1
       30022       70021   62.4502106      -6.89811707               1
       30022       80021   60.8443718      -6.90062666               1
       30022       90020   29.5770760      -7.81099939               1
       30022       90021   59.8022270      -6.95466375               1
       30022      100020   28.0667362      -7.79117727               1
       30022      100021   58.2918892      -6.92293215               1
       30022      110020   27.5640221      -7.86346483               1
       30022      110021   57.7891731      -6.94985819               1
       30022      120021   57.0336037      -6.90324593               1
       10022       30024   42.5697289      -6.53956938               1
       20021       30024   59.9443626      -4.85738373               1
       20023       30024   126.066917      -6.21856880               1
       30024       50023   96.2997971      -7.01105165               1
       30024       60023   85.7755432      -7.08152628               1
       30024       70023   82.0979385      -7.20201921               1
       30024       80023   80.5224075      -7.21052837               1
       30024       90023   79.5167084      -7.25428724               1
       30024      100023   78.1061478      -7.24006844               1
       30024      110023   77.6596222      -7.26124907               1
       30024      120023   77.0221405      -7.23682451               1
       30024      130023   76.4249344      -7.22019243               1
       30024      140023   76.1205063      -7.23088980               1
       30024       40023   113.122017      -6.09481430               1
       40023       50014   77.1841202      -6.67717218               1
       40023       50015   77.7465439      -6.66731691               1
       40023       50016   78.1459579      -6.65103292               1
       40023       50017   79.8049164      -6.69337273               1
       40023       50018   80.8518829      -6.64036083               1
       40023       50019   82.7406006      -6.51868963               1
       40023       50020   87.6897736      -6.54169607               1
       40023       50021   94.1298065      -6.26758385               1
       40023       50022   122.667732      -5.73796606               1
       40023       60015   23.6565208      -5.74294615               1
       40023       60016   24.0559349      -5.70539570               1
       40023       60020   33.5997581      -5.68864822               1
       20023       40025   41.9849892      -7.00684071               1
       30024       40025   96.4765854      -5.49596691               1
       40025       50014   76.7713699      -6.67753839               1
       40025       50015   77.1940765      -6.67199230               1
       40025       50016   77.4560165      -6.66274738               1
       40025       50017   78.4200974      -6.69750404               1
       40025       50018   78.9507370      -6.67801332               1
       40025       50019   79.7436829      -6.64191246               1
       40025       50020   81.3803558      -6.68438959               1
       40025       50021   82.9347916      -6.64429426               1
       40025       50022   87.3367233      -6.66310978               1
       40025       50023   104.191299      -7.06505680               1
       40025       60015   23.1225414      -5.73989439               1
       40025       60016   23.3844833      -5.71971416               1
       40025       60017   24.3485603      -5.86899471               1
       40025       60018   24.8792019      -5.82481575               1
       40025       60019   25.6721516      -5.73903036               1
       40025       60020   27.3088226      -5.91972446               1
       40025       60021   28.8632565      -5.84569645               1
       40025       60022   33.2651825      -6.00077295               1
       40025       60023   50.1197472      -7.05909395               1
       40025       60024   82.6172180      -6.35094404               1
       40025       70024   70.6273880      -6.62997913               1
       40025       80024   66.7902222      -6.59846783               1
       40025       90024   64.7654724      -6.67308092               1
       40025      100023   29.9187908      -8.09491348               1
       40025      100024   62.4162292      -6.61826420               1
       40025      110024   61.7793198      -6.65161324               1
       40025      120024   60.9602661      -6.60514307               1
       40025      130024   60.2480011      -6.57132530               1
       40025      140024   59.9173851      -6.58191061               1
       40025      150024   59.4946823      -6.58842754               1
       20023       50024   86.6843567      -7.18602371               1
       40023       50024   153.310593      -6.95401907               1
       40025       50024   136.688766      -6.63562012               1
       30024       50026   37.8649826      -6.16193342               1
       40023       50026   87.9777908      -6.76231718               1
       40025       50026   117.941643      -6.72086859               1
       50026       60015   42.3191109      -3.75547194               1
       50026       60016   42.5472298      -3.75319791               1
       50026       60017   43.3248940      -3.84612727               1
       50026       60018   43.7204323      -3.84118509               1
       50026       60019   44.2526245      -3.82664442               1
       50026       60020   45.2136726      -3.91784382               1
       50026       60021   45.9978065      -3.91524577               1
       50026       60022   47.8707619      -4.02095985               1
       50026       60023   53.4026527      -4.51209593               1
       50026       60024   60.3266068      -4.48372173               1
       50026       70024   33.6937332      -5.90739918               1
       50026      120024   19.5192738      -6.24465561               1
       50026      150024   18.0075321      -6.19516659               1
       30024       60025   69.1300507      -6.48337221               1
       40023       60025   50.0932808      -7.05895281               1
       50026       60025   83.3652344      -5.26245451               1
       60025       70016   54.8514748      -9.16989326               1
       60025       70017   55.9215393      -9.17746353               1
       60025       70018   56.4892044      -9.12414169               1
       60025       70019   57.3134689      -9.03766441               1
       60025       70020   58.9814911      -9.02992535               1
       60025       70021   60.5501251      -8.91366673               1
       60025       70022   64.9703598      -8.78514004               1
       60025       70023   81.8491135      -8.86076069               1
       60025       70024   114.358215      -7.83691597               1
       60025       80017   23.7082996      -8.11901093               1
       60025       80018   24.2759686      -8.01968384               1
       60025       80019   25.1002369      -7.85849380               1
       60025       80020   26.7682590      -7.91491985               1
       60025       80021   28.3369007      -7.72822237               1
       60025       80022   32.7571411      -7.63326597               1
       60025       80023   49.6358833      -8.14966106               1
       60025       80024   82.1450577      -7.00573492               1
       60025       90018   14.5394554      -8.74851990               1
       60025       90019   15.3637228      -8.44607544               1
       60025       90020   17.0317440      -8.47721291               1
       60025       90021   18.6003838      -8.14536667               1
       60025       90022   23.0206223      -7.93015242               1
       60025       90023   39.8993683      -8.44696903               1
       60025       90024   72.4085388      -7.01574087               1
       60025      100023   32.5366249      -8.13498020               1
       60025      100024   65.0458145      -6.69767570               1
       60025      110023   31.0736713      -8.31636238               1
       60025      110024   63.5828514      -6.75324917               1
       60025      120023   29.5348930      -8.18606567               1
       60025      120024   62.0440826      -6.65245676               1
       60025      130023   28.3477745      -8.09617996               1
       60025      130024   60.8569717      -6.58067179               1
       60025      140023   27.8586159      -8.14361572               1
       60025      140024   60.3678093      -6.59028196               1
       60025      150024   59.8159752      -6.59512568               1
       50026       60027   83.6986084      -5.27122021               1
       60027       70016   54.5174789      -9.17703819               1
       60027       70017   55.3035545      -9.17709160               1
       60027       70018   55.6799164      -9.13873005               1
       60027       70019   56.1530533      -9.08535194               1
       60027       70020   56.9434814      -9.07154751               1
       60027       70021   57.5388527      -9.01508617               1
       60027       70022   58.8432312      -8.96246910               1
       60027       70023   62.2304497      -8.95279694               1
       60027       70024   65.7132492      -8.68464375               1
       60027       70025   74.1429596      -8.47912693               1
       60027       80024   33.5125427      -7.46223211               1
       60027       80026   63.7906723      -7.27760792               1
       60027       90026   54.0686569      -7.33946609               1
       60027      100026   46.7437134      -6.95025253               1
       60027      110026   45.3007927      -7.03603125               1
       60027      120026   43.8020477      -6.90778255               1
       60027      130026   42.6632729      -6.81644058               1
       60027      140026   42.2078552      -6.83193493               1
       60027      150026   41.7226868      -6.84237719               1
       60027      160026   41.4739380      -6.86099815               1
       60027      170026   40.6878662      -6.81618118               1
       60025       70026   95.6355591      -8.17807007               1
       60027       70026   95.9913559      -8.17637253               1
       70026       80017   71.4522018      -6.07919073               1
       70026       80018   71.9141312      -6.06239557               1
       70026       80019   72.5010376      -6.03595018               1
       70026       80020   73.5153885      -6.06531715               1
       70026       80021   74.3232422      -6.04039478               1
       70026       80022   76.2262573      -6.05556011               1
       70026       80023   81.7971649      -6.24139500               1
       70026       80024   88.7398529      -6.08718967               1
       70026       80025   111.799576      -6.33805466               1
       70026       90018   31.2569447      -7.57076740               1
       70026       90019   31.8438454      -7.48275614               1
       70026       90020   32.8582001      -7.50379658               1
       70026       90021   33.6660500      -7.41425896               1
       70026       90022   35.5690651      -7.37325478               1
       70026       90023   41.1399918      -7.56430912               1
       70026       90024   48.0826569      -7.08869696               1
       70026       90025   71.1423950      -7.15830517               1
       70026      100024   27.6463680      -6.36709070               1
       70026      110024   24.5299759      -6.82653761               1
       70026      120024   21.8068733      -6.47213554               1
       70026      130024   19.9322433      -6.16938686               1
       70026      140024   19.2468662      -6.21077108               1
       70026      150024   18.5805340      -6.23042488               1
       60025       70028   66.6415100      -8.64929104               1
       60027       70028   88.0321350      -7.75709009               1
       70028       80017   71.1438446      -6.07047319               1
       70028       80018   71.5204086      -6.05648851               1
       70028       80019   71.9618683      -6.03657770               1
       70028       80020   72.6452637      -6.05493689               1
       70028       80021   73.1249313      -6.03774309               1
       70028       80022   74.1042252      -6.04540157               1
       70028       80023   76.4159546      -6.12743092               1
       70028       80024   78.5120239      -6.05815315               1
       70028       80025   82.8153763      -6.07316780               1
       70028       80026   90.7105103      -6.10278130               1
       70028       90018   30.8719292      -7.57537174               1
       70028       90020   31.9967804      -7.51845312               1
       70028       90021   32.4764481      -7.45812321               1
       70028       90023   35.7674789      -7.51904631               1
       70028       90024   37.8635368      -7.29835749               1
       70028       90027   63.5593872      -6.45249128               1
       70028      100027   43.1454201      -5.69012690               1
       70028      110027   40.0406036      -5.91867304               1
       70028      120027   37.3402557      -5.64851856               1
       70028      130027   35.4925690      -5.43775558               1
       70028      140027   34.8253937      -5.44572544               1
       70028      150027   34.1935272      -5.44195366               1
       70028      160027   33.9037666      -5.45893478               1
       70028      170027   33.0640640      -5.36945581               1
       70028      180027   32.6874962      -5.39197874               1
       50026       80027   50.6130943      -6.59226322               1
       70026       80027   112.157875      -6.34228325               1
       70028       80027   104.207901      -5.84804773               1
       80027       90018   75.3351898      -6.73580313               1
       80027       90019   75.8726120      -6.70789337               1
       80027       90020   76.7237930      -6.72264576               1
       80027       90021   77.3456345      -6.69721651               1
       80027       90022   78.6829376      -6.69638634               1
       80027       90023   82.1120453      -6.78438187               1
       80027       90024   85.6147079      -6.66629505               1
       80027       90025   94.0664597      -6.68544388               1
       80027       90026   115.932930      -6.77319241               1
       80027      100026   58.4143791      -6.48131037               1
       80027      110026   51.9341888      -7.07314825               1
       80027      120026   47.2282181      -6.90178108               1
       80027      130026   44.2927399      -6.74950695               1
       80027      140026   43.3121147      -6.79542112               1
       80027      150026   42.4551239      -6.82324457               1
       80027      160026   42.0857010      -6.85444021               1
       80027      170026   41.0544739      -6.80389977               1
       70026       80029   85.1088943      -6.28942537               1
       70028       80029   116.146889      -6.16245699               1
       80029       90018   75.0425110      -6.74072933               1
       80029       90019   75.4817886      -6.71986628               1
       80029       90020   76.1233597      -6.73396397               1
       80029       90021   76.5523529      -6.71827745               1
       80029       90022   77.3902359      -6.72543335               1
       80029       90023   79.2655945      -6.79672480               1
       80029       90024   80.8652115      -6.75325441               1
       80029       90025   83.9291000      -6.78414917               1
       80029       90026   88.8923569      -6.85285902               1
       80029       90027   95.1843262      -6.79948711               1
       80029      100028   62.4373856      -6.13707781               1
       80029      110028   55.9669304      -6.64586020               1
       80029      120028   51.2798882      -6.44969177               1
       80029      130028   48.3665466      -6.28326130               1
       80029      140028   47.4005547      -6.31444550               1
       80029      150028   46.5705147      -6.32965755               1
       80029      160028   46.2235413      -6.35227394               1
       80029      170028   45.2905922      -6.29833412               1
       80029      180028   44.8943977      -6.32238197               1
       80029      190028   44.4551201      -6.35367203               1
       60027       90028   46.1094856      -6.39450884               1
       80027       90028   107.989418      -6.32808304               1
       80029       90028   119.936913      -6.58413506               1
       90028      100020   39.9031525      -3.13959384               1
       90028      100027   71.6504898      -4.12871695               1
       90028      110027   52.6012154      -5.73389912               1
       90028      120027   42.9986839      -5.54426956               1
       90028      130027   37.8454132      -5.27684689               1
       90028      140027   36.3064728      -5.35823965               1
       90028      150027   35.1148720      -5.39597225               1
       90028      160027   34.6570702      -5.43735361               1
       90028      170027   33.4979439      -5.34529352               1
       90028      180027   33.0208321      -5.38136005               1
       80027       90030   85.3677368      -6.66657114               1
       80029       90030   110.042366      -5.51526642               1
       70028      100029   55.0844078      -6.38729429               1
       90028      100029   83.6035156      -4.81100750               1
      100029      110020   80.5341568      -9.07269573               1
      100029      110021   81.0288010      -9.04014492               1
      100029      110022   81.9441681      -9.02135754               1
      100029      110023   83.9131317      -9.03912544               1
      100029      110024   85.5552673      -8.95407009               1
      100029      110026   93.6650085      -8.85968304               1
      100029      110027   99.9721909      -8.68242168               1
      100029      110028   124.740028      -8.10158062               1
      100029      120028   74.6986923      -7.21968031               1
      100029      130028   56.0714760      -6.24539471               1
      100029      140028   51.6478615      -6.29420662               1
      100029      150028   48.9246445      -6.31753397               1
      100029      160028   48.0748215      -6.37198830               1
      100029      170028   46.2819939      -6.28236246               1
      100029      180028   45.6322708      -6.32294798               1
      100029      190028   45.0077324      -6.36649323               1
       90030      100031   101.966408      -6.24536228               1
      100031      110020   79.9870071      -9.08397579               1
      100031      110021   80.3378448      -9.05920887               1
      100031      110022   80.9221649      -9.04665756               1
      100031      110023   82.0208588      -9.05859566               1
      100031      110024   82.8131256      -9.01590061               1
      100031      110025   84.1134033      -8.99441051               1
      100031      110026   85.8184509      -8.98016453               1
      100031      110027   87.3212738      -8.93330288               1
      100031      110028   90.8786774      -8.81018448               1
      100031      110029   97.9148102      -8.37141323               1
      100031      120021   30.3200474      -8.46881866               1
      100031      120024   32.7953262      -8.40402031               1
      100031      120030   93.1246567      -8.31675243               1
      100031      130030   74.5244370      -7.85847855               1
      100031      140030   70.1181412      -7.99549055               1
      100031      150030   67.4254684      -8.08037090               1
      100031      160030   66.5998459      -8.14095020               1
      100031      170030   64.9084778      -8.12892342               1
      100031      180030   64.3180771      -8.17275238               1
      100031      190030   63.7830200      -8.21487522               1
      100031      200030   63.1554527      -8.21650410               1
      100031      210030   62.8046112      -8.24333954               1
      100029      110030   114.879570      -7.20828342               1
      100031      110030   143.142456      -8.70124149               1
      110030      120021   62.8659897      -7.83112764               1
      110030      120022   63.5772858      -7.81924915               1
      110030      120023   64.9511566      -7.84968090               1
      110030      120024   65.9808044      -7.78704119               1
      110030      120025   67.7446136      -7.75925255               1
      110030      120026   70.2095718      -7.73581553               1
      110030      120027   72.6425781      -7.63516569               1
      110030      120028   79.3359222      -7.32010412               1
      110030      120029   97.3526764      -6.08815098               1
      110030      130029   53.1228142      -3.64142084               1
      110030      140029   44.8441925      -3.42434955               1
      100029      110032   89.9660187      -8.58917332               1
      100031      110032   129.709381      -7.81935978               1
      110032      120021   62.4532280      -7.84199333               1
      110032      120022   62.9818687      -7.83281279               1
      110032      120023   63.9021187      -7.85569048               1
      110032      120024   64.5187683      -7.81797409               1
      110032      120025   65.4682083      -7.80398655               1
      110032      120026   66.6193314      -7.79869366               1
      110032      120027   67.5203247      -7.76608276               1
      110032      120028   69.3928680      -7.68473101               1
      110032      120029   72.4664841      -7.41850662               1
      110032      120030   87.6681900      -7.57398510               1
      110032      130031   67.9921799      -5.58844090               1
       90030      120031   73.3508682      -7.90317154               1
      110030      120031   125.609650      -8.04141235               1
      110032      120031   112.203415      -6.94317102               1
      120031      130022   49.9573212      -7.20947552               1
      120031      130023   51.1780128      -7.27868128               1
      120031      130024   52.0230446      -7.23652554               1
      120031      130025   53.3783112      -7.24784088               1
      120031      130026   55.1261368      -7.28219557               1
      120031      130027   56.6461868      -7.25553799               1
      120031      130028   60.2204285      -7.16923189               1
      120031      130029   67.2682648      -6.70171165               1
      120031      130030   112.520294      -7.79332161               1
      120031      140023   21.9051666      -6.98749352               1
      120031      140024   22.7502022      -6.90191174               1
      120031      140030   83.2474518      -7.89766741               1
      120031      150030   72.6395645      -8.00202942               1
      120031      160030   70.2779236      -8.13409519               1
      120031      170030   66.5610123      -8.08377171               1
      120031      180030   65.4549866      -8.15627861               1
      120031      190030   64.5868835      -8.21681309               1
      120031      200030   63.7030373      -8.21651936               1
      120031      210030   63.2548599      -8.25062656               1
      110030      120033   73.4766312      -7.52797127               1
      110032      120033   100.078743      -6.91998100               1
      120033      130022   49.4223824      -7.20393419               1
      120033      130023   50.2574959      -7.24708652               1
      120033      130024   50.7668152      -7.21491575               1
      120033      130025   51.4908485      -7.20964527               1
      120033      130026   52.2901917      -7.21319151               1
      120033      130027   52.8339806      -7.19111872               1
      120033      130028   53.8062325      -7.13568401               1
      120033      130029   55.1281395      -6.96942091               1
      120033      130030   60.4285660      -6.95724821               1
      120033      130031   66.0643616      -6.57735300               1
      120033      140031   36.8036537      -5.84591484               1
      120033      140032   57.7693138      -5.89317322               1
      120033      150032   47.1821747      -5.60365486               1
      120033      160032   44.8363724      -5.68425131               1
      120033      170031   20.2183876      -4.78190088               1
      120033      170032   41.1840401      -5.38985109               1
      120033      180032   40.1144829      -5.43353653               1
      120033      190032   39.2989578      -5.47133398               1
      120033      200032   38.5117683      -5.41874266               1
      120033      210032   38.1384506      -5.44241142               1
      120033      220031   16.6420155      -4.71657085               1
      120033      220032   37.6076698      -5.41875553               1
      120033      230032   36.7725601      -5.31923676               1
      120031      130032   99.1127625      -6.51643085               1
      120033      130032   87.0300140      -6.43251801               1
      130032      140023   50.0624123      -6.47750282               1
      130032      140024   50.7591438      -6.44699097               1
      130032      140025   51.7906380      -6.46005106               1
      130032      140026   53.0047836      -6.48860455               1
      130032      140027   53.9307976      -6.47135925               1
      130032      140028   55.8274689      -6.41509819               1
      130032      140029   58.9176140      -6.15364027               1
      130032      140030   74.1537018      -6.59946299               1
      130032      140031   98.7053757      -6.12476301               1
      130032      150031   66.7773132      -5.90319300               1
      120031      130034   60.2101173      -6.83333111               1
      120033      130034   91.4903336      -5.41982126               1
      130034      140023   49.5123138      -6.47300577               1
      130034      140024   50.0194664      -6.45270348               1
      130034      140025   50.7057877      -6.46399069               1
      130034      140026   51.4247780      -6.48519135               1
      130034      140027   51.8786354      -6.47781801               1
      130034      140028   52.6278648      -6.45172930               1
      130034      140029   53.5527267      -6.34932423               1
      130034      140030   56.8904610      -6.38882256               1
      130034      140031   59.8236198      -6.18854189               1
      130034      140032   67.4720612      -6.13590240               1
      130034      150024   18.1051731      -6.21241522               1
      130034      150032   35.5577774      -5.72921371               1
      130034      150033   59.1833878      -4.12769747               1
      130034      160033   53.9845543      -4.16666460               1
      130034      170033   47.4532661      -3.54237676               1
      130034      180033   45.7460365      -3.53795028               1
      130034      190033   44.5645599      -3.53243184               1
      130034      200033   43.5306282      -3.42285872               1
      130034      210033   43.0752411      -3.42676258               1
      130034      220033   42.4705887      -3.37052965               1
      130034      230033   41.5854225      -3.22424984               1
      130034      240033   41.0782700      -3.20886254               1
      110032      140033   47.6007729      -5.32849407               1
      130032      140033   86.6174088      -5.98554325               1
      130034      140033   91.0976181      -4.98997355               1
      140033      150024   32.6089706      -4.22021532               1
      140033      150025   33.4113274      -4.28399944               1
      140033      150026   34.2697983      -4.36545324               1
      140033      150027   34.8366508      -4.37849712               1
      140033      150028   35.8307762      -4.37327719               1
      140033      150029   37.1674652      -4.22435379               1
      140033      150030   42.4982986      -4.55312443               1
      140033      150031   48.1485214      -4.31337500               1
      140033      150032   69.1306915      -4.81900501               1
      140033      160030   29.5449638      -5.78299093               1
      140033      160031   35.1951752      -5.25756121               1
      140033      160032   56.1773567      -5.52712679               1
      140033      170031   23.8985462      -4.51374960               1
      140033      170032   44.8807220      -5.19890499               1
      140033      180031   21.3368759      -4.79283285               1
      140033      180032   42.3190575      -5.38109064               1
      140033      190031   19.7262478      -4.96773720               1
      140033      190032   40.7084312      -5.48911905               1
      140033      200031   18.4188309      -4.80721998               1
      140033      200032   39.4010124      -5.43138218               1
      140033      210031   17.8664627      -4.88614941               1
      140033      210032   38.8486443      -5.47655678               1
      140033      220031   17.1536179      -4.80783844               1
      140033      220032   38.1357994      -5.45236826               1
      140033      230032   37.1092491      -5.33297539               1
      130032      140035   61.7690430      -6.48398209               1
      130034      140035   87.5151291      -5.21516895               1
      140035      150024   32.2815361      -4.23631144               1
      140035      150025   32.9446220      -4.30447245               1
      140035      150026   33.6140976      -4.38874769               1
      140035      150027   34.0156364      -4.41292524               1
      140035      150028   34.6442070      -4.43482256               1
      140035      150029   35.3751411      -4.37618589               1
      140035      150030   37.8588028      -4.62843084               1
      140035      150031   39.8455734      -4.57688856               1
      140035      150032   44.2869797      -4.85669899               1
      140035      150033   54.3147583      -4.59381914               1
      140035      160034   57.0856667      -4.35098171               1
      140035      170034   45.8105621      -3.73968220               1
      140035      180034   43.2607155      -3.83026004               1
      140035      190034   41.6665421      -3.87377691               1
      140035      200034   40.3880653      -3.76530838               1
      140035      210034   39.8570786      -3.78406119               1
      140035      220034   39.1880951      -3.72885132               1
      140035      230034   38.2599525      -3.57105803               1
      140035      240034   37.7520981      -3.55659127               1
      140035      250034   37.0890160      -3.48389482               1
      120033      150034   51.6425972      -3.88114309               1
      140033      150034   73.6125565      -3.65854192               1
      140035      150034   70.0336304      -3.86990380               1
      150034      160025   56.9254036      -5.64432907               1
      150034      160026   57.7176743      -5.67509174               1
      150034      160027   58.1990204      -5.67480993               1
      150034      160028   58.9733887      -5.66155291               1
      150034      160029   59.9147186      -5.58093119               1
      150034      160030   63.2855453      -5.65788984               1
      150034      160031   66.2341080      -5.50869656               1
      150034      160032   73.8999710      -5.53155899               1
      150034      160033   97.5414886      -4.60764217               1
      150034      170026   16.5463085      -3.78748918               1
      150034      170027   17.0276566      -3.83988595               1
      150034      170028   17.8020248      -3.87578750               1
      150034      170029   18.7433586      -3.70775795               1
      150034      170030   22.1141739      -4.21351957               1
      150034      170031   25.0627518      -3.98916793               1
      150034      170032   32.7286072      -4.39670181               1
      150034      170033   56.3702049      -3.27393770               1
      150034      180032   26.3815842      -5.07089806               1
      150034      180033   50.0231590      -3.48704147               1
      150034      190033   46.9150009      -3.57642937               1
      150034      200033   44.8466911      -3.44029212               1
      150034      210033   44.0750542      -3.47496748               1
      150034      220033   43.1797523      -3.41573358               1
      150034      230033   42.0162392      -3.24138260               1
      150034      240033   41.4033127      -3.22857046               1
      140033      150036   43.3423157      -4.40859032               1
      140035      150036   62.5178642      -2.58680439               1
      150036      160025   56.4027176      -5.64713430               1
      150036      160026   57.0090103      -5.67691326               1
      150036      160027   57.3417892      -5.68131828               1
      150036      160028   57.8184700      -5.68061447               1
      150036      160029   58.3251534      -5.64353180               1
      150036      160030   59.9137039      -5.70427132               1
      150036      160031   61.0600128      -5.65611935               1
      150036      160032   63.2823219      -5.70040226               1
      150036      160033   67.2893753      -5.51697540               1
      150036      160034   71.3658676      -5.16687918               1
      150036      170026   15.8663921      -3.71726871               1
      150036      170027   16.1991730      -3.77311802               1
      150036      170028   16.6758518      -3.82522321               1
      150036      170029   17.1825371      -3.75406075               1
      150036      170031   19.9173908      -4.05209303               1
      150036      170032   22.1396923      -4.33967447               1
      150036      170035   45.3322067      -1.70672703               1
      150036      180035   39.0006866      -1.72518647               1
      150036      190035   35.9136658      -1.68931103               1
      150036      200035   33.8815193      -1.39939117               1
      150036      210035   33.1358452      -1.39869988               1
      150036      220035   32.2922859      -1.26867688               1
      150036      230035   31.2404556     -0.977946877               1
      150036      240035   30.7141323     -0.919944108               1
      150036      250035   30.0721416     -0.781840622               1
      150036      260035   29.4658661     -0.624117494               1
      130034      160035   50.4020538      -4.49916077               1
      150034      160035   93.9706726      -4.80227995               1
      150036      160035   86.4746246      -3.95520091               1
      160035      170026   33.4150658      -2.32138038               1
      160035      170027   33.8506203      -2.37327623               1
      160035      170028   34.5093918      -2.43475294               1
      160035      170029   35.2596397      -2.41647077               1
      160035      170030   37.7813454      -2.80279684               1
      160035      170031   39.7856102      -2.84223747               1
      160035      170032   44.2465439      -3.29856110               1
      160035      170033   54.2920151      -3.32389092               1
      160035      170034   70.0177765      -2.88473630               1
      160035      180034   51.7830391      -3.57922983               1
      160035      190034   45.6189346      -3.87581062               1
      160035      200034   42.3537445      -3.74392533               1
      160035      210034   41.2770805      -3.83041620               1
      160035      220034   40.1492119      -3.77941632               1
      160035      230034   38.8148613      -3.58443379               1
      160035      240034   38.1616974      -3.57624316               1
      160035      250034   37.3657494      -3.49925375               1
      150034      160037   66.9151993      -5.59978676               1
      150036      160037   119.323616      -6.70241976               1
      160037      170026   32.8255119      -2.24842930               1
      160037      170027   33.1424637      -2.29249907               1
      160037      170028   33.5740509      -2.34317017               1
      160037      170029   34.0113907      -2.34140706               1
      160037      170030   35.3283653      -2.58548474               1
      160037      170031   36.2357063      -2.62816644               1
      160037      170032   37.8909912      -2.88197637               1
      160037      170033   40.6218681      -2.99438763               1
      160037      170034   42.9995689      -2.92293215               1
      160037      170035   49.5386276      -2.67575979               1
      160037      180035   31.3184795      -3.70249820               1
      160037      180036   77.1859589      -6.92025137               1
      160037      190036   71.0416183      -7.39929342               1
      160037      200036   67.8096924      -7.48669624               1
      160037      210036   66.7566605      -7.59900141               1
      160037      220036   65.6752625      -7.63177156               1
      160037      230036   64.4395370      -7.59597826               1
      160037      240036   63.8614960      -7.62731886               1
      160037      250035   17.3216228      -3.69384980               1
      160037      250036   63.1891861      -7.63063478               1
      160037      260036   62.5806770      -7.62116575               1
      160037      270036   62.2637215      -7.62505817               1
      140035      170036   38.2948418      -1.61941242               1
      160035      170036   62.5198212      -1.48342526               1
      160037      170036   95.4058838      -5.77262068               1
      170036      180027   63.3354301      -5.46389675               1
      170036      180028   63.8865623      -5.46840096               1
      170036      180029   64.4388657      -5.43558359               1
      170036      180030   66.1143265      -5.50221252               1
      170036      180031   67.2996750      -5.46218252               1
      170036      180032   69.5646973      -5.51206446               1
      170036      180033   73.6096878      -5.35607386               1
      170036      180034   77.7006149      -5.04288340               1
      170036      180035   92.8215790      -3.93386984               1
      170036      190035   53.6287766      -3.51130390               1
      170036      200035   41.0090904      -2.21306753               1
      170036      210035   37.8254738      -2.26297665               1
      170036      220035   35.2077026      -1.93348682               1
      170036      240035   31.7945290      -1.18398476               1
      170036      250035   30.7694435     -0.965251982               1
      170036      260035   29.9073467     -0.735909462               1
      160035      170038   42.3829575      -2.68463111               1
      160037      170038   79.3177643      -4.66805696               1
      170038      180027   62.9037895      -5.46533108               1
      170038      180028   63.3304291      -5.47414446               1
      170038      180029   63.7213135      -5.45618296               1
      170038      180030   64.8122253      -5.51772261               1
      170038      180031   65.5124893      -5.50663090               1
      170038      180032   66.6896210      -5.56412888               1
      170038      180033   68.4421539      -5.54916334               1
      170038      180034   69.7627640      -5.48244619               1
      170038      180035   72.7142410      -5.31305265               1
      170038      180036   88.3111038      -6.09443140               1
      170038      190037   70.4659882      -6.61271238               1
      170038      200037   57.8687782      -6.36907434               1
      170038      220037   52.1138496      -6.64109707               1
      170038      240037   48.8118553      -6.47979164               1
      170038      250037   47.8632660      -6.45106506               1
      170038      260037   47.0941238      -6.40526533               1
      170038      270037   46.7413979      -6.39699364               1
      170038      280037   46.3147583      -6.39352465               1
      150036      180037   71.8495331      -7.30715179               1
      160035      180037   31.2727852      -3.69842696               1
      170036      180037   125.704857      -6.54818344               1
      170038      180037   109.645172      -5.86249590               1
      180037      190028   45.1237373      -4.68803263               1
      180037      190029   45.6204185      -4.66200304               1
      180037      190030   47.0488243      -4.79131222               1
      180037      190031   48.0057602      -4.78182411               1
      180037      190032   49.7148666      -4.90916777               1
      180037      190035   61.4428444      -4.35932398               1
      180037      190036   107.339561      -6.39353371               1
      180037      200036   79.8218231      -6.86530495               1
      180037      210036   74.0993042      -7.46301746               1
      180037      220036   70.0103607      -7.62503195               1
      180037      230036   66.6076508      -7.54745245               1
      180037      240036   65.3647766      -7.61858559               1
      180037      250035   18.2494793      -3.89127111               1
      180037      250036   64.1463165      -7.63012314               1
      180037      260036   63.1825676      -7.61595488               1
      180037      270036   62.7461357      -7.62020874               1
      170036      180039   73.3393631      -5.40223837               1
      170038      180039   92.5594025      -4.76439333               1
      180039      190028   44.5385323      -4.64235115               1
      180039      190029   44.8773766      -4.62255573               1
      180039      190030   45.7547150      -4.69635582               1
      180039      190031   46.2778625      -4.68541622               1
      180039      190032   47.0816154      -4.74216080               1
      180039      190033   48.1474266      -4.72782421               1
      180039      190036   55.0078926      -4.71826744               1
      180039      190037   59.3537483      -4.43116760               1
      180039      200038   46.7386703      -3.55936313               1
      180039      210038   41.0342560      -4.17837524               1
      180039      220038   36.9802513      -4.12611818               1
      180039      230038   33.6493416      -3.63350391               1
      180039      250037   16.4480476      -4.17322397               1
      180039      250038   31.3243847      -3.51223683               1
      180039      260037   15.5842400      -3.93556404               1
      180039      260038   30.4605808      -3.37190080               1
      180039      270037   15.2191515      -3.86346078               1
      180039      270038   30.0954914      -3.32860065               1
      180039      280037   14.8152170      -3.79629397               1
      180039      280038   29.6915588      -3.28781009               1
      180039      290038   29.3527145      -3.30243874               1
      180037      190038   91.2807312      -5.54294157               1
      180039      190038   74.2300797      -4.10054350               1
      190038      200036   65.4350128      -3.12566996               1
      190038      200037   86.7794800      -3.56197309               1
      190038      210037   67.3285751      -5.70370626               1
      190038      220037   58.3031120      -6.29181004               1
      190038      250037   48.8680496      -6.38840532               1
      190038      260037   47.6858063      -6.36144924               1
      190038      270037   47.2031708      -6.36168194               1
      190038      280037   46.6756706      -6.36507511               1
      180039      190040   86.5324097      -5.33638239               1
      190040      200038   57.3899422      -1.67826200               1
      190040      210039   62.6155701      -5.43004942               1
      190040      220039   53.6139374      -6.02465105               1
      190040      230039   47.7172279      -5.90482521               1
      190040      240039   45.8949852      -6.05932379               1
      190040      250039   44.3175812      -6.08098173               1
      190040      260039   43.2003021      -6.04704618               1
      190040      270039   42.7630539      -6.04463959               1
      190040      280039   42.3140221      -6.04490662               1
      190040      290039   41.9607353      -6.07945681               1
      190040      300039   41.0896454      -6.02712250               1
      170038      200039   40.7830048      -4.08909512               1
      190038      200039   69.7226257      -1.54090953               1
      190040      200039   82.0539856      -3.22999310               1
      200039      210030   64.5267639      -6.36803484               1
      200039      210031   65.1283493      -6.34381008               1
      200039      210032   66.0132446      -6.36742449               1
      200039      210033   67.1476746      -6.33148146               1
      200039      210034   67.8548126      -6.27209044               1
      200039      210035   69.0878601      -6.14066219               1
      200039      210036   74.0905762      -6.17366743               1
      200039      210037   78.4521866      -5.87498999               1
      200039      210038   93.3489456      -5.38217163               1
      200039      220032   28.8612251      -7.80266762               1
      200039      220038   56.1968727      -5.46791792               1
      200039      230038   40.1264610      -3.90983653               1
      200039      250037   18.4960632      -4.49355221               1
      200039      250038   33.3928642      -3.73215795               1
      200039      260038   31.5768681      -3.47571826               1
      200039      270038   30.9354057      -3.40446854               1
      200039      280038   30.3321495      -3.34440875               1
      200039      290038   29.8854637      -3.36319852               1
      180039      210040   53.3366394      -6.16542673               1
      200039      210040   105.680969      -6.24531555               1
      210040      220031   57.7494507      -6.95444489               1
      210040      220032   58.5792885      -6.97708464               1
      210040      220033   59.5877762      -6.94295406               1
      210040      220034   60.1755867      -6.88983631               1
      210040      220035   61.1123810      -6.78237152               1
      210040      220036   64.5733719      -6.83595085               1
      210040      220037   67.1882172      -6.65552139               1
      210040      220038   73.9761810      -6.49547195               1
      210040      220039   98.6637268      -6.58228588               1
      210040      230039   58.8111725      -5.62003422               1
      210040      240039   51.6838074      -6.05573320               1
      210040      250038   22.5255070      -5.33237267               1
      210040      250039   47.2130394      -6.12197351               1
      210040      260038   19.9505501      -5.07193470               1
      210040      260039   44.6380806      -6.05112171               1
      210040      270038   19.1202354      -5.01600647               1
      210040      270039   43.8077660      -6.04527092               1
      210040      280038   18.4057789      -4.97227383               1
      210040      280039   43.0933075      -6.04365635               1
      210040      290038   17.9159966      -5.05369377               1
      210040      290039   42.6035271      -6.09021235               1
      210040      300039   41.5067024      -6.02670956               1
