         792
       10020       20011   51.2540855      -6.74909735               1
       10020       20012   51.8256454      -6.75731945               1
       10020       20013   52.4529686      -6.76028967               1
       10020       20014   53.0164032      -6.73130035               1
       10020       20015   54.1669846      -6.68617582               1
       10020       20016   55.2934723      -6.59799147               1
       10020       20017   60.0913086      -6.51273632               1
       10020       20018   66.3350754      -6.05507469               1
       10020       20019   91.7549438      -3.81518745               1
       10020       30012   21.9803276      -7.20633841               1
       10020       30013   22.6076527      -7.20077085               1
       10020       30014   23.1710835      -7.12373161               1
       10020       30015   24.3216648      -7.00466871               1
       10020       30016   25.4481525      -6.79896450               1
       10020       30017   30.2459869      -6.59770441               1
       10020       30018   36.4897537      -5.75117779               1
       10020       30019   61.9097748      -2.55627108               1
       10022       20011   50.9827766      -6.76763868               1
       10022       20012   51.4535370      -6.77940083               1
       10022       20013   51.9391212      -6.78943586               1
       10022       20014   52.3302841      -6.77767563               1
       10022       20015   53.0123291      -6.76985359               1
       10022       20016   53.5536308      -6.74602556               1
       10022       20017   55.3934555      -6.79592991               1
       10022       20018   57.1381798      -6.74845028               1
       10022       20019   60.6034660      -6.50144005               1
       10022       20020   75.9823532      -7.06668091               1
       10022       30012   21.6155167      -7.26507378               1
       10022       30013   22.1011009      -7.27798557               1
       10022       30014   22.4922638      -7.24212790               1
       10022       30015   23.1743107      -7.21056604               1
       10022       30016   23.7156124      -7.14669895               1
       10022       30017   25.5554390      -7.22602510               1
       10022       30018   27.3001595      -7.09916496               1
       10022       30019   30.7654457      -6.57308769               1
       10022       30020   46.1443367      -7.47994804               1
       10022       30021   76.9820709      -6.83403397               1
       10022       40021   64.4068909      -6.70367289               1
       10022       50021   61.7046280      -6.75409365               1
       10022       60021   59.6206017      -6.68553829               1
       10022       70021   58.4072533      -6.68056488               1
       10022       80021   57.6216927      -6.67296219               1
       10022       90021   57.1382523      -6.69275999               1
       10022      100021   56.1805153      -6.65905285               1
       10022      110021   55.8373184      -6.67745018               1
       10022      120021   55.3665581      -6.66575241               1
       10020       20021   114.360092      -6.84722233               1
       10022       20021   106.820099      -6.72049522               1
       20021       30012   50.7827034      -5.48892832               1
       20021       30013   51.3613358      -5.51257181               1
       20021       30014   51.8384666      -5.50746822               1
       20021       30015   52.7106133      -5.51399326               1
       20021       30016   53.4565887      -5.49404860               1
       20021       30017   56.2224350      -5.60530949               1
       20021       30018   59.1796265      -5.54817152               1
       20021       30019   66.7069473      -5.06234360               1
       20021       30020   113.653557      -6.26826429               1
       20021       40020   77.7940903      -6.65435076               1
       20021       50020   72.0756302      -6.86829376               1
       20021       60020   68.5058441      -6.84575224               1
       20021       70020   66.7162704      -6.87100315               1
       20021       80020   65.6429214      -6.87699223               1
       20021       90020   65.0145187      -6.90681458               1
       20021      100020   63.8390770      -6.88231707               1
       20021      110020   63.4291000      -6.90536261               1
       10020       20023   60.8654747      -6.66577053               1
       10022       20023   87.0113983      -6.50290298               1
       20023       30012   50.3916130      -5.47348547               1
       20023       30013   50.8385506      -5.49079895               1
       20023       30014   51.1697464      -5.48618889               1
       20023       30015   51.6885872      -5.48723173               1
       20023       30016   52.0521774      -5.47446012               1
       20023       30017   53.1475487      -5.51439095               1
       20023       30018   54.0561142      -5.49555349               1
       20023       30019   55.4828491      -5.39186144               1
       20023       30020   60.1795273      -5.57043934               1
       20023       30021   66.3044128      -5.40431833               1
       10020       30022   46.1343269      -7.48187542               1
       20021       30022   106.118042      -6.09971285               1
       20023       30022   86.3311920      -5.73835135               1
       30022       40020   58.6784706      -6.11237431               1
       30022       40021   89.5239716      -6.02751303               1
       30022       50014   16.3323326      -6.29943132               1
       30022       50015   17.0582981      -6.28802538               1
       30022       50016   17.6180592      -6.22563362               1
       30022       50020   40.1241188      -7.11974096               1
       30022       50021   70.9696045      -6.57486200               1
       30022       60021   63.3654709      -6.55548143               1
       30022       70021   60.4194870      -6.61281729               1
       30022       80021   58.8705559      -6.62455177               1
       30022       90020   27.1932621      -7.57725096               1
       30022       90021   58.0387383      -6.66782475               1
       30022      100020   25.8077450      -7.55374956               1
       30022      100021   56.6532211      -6.63487816               1
       30022      110020   25.3634262      -7.63223219               1
       30022      110021   56.2089005      -6.66302872               1
       30022      120021   55.6359100      -6.65352058               1
       10022       30024   37.5436363      -6.80096436               1
       20021       30024   59.7593193      -5.46641779               1
       20023       30024   121.862343      -6.63886881               1
       30024       50023   86.7537613      -7.24595213               1
       30024       60023   79.1696091      -7.29542828               1
       30024       70023   76.2494736      -7.36933470               1
       30024       80023   74.7272797      -7.39401770               1
       30024       90023   73.9205704      -7.43537760               1
       30024      100023   72.6237411      -7.42622137               1
       30024      110023   72.2268982      -7.45111132               1
       30024      120023   71.7372665      -7.45166683               1
       30024      130023   71.2801514      -7.45214367               1
       30024      140023   70.9592819      -7.46421528               1
       30024       40023   105.297829      -6.66251373               1
       40023       50014   76.2945786      -7.66131496               1
       40023       50015   76.8975830      -7.64509869               1
       40023       50016   77.2948761      -7.62450361               1
       40023       50017   78.4473038      -7.62118721               1
       40023       50018   79.3842087      -7.58320665               1
       40023       50019   80.8321228      -7.47384930               1
       40023       50020   85.5537186      -7.48497200               1
       40023       50021   91.6908798      -7.23618126               1
       40023       50022   111.728226      -7.16583061               1
       40023       60015   23.0274124      -6.48162174               1
       40023       60016   23.4247093      -6.43339634               1
       40023       60020   31.6835632      -6.36710739               1
       20023       40025   40.6424866      -6.84487486               1
       30024       40025   91.1448212      -6.09005356               1
       40025       50014   75.9712448      -7.66857719               1
       40025       50015   76.4425354      -7.65629053               1
       40025       50016   76.7199249      -7.64198732               1
       40025       50017   77.4345932      -7.64087772               1
       40025       50018   77.9479904      -7.62146711               1
       40025       50019   78.5950775      -7.57496166               1
       40025       50020   80.2047501      -7.57967615               1
       40025       50021   81.7356873      -7.50736856               1
       40025       50022   84.7233658      -7.50396681               1
       40025       50023   101.924133      -7.63604641               1
       40025       60015   22.5857773      -6.49699259               1
       40025       60016   22.8631687      -6.46306181               1
       40025       60017   23.5778351      -6.49515247               1
       40025       60018   24.0912380      -6.45676517               1
       40025       60019   24.7383289      -6.33948040               1
       40025       60020   26.3479958      -6.42931032               1
       40025       60021   27.8789406      -6.28048897               1
       40025       60022   30.8666210      -6.38990593               1
       40025       60023   48.0673714      -7.06863642               1
       40025       60024   79.2978134      -6.67830944               1
       40025       70024   67.7512436      -6.73612356               1
       40025       80024   63.4474564      -6.71165705               1
       40025       90024   61.5946999      -6.77463579               1
       40025      100023   28.0849209      -7.41189575               1
       40025      100024   59.3153610      -6.70934248               1
       40025      110024   58.7357216      -6.74554491               1
       40025      120024   58.0931015      -6.73799276               1
       40025      130024   57.5389786      -6.73042488               1
       40025      140024   57.1833267      -6.74166107               1
       40025      150024   56.7120399      -6.75051975               1
       20023       50024   80.3149567      -7.36940050               1
       40023       50024   147.287460      -7.56655216               1
       40025       50024   133.154556      -7.27051258               1
       30024       50026   33.9736481      -6.32039356               1
       40023       50026   87.0301590      -7.56884241               1
       40025       50026   116.140099      -7.27426291               1
       50026       60015   45.2999687      -5.47201538               1
       50026       60016   45.5509911      -5.46083975               1
       50026       60017   46.1492958      -5.48424149               1
       50026       60018   46.5501366      -5.47573090               1
       50026       60019   47.0056915      -5.44032955               1
       50026       60020   47.9926262      -5.47969770               1
       50026       60021   48.8151703      -5.43949032               1
       50026       60022   50.1630936      -5.48106813               1
       50026       60023   56.1725311      -5.74968958               1
       50026       60024   63.6726570      -5.73207235               1
       50026       70024   35.5386467      -6.20379114               1
       50026      120024   19.8285427      -6.34655094               1
       50026      150024   18.3726921      -6.37327337               1
       30024       60025   65.0165710      -6.63068819               1
       40023       60025   48.0468102      -7.06879091               1
       50026       60025   85.2826004      -5.96949244               1
       60025       70016   54.8701553      -7.93727827               1
       60025       70017   55.6638947      -7.93191576               1
       60025       70018   56.2147751      -7.90073633               1
       60025       70019   56.8887367      -7.83117056               1
       60025       70020   58.5284271      -7.83046436               1
       60025       70021   60.0737495      -7.72440624               1
       60025       70022   63.0733986      -7.70940208               1
       60025       70023   80.2943573      -7.83335924               1
       60025       70024   111.535019      -7.34158325               1
       60025       80017   21.6760845      -7.25865698               1
       60025       80018   22.2269669      -7.19648600               1
       60025       80019   22.9009323      -7.04440212               1
       60025       80020   24.5406208      -7.09528637               1
       60025       80021   26.0859470      -6.89459515               1
       60025       80022   29.0855980      -6.94763803               1
       60025       80023   46.3065491      -7.44586897               1
       60025       80024   77.5472260      -6.89465904               1
       60025       90018   13.1410751      -7.87902594               1
       60025       90019   13.8150387      -7.59362221               1
       60025       90020   15.4547262      -7.61615086               1
       60025       90021   17.0000496      -7.26085043               1
       60025       90022   19.9997005      -7.28305817               1
       60025       90023   37.2206612      -7.74772215               1
       60025       90024   68.4613266      -6.98561430               1
       60025      100023   30.2244949      -7.33039236               1
       60025      100024   61.4651756      -6.69365406               1
       60025      110023   28.9431171      -7.49861002               1
       60025      110024   60.1837921      -6.76099491               1
       60025      120023   27.7695618      -7.49047375               1
       60025      120024   59.0102386      -6.74249697               1
       60025      130023   26.8739338      -7.47764015               1
       60025      130024   58.1146126      -6.72503471               1
       60025      140023   26.3609524      -7.52111292               1
       60025      140024   57.6016273      -6.73822737               1
       60025      150024   56.9927750      -6.74760342               1
       50026       60027   89.5638580      -6.11957884               1
       60027       70016   54.5531425      -7.94848156               1
       60027       70017   55.1458282      -7.94278002               1
       60027       70018   55.5214806      -7.92056417               1
       60027       70019   55.9192467      -7.87843847               1
       60027       70020   56.7073250      -7.87054014               1
       60027       70021   57.3152046      -7.81822348               1
       60027       70022   58.2181702      -7.80472183               1
       60027       70023   61.7076416      -7.81935787               1
       60027       70024   65.3592758      -7.69565248               1
       60027       70025   73.1731033      -7.58730888               1
       60027       80024   31.3837299      -6.97415447               1
       60027       80026   64.8670425      -6.94922018               1
       60027       90026   55.7922745      -7.06893682               1
       60027      100026   48.8332672      -6.71433306               1
       60027      110026   47.5706863      -6.79893494               1
       60027      120026   46.4286385      -6.77728748               1
       60027      130026   45.5712128      -6.75644398               1
       60027      140026   45.0945168      -6.77225542               1
       60027      150026   44.5573502      -6.78351688               1
       60027      160026   44.2894516      -6.80225277               1
       60027      170026   43.6967697      -6.79390144               1
       60025       70026   94.5404358      -7.35898924               1
       60027       70026   98.8425751      -7.43487883               1
       70026       80017   66.6444550      -6.15661192               1
       70026       80018   67.1085358      -6.14581823               1
       70026       80019   67.6082993      -6.11474657               1
       70026       80020   68.6431808      -6.13348293               1
       70026       80021   69.4882965      -6.09624958               1
       70026       80022   70.8547058      -6.11336994               1
       70026       80023   76.8947296      -6.26128006               1
       70026       80024   84.4101791      -6.20253801               1
       70026       80025   106.035240      -6.29773998               1
       70026       90018   28.3366737      -7.61672354               1
       70026       90019   28.8364353      -7.51838303               1
       70026       90020   29.8713188      -7.51280975               1
       70026       90021   30.7164345      -7.39062881               1
       70026       90022   32.0828400      -7.37331104               1
       70026       90023   38.1228714      -7.47202969               1
       70026       90024   45.6383095      -7.16400433               1
       70026       90025   67.2633743      -7.00497246               1
       70026      100024   26.3217487      -6.04880571               1
       70026      110024   23.6635799      -6.41765881               1
       70026      120024   21.6397724      -6.36213923               1
       70026      130024   20.2695332      -6.28699303               1
       70026      140024   19.5714302      -6.33297157               1
       70026      150024   18.8444614      -6.35989857               1
       60025       70028   64.8776474      -7.63872004               1
       60027       70028   89.2407455      -7.02747583               1
       70028       80017   66.3345947      -6.15520859               1
       70028       80018   66.7038040      -6.14644957               1
       70028       80019   67.0654297      -6.12395048               1
       70028       80020   67.7154922      -6.13283873               1
       70028       80021   68.1794434      -6.10831261               1
       70028       80022   68.8074722      -6.11263752               1
       70028       80023   70.9402237      -6.16038275               1
       70028       80024   72.8925018      -6.13100100               1
       70028       80025   76.3870697      -6.12314177               1
       70028       80026   84.3574677      -6.11982012               1
       70028       90018   27.9397793      -7.63817930               1
       70028       90020   28.9514618      -7.55421734               1
       70028       90021   29.4154110      -7.47495127               1
       70028       90023   32.1761932      -7.47249317               1
       70028       90024   34.1284676      -7.33468056               1
       70028       90027   61.9866676      -6.49650955               1
       70028      100027   42.6958084      -5.50791025               1
       70028      110027   40.0504074      -5.68929720               1
       70028      120027   38.0477142      -5.62015772               1
       70028      130027   36.7026329      -5.55215836               1
       70028      140027   36.0277748      -5.56236601               1
       70028      150027   35.3451347      -5.56107092               1
       70028      160027   35.0375710      -5.57920361               1
       70028      170027   34.4161339      -5.54903889               1
       70028      180027   34.0469208      -5.55962563               1
       50026       80027   53.4189758      -6.62316561               1
       70026       80027   110.338287      -6.40704107               1
       70028       80027   100.750725      -5.94814301               1
       80027       90018   70.5597382      -7.21530199               1
       80027       90019   71.0127869      -7.18202353               1
       80027       90020   71.8591003      -7.18264580               1
       80027       90021   72.4939346      -7.14478064               1
       80027       90022   73.4186249      -7.14189434               1
       80027       90023   76.9433670      -7.18394804               1
       80027       90024   80.6124802      -7.11198711               1
       80027       90025   88.4434128      -7.07369280               1
       80027       90026   114.128929      -7.05712223               1
       80027      100026   58.3125572      -6.22989607               1
       80027      110026   52.7401161      -6.67087078               1
       80027      120026   49.2337646      -6.69675922               1
       80027      130026   47.1063118      -6.68287849               1
       80027      140026   46.1215553      -6.72575521               1
       80027      150026   45.1956978      -6.75354671               1
       80027      160026   44.7999229      -6.78393173               1
       80027      170026   44.0259247      -6.77752495               1
       70026       80029   78.5830994      -6.24000216               1
       70028       80029   114.361076      -6.41713142               1
       80029       90018   70.2681351      -7.22286320               1
       80029       90019   70.6299438      -7.19704056               1
       80029       90020   71.2374878      -7.19736004               1
       80029       90021   71.6504440      -7.17164230               1
       80029       90022   72.1801910      -7.17002106               1
       80029       90023   73.8573303      -7.19496489               1
       80029       90024   75.2961960      -7.16671181               1
       80029       90025   77.6786194      -7.15285206               1
       80029       90026   82.3836365      -7.14767218               1
       80029       90027   89.4978790      -7.07638025               1
       80029      100028   62.3689194      -6.25932121               1
       80029      110028   56.8066673      -6.67096853               1
       80029      120028   53.3170013      -6.69498730               1
       80029      130028   51.2092209      -6.68210697               1
       80029      140028   50.2423286      -6.72048616               1
       80029      150028   49.3497963      -6.74465322               1
       80029      160028   48.9800453      -6.77046442               1
       80029      170028   48.2874832      -6.76473808               1
       80029      180028   47.8964653      -6.78216982               1
       80029      190028   47.5346527      -6.81718445               1
       60027       90028   46.1904678      -6.20575762               1
       80027       90028   104.544464      -6.67447233               1
       80029       90028   118.164597      -7.04423380               1
       90028      100020   31.0835228      -2.71284199               1
       90028      100027   64.2610321      -4.18365431               1
       90028      110027   48.8835106      -5.31083250               1
       90028      120027   42.1740112      -5.42167807               1
       90028      130027   38.7093353      -5.40121841               1
       90028      140027   37.2788162      -5.47170305               1
       90028      150027   36.0721626      -5.50663853               1
       90028      160027   35.6046944      -5.54566717               1
       90028      170027   34.7713432      -5.52203608               1
       90028      180027   34.3109055      -5.54098415               1
       80027       90030   79.1392441      -7.02606201               1
       80029       90030   102.572716      -6.32269478               1
       70028      100029   56.3061562      -6.56686592               1
       90028      100029   77.8848572      -5.18052197               1
      100029      110020   77.3663483      -8.70248318               1
      100029      110021   77.8461990      -8.66515923               1
      100029      110022   78.4267654      -8.65220928               1
      100029      110023   80.1809464      -8.64419270               1
      100029      110024   81.6564102      -8.59144306               1
      100029      110026   88.8105164      -8.45897007               1
      100029      110027   95.9408951      -8.29489899               1
      100029      110028   124.624603      -7.98395586               1
      100029      120028   75.7401199      -7.30499077               1
      100029      130028   59.6232567      -6.72311020               1
      100029      140028   54.6883049      -6.72044516               1
      100029      150028   51.5342674      -6.71805000               1
      100029      160028   50.5734215      -6.76698780               1
      100029      170028   49.2042580      -6.74582672               1
      100029      180028   48.5463066      -6.76952696               1
      100029      190028   48.0201912      -6.81509399               1
       90030      100031   90.9387283      -6.05663109               1
      100031      110020   76.8727570      -8.71583843               1
      100031      110021   77.2099533      -8.68704224               1
      100031      110022   77.5699463      -8.67640686               1
      100031      110023   78.4787216      -8.66650105               1
      100031      110024   79.1330032      -8.63710880               1
      100031      110025   80.0446701      -8.60667801               1
      100031      110026   81.4373016      -8.56656075               1
      100031      110027   82.8654938      -8.50959015               1
      100031      110028   86.2537766      -8.40489864               1
      100031      110029   91.9612427      -8.11475277               1
      100031      120021   28.3439941      -8.08516884               1
      100031      120024   30.2670498      -7.99285746               1
      100031      120030   88.8497925      -7.88979912               1
      100031      130030   72.7543259      -7.54253197               1
      100031      140030   67.8381882      -7.59939241               1
      100031      150030   64.7178192      -7.63965607               1
      100031      160030   63.7819977      -7.69109106               1
      100031      170030   62.4874496      -7.69533682               1
      100031      180030   61.8866730      -7.72182178               1
      100031      190030   61.4336510      -7.75944614               1
      100031      200030   60.8429985      -7.76682186               1
      100031      210030   60.5057983      -7.79827785               1
      100029      110030   109.064148      -7.43939066               1
      100031      110030   137.715744      -8.29656124               1
      110030      120021   59.1956978      -7.26110840               1
      110030      120022   59.6373367      -7.25301218               1
      110030      120023   60.7950211      -7.25927210               1
      110030      120024   61.6653290      -7.22567558               1
      110030      120025   62.9406738      -7.19528103               1
      110030      120026   65.0557785      -7.15483427               1
      110030      120027   67.5253296      -7.07180786               1
      110030      120028   74.4707718      -6.91288328               1
      110030      120029   90.9943542      -6.26684999               1
      110030      130029   51.9001007      -4.84594154               1
      110030      140029   42.5058098      -4.64433861               1
      100029      110032   85.6950531      -8.29290867               1
      100031      110032   125.086449      -7.72872305               1
      110032      120021   58.8731041      -7.27346945               1
      110032      120022   59.2120361      -7.26620579               1
      110032      120023   60.0007782      -7.26951838               1
      110032      120024   60.5349426      -7.24742842               1
      110032      120025   61.2381554      -7.22799587               1
      110032      120026   62.2295952      -7.20520687               1
      110032      120027   63.1382332      -7.16887903               1
      110032      120028   65.0321655      -7.10998011               1
      110032      120029   67.6419983      -6.94298267               1
      110032      120030   83.4086685      -7.08982754               1
      110032      130031   67.9453812      -5.99046803               1
       90030      120031   68.8823318      -7.41527605               1
      110030      120031   119.640800      -7.53419447               1
      110032      120031   107.027168      -6.78031397               1
      120031      130022   50.0295448      -7.17010117               1
      120031      130023   51.0286331      -7.18339396               1
      120031      130024   51.7239304      -7.15586090               1
      120031      130025   52.6734924      -7.13462543               1
      120031      130026   54.0998421      -7.11193562               1
      120031      130027   55.5447006      -7.06398582               1
      120031      130028   58.9501381      -6.99371195               1
      120031      130029   64.6672821      -6.70511627               1
      120031      130030   110.442665      -7.51597214               1
      120031      140023   21.4657364      -6.65248060               1
      120031      140024   22.1610355      -6.60487604               1
      120031      140030   80.8797607      -7.49662924               1
      120031      150030   69.2604141      -7.52365971               1
      120031      160030   66.6618500      -7.64006901               1
      120031      170030   63.9025040      -7.64262438               1
      120031      180030   62.8040810      -7.68663645               1
      120031      190030   62.0792503      -7.74219131               1
      120031      200030   61.2647285      -7.75180340               1
      120031      210030   60.8373108      -7.79215527               1
      110030      120033   70.1120682      -7.02479506               1
      110032      120033   98.3611526      -6.61208963               1
      120033      130022   49.6665764      -7.18034124               1
      120033      130023   50.3787422      -7.18703222               1
      120033      130024   50.8255539      -7.16622448               1
      120033      130025   51.3754997      -7.14853811               1
      120033      130026   52.0838470      -7.12856054               1
      120033      130027   52.6586304      -7.09879875               1
      120033      130028   53.7077293      -7.05136156               1
      120033      130029   54.9203529      -6.93885088               1
      120033      130030   60.9377823      -6.91507816               1
      120033      130031   67.3902740      -6.67673302               1
      120033      140031   37.8380737      -5.97916889               1
      120033      140032   59.6373825      -5.96190119               1
      120033      150032   48.0366020      -5.62957239               1
      120033      160032   45.4513588      -5.69150734               1
      120033      170031   20.9311504      -5.19573164               1
      120033      170032   42.7304573      -5.57130861               1
      120033      180032   41.6605225      -5.58252525               1
      120033      190032   40.9702835      -5.62653637               1
      120033      200032   40.2313919      -5.60214138               1
      120033      210032   39.8630447      -5.63716793               1
      120033      220031   17.7237206      -5.26548719               1
      120033      220032   39.5230293      -5.63306904               1
      120033      230032   38.8108635      -5.59599257               1
      120031      130032   97.8312531      -6.68887615               1
      120033      130032   89.1895752      -6.49469090               1
      130032      140023   51.9278069      -6.87448740               1
      130032      140024   52.5206718      -6.85292435               1
      130032      140025   53.2772675      -6.83650780               1
      130032      140026   54.3155251      -6.81866980               1
      130032      140027   55.2469940      -6.78369713               1
      130032      140028   57.1641617      -6.72987366               1
      130032      140029   59.7869377      -6.55710649               1
      130032      140030   75.5813980      -6.80054712               1
      130032      140031   99.2122955      -6.53547382               1
      130032      150031   63.5790863      -6.08621645               1
      120031      130034   59.2277451      -6.84138155               1
      120033      130034   95.7542953      -5.57849073               1
      130034      140023   51.4545860      -6.88496017               1
      130034      140024   51.8783150      -6.87041521               1
      130034      140025   52.3732071      -6.86011696               1
      130034      140026   52.9688034      -6.84999037               1
      130034      140027   53.4097404      -6.83177519               1
      130034      140028   54.1352997      -6.80475950               1
      130034      140029   54.8652496      -6.73865128               1
      130034      140030   57.9592705      -6.71660471               1
      130034      140031   60.6282349      -6.58594418               1
      130034      140032   66.7717972      -6.44990063               1
      130034      150024   16.2603970      -5.84561777               1
      130034      150032   31.1539021      -5.43425035               1
      130034      150033   61.5359612      -4.33693457               1
      130034      160033   55.7103653      -4.29668379               1
      130034      170033   50.8504105      -3.97283483               1
      130034      180033   49.1607819      -3.92524290               1
      130034      190033   48.1738243      -3.93687105               1
      130034      200033   47.2313919      -3.87216425               1
      130034      210033   46.7939415      -3.89034319               1
      130034      220033   46.4183159      -3.87109995               1
      130034      230033   45.6993179      -3.80723977               1
      130034      240033   45.2755890      -3.79510188               1
      110032      140033   49.8959656      -5.56509113               1
      130032      140033   90.5697479      -6.32963181               1
      130034      140033   97.1537857      -5.43726015               1
      140033      150024   35.9963951      -4.72131920               1
      140033      150025   36.6050949      -4.73534155               1
      140033      150026   37.3639297      -4.75583124               1
      140033      150027   37.9628906      -4.75114775               1
      140033      150028   39.0361977      -4.74998999               1
      140033      150029   40.2621231      -4.66537714               1
      140033      150030   46.3077126      -4.93129158               1
      140033      150031   52.7726746      -4.86951017               1
      140033      150032   74.5830002      -5.18034887               1
      140033      160030   28.2712955      -5.73998833               1
      140033      160031   34.7362518      -5.49561644               1
      140033      160032   56.5465889      -5.66410971               1
      140033      170031   24.8106632      -5.05953646               1
      140033      170032   46.6209946      -5.46790934               1
      140033      180031   21.9356594      -5.12769842               1
      140033      180032   43.7459946      -5.52892637               1
      140033      190031   20.4480515      -5.29296589               1
      140033      190032   42.2583847      -5.62302065               1
      140033      200031   19.1786327      -5.20000076               1
      140033      200032   40.9889679      -5.58974409               1
      140033      210031   18.6195450      -5.31206179               1
      140033      210032   40.4298782      -5.64674234               1
      140033      220031   18.1566143      -5.29696131               1
      140033      220032   39.9669495      -5.64375877               1
      140033      230032   39.0995789      -5.59889364               1
      130032      140035   60.8160515      -6.73781776               1
      130034      140035   91.5703430      -5.64678526               1
      140035      150024   35.6565704      -4.73280001               1
      140035      150025   36.1357231      -4.75058603               1
      140035      150026   36.6861877      -4.77529240               1
      140035      150027   37.0700645      -4.78006744               1
      140035      150028   37.6610641      -4.79206467               1
      140035      150029   38.2059631      -4.76134825               1
      140035      150030   40.2937393      -4.88749313               1
      140035      150031   41.8793640      -4.87975216               1
      140035      150032   44.8400650      -4.96931362               1
      140035      150033   54.8367348      -4.86550951               1
      140035      160034   57.5639992      -4.58755207               1
      140035      170034   47.6570930      -4.17137527               1
      140035      180034   44.7956161      -4.14699507               1
      140035      190034   43.3238869      -4.18943834               1
      140035      200034   42.0876465      -4.11403084               1
      140035      210034   41.5534325      -4.14720249               1
      140035      220034   41.1242065      -4.12741518               1
      140035      230034   40.3636627      -4.05462694               1
      140035      240034   39.9372482      -4.04128790               1
      140035      250034   39.4580956      -4.01660204               1
      120033      150034   54.6014175      -4.12684822               1
      140033      150034   81.1673203      -4.20575905               1
      140035      150034   75.5938187      -4.36746454               1
      150034      160025   60.1570702      -6.24823141               1
      150034      160026   60.8265648      -6.24507618               1
      150034      160027   61.3017311      -6.23293018               1
      150034      160028   62.0605736      -6.21606588               1
      150034      160029   62.8083458      -6.16414261               1
      150034      160030   65.9392090      -6.17206955               1
      150034      160031   68.6242371      -6.07735920               1
      150034      160032   74.7818298      -5.99768686               1
      150034      160033   105.179214      -5.19276237               1
      150034      170026   18.1244545      -4.80864286               1
      150034      170027   18.5996208      -4.80530739               1
      150034      170028   19.3584633      -4.80720568               1
      150034      170029   20.1062412      -4.69740391               1
      150034      170030   23.2371006      -4.91751957               1
      150034      170031   25.9221325      -4.79673719               1
      150034      170032   32.0797310      -4.85682249               1
      150034      170033   62.4771805      -4.05681801               1
      150034      180032   23.7284527      -4.90181732               1
      150034      180033   54.1259003      -3.95310807               1
      150034      190033   50.7817001      -4.00095272               1
      150034      200033   48.5720024      -3.87895441               1
      150034      210033   47.7294846      -3.92590547               1
      150034      220033   47.1185303      -3.90271688               1
      150034      230033   46.1351166      -3.82109284               1
      150034      240033   45.6063995      -3.80731177               1
      140033      150036   45.1433640      -4.74589729               1
      140035      150036   69.4988098      -3.33808470               1
      150036      160025   59.7713776      -6.26067352               1
      150036      160026   60.2921028      -6.26183176               1
      150036      160027   60.6270790      -6.25625515               1
      150036      160028   61.1015015      -6.25068426               1
      150036      160029   61.4982605      -6.22652435               1
      150036      160030   62.8677177      -6.24148035               1
      150036      160031   63.7987061      -6.21267986               1
      150036      160032   65.2777405      -6.20177317               1
      150036      160033   69.1706085      -6.05837250               1
      150036      160034   74.8175049      -5.74513721               1
      150036      170026   17.6085701      -4.82329798               1
      150036      170027   17.9435463      -4.83131123               1
      150036      170028   18.4179688      -4.84953403               1
      150036      170029   18.8147278      -4.80011177               1
      150036      170031   21.1151733      -4.91368484               1
      150036      170032   22.5942059      -4.96720791               1
      150036      170035   50.8483734      -2.83756542               1
      150036      180035   42.5103531      -2.46597171               1
      150036      190035   39.1813316      -2.40012527               1
      150036      200035   37.0023537      -2.14689469               1
      150036      210035   36.1822243      -2.16772175               1
      150036      220035   35.6006165      -2.10914874               1
      150036      230035   34.7058678      -1.96004152               1
      150036      240035   34.2460289      -1.91582668               1
      150036      250035   33.7605782      -1.85672987               1
      150036      260035   33.2398567      -1.78563857               1
      130034      160035   50.1268997      -4.55239344               1
      150034      160035   99.6107483      -5.37120962               1
      150036      160035   93.5317459      -4.67106056               1
      160035      170026   39.5061836      -4.04127359               1
      160035      170027   39.9310646      -4.05339098               1
      160035      170028   40.5609932      -4.07624006               1
      160035      170029   41.1263275      -4.05624962               1
      160035      170030   43.2555199      -4.20996952               1
      160035      170031   44.8590012      -4.22652292               1
      160035      170032   47.8351250      -4.35139227               1
      160035      170033   57.8485107      -4.35977745               1
      160035      170034   78.6152802      -4.01421499               1
      160035      180034   54.6725922      -4.03889465               1
      160035      190034   47.6841278      -4.22810125               1
      160035      200034   44.0568962      -4.07531786               1
      160035      210034   42.8343544      -4.17616224               1
      160035      220034   42.0399513      -4.15734529               1
      160035      230034   40.9081497      -4.06367207               1
      160035      240034   40.3431702      -4.05042076               1
      160035      250034   39.7505455      -4.02368498               1
      150034      160037   68.7969971      -6.08871078               1
      150036      160037   120.543900      -6.71408558               1
      160037      170026   39.0671082      -4.02741480               1
      160037      170027   39.3854446      -4.03887367               1
      160037      170028   39.8121300      -4.05840778               1
      160037      170029   40.1472549      -4.04891539               1
      160037      170030   41.2284470      -4.13718271               1
      160037      170031   41.9151039      -4.14932680               1
      160037      170032   42.9035912      -4.20477581               1
      160037      170033   45.1399689      -4.23121357               1
      160037      170034   47.8269730      -4.17252636               1
      160037      170035   53.9737740      -3.89007568               1
      160037      180035   30.0436707      -3.83594584               1
      160037      180036   75.6445312      -6.54812527               1
      160037      190036   68.6703644      -6.93370771               1
      160037      200036   65.0714798      -6.98080444               1
      160037      210036   63.8693352      -7.10238695               1
      160037      220036   63.1011772      -7.12617397               1
      160037      230036   62.0466194      -7.11851501               1
      160037      240036   61.5403023      -7.13526011               1
      160037      250035   15.4288597      -3.62877226               1
      160037      250036   61.0297737      -7.14523554               1
      160037      260036   60.5075798      -7.15128422               1
      160037      270036   60.1892433      -7.16030788               1
      140035      170036   41.5621300      -2.42132378               1
      160035      170036   72.5368576      -2.99802804               1
      160037      170036   99.5745697      -5.92566633               1
      170036      180027   60.5124855      -5.79999876               1
      170036      180028   61.0580559      -5.79943752               1
      170036      180029   61.4908066      -5.77712488               1
      170036      180030   62.9305878      -5.80439329               1
      170036      180031   63.8912735      -5.78185701               1
      170036      180032   65.3954697      -5.78134346               1
      170036      180033   69.3150177      -5.66195774               1
      170036      180034   74.9771576      -5.37900925               1
      170036      180035   93.7013550      -4.37961769               1
      170036      190035   54.9067917      -3.71813655               1
      170036      200035   42.5950699      -2.50052238               1
      170036      210035   39.3382378      -2.56049323               1
      170036      220035   37.6508331      -2.40473604               1
      170036      240035   35.0326881      -2.02432323               1
      170036      250035   34.3057289      -1.93413770               1
      170036      260035   33.6023102      -1.83542585               1
      160035      170038   47.5345192      -4.02668047               1
      160037      170038   85.7761917      -5.28806353               1
      170038      180027   60.1782265      -5.80828762               1
      170038      180028   60.6106491      -5.81116867               1
      170038      180029   60.9231606      -5.79767752               1
      170038      180030   61.8531075      -5.82442665               1
      170038      180031   62.4049683      -5.81726456               1
      170038      180032   63.1308289      -5.82768059               1
      170038      180033   64.5703735      -5.80776548               1
      170038      180034   66.0655823      -5.75219727               1
      170038      180035   68.7191849      -5.59357643               1
      170038      180036   82.6893005      -6.05643654               1
      170038      190037   68.1741028      -6.45909739               1
      170038      200037   55.8816414      -6.13453293               1
      170038      220037   50.9686317      -6.41451263               1
      170038      240037   48.4381599      -6.35376453               1
      170038      250037   47.7625847      -6.35277605               1
      170038      260037   47.1316795      -6.34573555               1
      170038      270037   46.7805710      -6.34952259               1
      170038      280037   46.3481445      -6.35080481               1
      150036      180037   69.5223160      -6.86510563               1
      160035      180037   30.0114975      -3.83467174               1
      170036      180037   120.737808      -6.48477602               1
      170038      180037   106.958794      -6.04500771               1
      180037      190028   46.1623154      -5.50201654               1
      180037      190029   46.5460663      -5.48147058               1
      180037      190030   47.7204361      -5.52965546               1
      180037      190031   48.4460182      -5.52015209               1
      180037      190032   49.4671631      -5.54192495               1
      180037      190035   60.6035767      -5.01633978               1
      180037      190036   106.223679      -6.44123983               1
      180037      200036   75.7664795      -6.45164156               1
      180037      210036   69.2224884      -7.01945543               1
      180037      220036   66.3401642      -7.11076736               1
      180037      230036   63.6805801      -7.08881235               1
      180037      240036   62.6767044      -7.11909056               1
      180037      250035   16.1825466      -3.75363755               1
      180037      250036   61.8026695      -7.13476658               1
      180037      260036   61.0149803      -7.14215899               1
      180037      270036   60.5861015      -7.15310287               1
      170036      180039   69.7636871      -5.66948891               1
      170038      180039   90.8677979      -5.20830536               1
      180039      190028   45.7521706      -5.49438858               1
      180039      190029   46.0380135      -5.47850037               1
      180039      190030   46.8229637      -5.50772810               1
      180039      190031   47.2584496      -5.49922276               1
      180039      190032   47.7821503      -5.50714731               1
      180039      190033   48.6933632      -5.48423672               1
      180039      190036   55.2719841      -5.37116766               1
      180039      190037   60.7279472      -5.17479420               1
      180039      200038   45.9421501      -3.90528870               1
      180039      210038   39.4123421      -4.47940826               1
      180039      220038   36.5478172      -4.44607115               1
      180039      230038   33.9384193      -4.20173740               1
      180039      250037   16.4956284      -4.37962723               1
      180039      250038   32.1466179      -4.12639284               1
      180039      260037   15.7758045      -4.28061152               1
      180039      260038   31.4267941      -4.07088852               1
      180039      270037   15.4029064      -4.24870634               1
      180039      270038   31.0538960      -4.05254459               1
      180039      280037   14.9757853      -4.19840908               1
      180039      280038   30.6267738      -4.02521467               1
      180039      290038   30.3409328      -4.03548193               1
      180037      190038   92.4466476      -5.92613792               1
      180039      190038   76.3789291      -4.90527296               1
      190038      200036   63.0321655      -2.45769763               1
      190038      200037   87.3115158      -3.44380784               1
      190038      210037   62.8749580      -5.70552683               1
      190038      220037   55.9448433      -6.14300108               1
      190038      250037   48.6233635      -6.29420567               1
      190038      260037   47.6671982      -6.30626726               1
      190038      270037   47.1892967      -6.31935692               1
      190038      280037   46.6504021      -6.32700253               1
      180039      190040   92.6979599      -6.07986689               1
      190040      200038   56.8181686      -1.45132756               1
      190040      210039   63.1612663      -5.93113565               1
      190040      220039   56.2453270      -6.39427757               1
      190040      230039   51.6024818      -6.46251392               1
      190040      240039   50.1513100      -6.54216623               1
      190040      250039   49.0293427      -6.58232784               1
      190040      260039   48.1240807      -6.59991741               1
      190040      270039   47.6870842      -6.61479712               1
      190040      280039   47.2174034      -6.62459087               1
      190040      290039   46.9210091      -6.64916897               1
      190040      300039   46.1517639      -6.64071989               1
      170038      200039   39.7906799      -4.26000404               1
      190038      200039   71.2411957      -1.78909695               1
      190040      200039   87.5863113      -3.61400628               1
      200039      210030   63.7529793      -6.91677666               1
      200039      210031   64.2577667      -6.89855528               1
      200039      210032   64.8367538      -6.89282513               1
      200039      210033   65.8029861      -6.85530758               1
      200039      210034   66.6575851      -6.79926729               1
      200039      210035   67.8325272      -6.68268442               1
      200039      210036   72.4575577      -6.64122677               1
      200039      210037   77.9290237      -6.39851904               1
      200039      210038   93.5936737      -5.97367382               1
      200039      220032   26.3566494      -7.59487486               1
      200039      220038   55.1135674      -5.66766262               1
      200039      230038   39.7688332      -4.50680542               1
      200039      250037   18.3995323      -4.58037663               1
      200039      250038   34.0642242      -4.24917173               1
      200039      260038   32.5113487      -4.12810326               1
      200039      270038   31.8437748      -4.09276342               1
      200039      280038   31.1887550      -4.04846573               1
      200039      290038   30.8012524      -4.06089306               1
      180039      210040   55.7313843      -6.55780983               1
      200039      210040   109.938049      -6.80533886               1
      210040      220031   56.1921272      -6.69628525               1
      210040      220032   56.7307854      -6.69364405               1
      210040      220033   57.5657806      -6.66478252               1
      210040      220034   58.2560692      -6.62111425               1
      210040      220035   59.1070099      -6.53485107               1
      210040      220036   62.0570221      -6.53833961               1
      210040      220037   65.0858688      -6.41386032               1
      210040      220038   71.4219055      -6.27234030               1
      210040      220039   102.209702      -6.67435503               1
      210040      230039   62.1596794      -6.29462528               1
      210040      240039   55.4850616      -6.46920156               1
      210040      250038   21.0807152      -4.99106359               1
      210040      250039   51.8684845      -6.54378796               1
      210040      260038   18.8294983      -4.86404562               1
      210040      260039   49.6172676      -6.56603479               1
      210040      270038   17.9496155      -4.84382820               1
      210040      270039   48.7373848      -6.58931589               1
      210040      280038   17.1573372      -4.79767323               1
      210040      280039   47.9451065      -6.60164309               1
      210040      290038   16.7234459      -4.84830761               1
      210040      290039   47.5112152      -6.63594007               1
      210040      300039   46.5150986      -6.62564564               1
