27    1     32      28
27    1     31      29
27    1     32      30
27    1     30      28
30  24  29  25
30  24  29  27
30  24  27  25
30  24  28  26
27  21  26  22
27  21  26  24
27  21  24  22
27  21  25  23
8   14  9   13
8   14  9   11
8   14  11  13
8   14  10  12
11  17  12  16
11  17  12  14
11  17  14  16
11  17  13  15
14  20  15  19
14  20  15  17
14  20  17  19
14  20  16  18
1	8	32	9
1	8	31	10
1	8	30	11
1	8	29	12
1	8	28	13
1	8	27	14
1	8	26	15
1	8	25	16
1	8	24	17
1	8	23	18
1	8	22	19
32	9	1	8
32	9	31	10
32	9	30	11
32	9	29	12
32	9	28	13
32	9	27	14
32	9	26	15
32	9	25	16
32	9	24	17
32	9	23	18
32	9	22	19
31	10	1	8
31	10	32	9
31	10	30	11
31	10	29	12
31	10	28	13
31	10	27	14
31	10	26	15
31	10	25	16
31	10	24	17
31	10	23	18
31	10	22	19
30	11	1	8
30	11	32	9
30	11	31	10
30	11	29	12
30	11	28	13
30	11	27	14
30	11	26	15
30	11	25	16
30	11	24	17
30	11	23	18
30	11	22	19
29	12	1	8
29	12	32	9
29	12	31	10
29	12	30	11
29	12	28	13
29	12	27	14
29	12	26	15
29	12	25	16
29	12	24	17
29	12	23	18
29	12	22	19
28	13	1	8
28	13	32	9
28	13	31	10
28	13	30	11
28	13	29	12
28	13	27	14
28	13	26	15
28	13	25	16
28	13	24	17
28	13	23	18
28	13	22	19
27	14	1	8
27	14	32	9
27	14	31	10
27	14	30	11
27	14	29	12
27	14	28	13
27	14	26	15
27	14	25	16
27	14	24	17
27	14	23	18
27	14	22	19
26	15	1	8
26	15	32	9
26	15	31	10
26	15	30	11
26	15	29	12
26	15	28	13
26	15	27	14
26	15	25	16
26	15	24	17
26	15	23	18
26	15	22	19
25	16	1	8
25	16	32	9
25	16	31	10
25	16	30	11
25	16	29	12
25	16	28	13
25	16	27	14
25	16	26	15
25	16	24	17
25	16	23	18
25	16	22	19
24	17	1	8
24	17	32	9
24	17	31	10
24	17	30	11
24	17	29	12
24	17	28	13
24	17	27	14
24	17	26	15
24	17	25	16
24	17	23	18
24	17	22	19
23	18	1	8
23	18	32	9
23	18	31	10
23	18	30	11
23	18	29	12
23	18	28	13
23	18	27	14
23	18	26	15
23	18	25	16
23	18	24	17
23	18	22	19
22	19	1	8
22	19	32	9
22	19	31	10
22	19	30	11
22	19	29	12
22	19	28	13
22	19	27	14
22	19	26	15
22	19	25	16
22	19	24	17
22	19	23	18
2	4	5	8
2	4	6	9
2	4	7	10
2	4	8	11
2	4	9	12
2	4	10	13
2	4	11	14
2	4	12	15
2	4	13	16
2	4	14	17
2	4	15	18
2	4	16	19
2	4	17	20
2	4	18	21
2	4	19	22
2	4	20	23
2	4	21	24
2	4	22	25
2	4	23	26
2	4	24	27
2	4	25	28
2	4	26	29
2	4	27	30
2	4	28	31
2	4	29	32
2	4	30	1
5	8	9	12
5	8	10	13
5	8	11	14
5	8	12	15
5	8	13	16
5	8	14	17
5	8	15	18
5	8	16	19
5	8	17	20
5	8	18	21
5	8	19	22
5	8	20	23
5	8	21	24
5	8	22	25
5	8	23	26
5	8	24	27
5	8	25	28
5	8	26	29
5	8	27	30
5	8	28	31
5	8	29	32
5	8	30	1
5	8	31	2
5	8	32	3
5	8	1	4
3	6	7	10
3	6	8	11
3	6	9	12
3	6	10	13
3	6	11	14
3	6	12	15
3	6	13	16
3	6	14	17
3	6	15	18
3	6	16	19
3	6	17	20
3	6	18	21
3	6	19	22
3	6	20	23
3	6	21	24
3	6	22	25
3	6	23	26
3	6	24	27
3	6	25	28
3	6	26	29
3	6	27	30
3	6	28	31
3	6	29	32
3	6	30	1
3	6	31	2
21	24	25	28
21	24	26	29
21	24	27	30
21	24	28	31
21	24	29	32
21	24	30	1
21	24	31	2
21	24	32	3
21	24	1	4
21	24	2	5
21	24	3	6
21	24	4	7
21	24	5	8
21	24	6	9
21	24	7	10
21	24	8	11
21	24	9	12
21	24	10	13
21	24	11	14
21	24	12	15
21	24	13	16
21	24	14	17
21	24	15	18
21	24	16	19
21	24	17	20
25	28	29	32
25	28	30	1
25	28	31	2
25	28	32	3
25	28	1	4
25	28	2	5
25	28	3	6
25	28	4	7
25	28	5	8
25	28	6	9
25	28	7	10
25	28	8	11
25	28	9	12
25	28	10	13
25	28	11	14
25	28	12	15
25	28	13	16
25	28	14	17
25	28	15	18
25	28	16	19
25	28	17	20
25	28	18	21
25	28	19	22
25	28	20	23
25	28	21	24
29	32	1	4
29	32	2	5
29	32	3	6
29	32	4	7
29	32	5	8
29	32	6	9
29	32	7	10
29	32	8	11
29	32	9	12
29	32	10	13
29	32	11	14
29	32	12	15
29	32	13	16
29	32	14	17
29	32	15	18
29	32	16	19
29	32	17	20
29	32	18	21
29	32	19	22
29	32	20	23
29	32	21	24
29	32	22	25
29	32	23	26
29	32	24	27
29	32	25	28
23	26	27	30
23	26	28	31
23	26	29	32
23	26	30	1
23	26	31	2
23	26	32	3
23	26	1	4
23	26	2	5
23	26	3	6
23	26	4	7
23	26	5	8
23	26	6	9
23	26	7	10
23	26	8	11
23	26	9	12
23	26	10	13
23	26	11	14
23	26	12	15
23	26	13	16
23	26	14	17
23	26	15	18
23	26	16	19
23	26	17	20
23	26	18	21
23	26	19	22
27	30	31	2
27	30	32	3
27	30	1	4
27	30	2	5
27	30	3	6
27	30	4	7
27	30	5	8
27	30	6	9
27	30	7	10
27	30	8	11
27	30	9	12
27	30	10	13
27	30	11	14
27	30	12	15
27	30	13	16
27	30	14	17
27	30	15	18
27	30	16	19
27	30	17	20
27	30	18	21
27	30	19	22
27	30	20	23
27	30	21	24
27	30	22	25
27	30	23	26
9	12	13	16
9	12	14	17
9	12	15	18
9	12	16	19
9	12	17	20
9	12	18	21
9	12	19	22
9	12	20	23
9	12	21	24
9	12	22	25
9	12	23	26
9	12	24	27
9	12	25	28
9	12	26	29
9	12	27	30
9	12	28	31
9	12	29	32
9	12	30	1
9	12	31	2
9	12	32	3
9	12	1	4
9	12	2	5
9	12	3	6
9	12	4	7
9	12	5	8
13	16	17	20
13	16	18	21
13	16	19	22
13	16	20	23
13	16	21	24
13	16	22	25
13	16	23	26
13	16	24	27
13	16	25	28
13	16	26	29
13	16	27	30
13	16	28	31
13	16	29	32
13	16	30	1
13	16	31	2
13	16	32	3
13	16	1	4
13	16	2	5
13	16	3	6
13	16	4	7
13	16	5	8
13	16	6	9
13	16	7	10
13	16	8	11
13	16	9	12
17	20	21	24
17	20	22	25
17	20	23	26
17	20	24	27
17	20	25	28
17	20	26	29
17	20	27	30
17	20	28	31
17	20	29	32
17	20	30	1
17	20	31	2
17	20	32	3
17	20	1	4
17	20	2	5
17	20	3	6
17	20	4	7
17	20	5	8
17	20	6	9
17	20	7	10
17	20	8	11
17	20	9	12
17	20	10	13
17	20	11	14
17	20	12	15
17	20	13	16
11	14	15	18
11	14	16	19
11	14	17	20
11	14	18	21
11	14	19	22
11	14	20	23
11	14	21	24
11	14	22	25
11	14	23	26
11	14	24	27
11	14	25	28
11	14	26	29
11	14	27	30
11	14	28	31
11	14	29	32
11	14	30	1
11	14	31	2
11	14	32	3
11	14	1	4
11	14	2	5
11	14	3	6
11	14	4	7
11	14	5	8
11	14	6	9
11	14	7	10
15	18	19	22
15	18	20	23
15	18	21	24
15	18	22	25
15	18	23	26
15	18	24	27
15	18	25	28
15	18	26	29
15	18	27	30
15	18	28	31
15	18	29	32
15	18	30	1
15	18	31	2
15	18	32	3
15	18	1	4
15	18	2	5
15	18	3	6
15	18	4	7
15	18	5	8
15	18	6	9
15	18	7	10
15	18	8	11
15	18	9	12
15	18	10	13
15	18	11	14
2	4	27	35
2	4	33	36
2	4	34	37
2	4	35	38
2	4	36	14
5	8	27	35
5	8	33	36
5	8	34	37
5	8	35	38
5	8	36	14
3	6	27	35
3	6	33	36
3	6	34	37
3	6	35	38
3	6	36	14
21	24	27	35
21	24	33	36
21	24	34	37
21	24	35	38
21	24	36	14
25	28	33	36
25	28	34	37
25	28	35	38
25	28	36	14
29	32	33	36
29	32	34	37
29	32	35	38
29	32	36	14
23	26	27	35
23	26	33	36
23	26	34	37
23	26	35	38
23	26	36	14
27	30	33	36
27	30	34	37
27	30	35	38
27	30	36	14
9	12	27	35
9	12	33	36
9	12	34	37
9	12	35	38
9	12	36	14
13	16	27	35
13	16	33	36
13	16	34	37
13	16	35	38
13	16	36	14
17	20	27	35
17	20	33	36
17	20	34	37
17	20	35	38
17	20	36	14
11	14	27	35
11	14	33	36
11	14	34	37
11	14	35	38
11	14	36	14
15	18	27	35
15	18	33	36
15	18	34	37
15	18	35	38
15	18	36	14
33	36	1	4
33	36	2	5
33	36	3	6
33	36	4	7
33	36	5	8
33	36	6	9
33	36	7	10
33	36	8	11
33	36	9	12
33	36	10	13
33	36	11	14
33	36	12	15
33	36	13	16
33	36	14	17
33	36	15	18
33	36	16	19
33	36	17	20
33	36	18	21
33	36	19	22
33	36	20	23
33	36	21	24
33	36	22	25
33	36	23	26
33	36	24	27
33	36	25	28
33	36	26	29
33	36	27	30
33	36	28	31
33	36	29	32
33	36	30	1
33	36	31	2
33	36	32	3
35	38	1	4
35	38	2	5
35	38	3	6
35	38	4	7
35	38	5	8
35	38	6	9
35	38	7	10
35	38	8	11
35	38	9	12
35	38	10	13
35	38	11	14
35	38	12	15
35	38	13	16
35	38	14	17
35	38	15	18
35	38	16	19
35	38	17	20
35	38	18	21
35	38	19	22
35	38	20	23
35	38	21	24
35	38	22	25
35	38	23	26
35	38	24	27
35	38	25	28
35	38	26	29
35	38	27	30
35	38	28	31
35	38	29	32
35	38	30	1
35	38	31	2
35	38	32	3
1	2	3	4
1	2	4	5
1	2	5	6
1	2	6	7
1	2	7	8
1	2	8	9
1	2	9	10
1	2	10	11
1	2	11	12
1	2	12	13
1	2	13	14
1	2	14	15
1	2	15	16
1	2	16	17
1	2	17	18
1	2	18	19
1	2	19	20
1	2	20	21
1	2	21	22
1	2	22	23
1	2	23	24
1	2	24	25
1	2	25	26
1	2	26	27
1	2	27	28
1	2	28	29
1	2	29	30
1	2	30	31
1	2	31	32
2	3	4	5
2	3	5	6
2	3	6	7
2	3	7	8
2	3	8	9
2	3	9	10
2	3	10	11
2	3	11	12
2	3	12	13
2	3	13	14
2	3	14	15
2	3	15	16
2	3	16	17
2	3	17	18
2	3	18	19
2	3	19	20
2	3	20	21
2	3	21	22
2	3	22	23
2	3	23	24
2	3	24	25
2	3	25	26
2	3	26	27
2	3	27	28
2	3	28	29
2	3	29	30
2	3	30	31
2	3	31	32
2	3	32	1
3	4	5	6
3	4	6	7
3	4	7	8
3	4	8	9
3	4	9	10
3	4	10	11
3	4	11	12
3	4	12	13
3	4	13	14
3	4	14	15
3	4	15	16
3	4	16	17
3	4	17	18
3	4	18	19
3	4	19	20
3	4	20	21
3	4	21	22
3	4	22	23
3	4	23	24
3	4	24	25
3	4	25	26
3	4	26	27
3	4	27	28
3	4	28	29
3	4	29	30
3	4	30	31
3	4	31	32
3	4	32	1
3	4	1	2
4	5	6	7
4	5	7	8
4	5	8	9
4	5	9	10
4	5	10	11
4	5	11	12
4	5	12	13
4	5	13	14
4	5	14	15
4	5	15	16
4	5	16	17
4	5	17	18
4	5	18	19
4	5	19	20
4	5	20	21
4	5	21	22
4	5	22	23
4	5	23	24
4	5	24	25
4	5	25	26
4	5	26	27
4	5	27	28
4	5	28	29
4	5	29	30
4	5	30	31
4	5	31	32
4	5	32	1
4	5	1	2
4	5	2	3
5	6	7	8
5	6	8	9
5	6	9	10
5	6	10	11
5	6	11	12
5	6	12	13
5	6	13	14
5	6	14	15
5	6	15	16
5	6	16	17
5	6	17	18
5	6	18	19
5	6	19	20
5	6	20	21
5	6	21	22
5	6	22	23
5	6	23	24
5	6	24	25
5	6	25	26
5	6	26	27
5	6	27	28
5	6	28	29
5	6	29	30
5	6	30	31
5	6	31	32
5	6	32	1
5	6	1	2
5	6	2	3
5	6	3	4
6	7	8	9
6	7	9	10
6	7	10	11
6	7	11	12
6	7	12	13
6	7	13	14
6	7	14	15
6	7	15	16
6	7	16	17
6	7	17	18
6	7	18	19
6	7	19	20
6	7	20	21
6	7	21	22
6	7	22	23
6	7	23	24
6	7	24	25
6	7	25	26
6	7	26	27
6	7	27	28
6	7	28	29
6	7	29	30
6	7	30	31
6	7	31	32
6	7	32	1
6	7	1	2
6	7	2	3
6	7	3	4
6	7	4	5
7	8	9	10
7	8	10	11
7	8	11	12
7	8	12	13
7	8	13	14
7	8	14	15
7	8	15	16
7	8	16	17
7	8	17	18
7	8	18	19
7	8	19	20
7	8	20	21
7	8	21	22
7	8	22	23
7	8	23	24
7	8	24	25
7	8	25	26
7	8	26	27
7	8	27	28
7	8	28	29
7	8	29	30
7	8	30	31
7	8	31	32
7	8	32	1
7	8	1	2
7	8	2	3
7	8	3	4
7	8	4	5
7	8	5	6
8	9	10	11
8	9	11	12
8	9	12	13
8	9	13	14
8	9	14	15
8	9	15	16
8	9	16	17
8	9	17	18
8	9	18	19
8	9	19	20
8	9	20	21
8	9	21	22
8	9	22	23
8	9	23	24
8	9	24	25
8	9	25	26
8	9	26	27
8	9	27	28
8	9	28	29
8	9	29	30
8	9	30	31
8	9	31	32
8	9	32	1
8	9	1	2
8	9	2	3
8	9	3	4
8	9	4	5
8	9	5	6
8	9	6	7
9	10	11	12
9	10	12	13
9	10	13	14
9	10	14	15
9	10	15	16
9	10	16	17
9	10	17	18
9	10	18	19
9	10	19	20
9	10	20	21
9	10	21	22
9	10	22	23
9	10	23	24
9	10	24	25
9	10	25	26
9	10	26	27
9	10	27	28
9	10	28	29
9	10	29	30
9	10	30	31
9	10	31	32
9	10	32	1
9	10	1	2
9	10	2	3
9	10	3	4
9	10	4	5
9	10	5	6
9	10	6	7
9	10	7	8
10	11	12	13
10	11	13	14
10	11	14	15
10	11	15	16
10	11	16	17
10	11	17	18
10	11	18	19
10	11	19	20
10	11	20	21
10	11	21	22
10	11	22	23
10	11	23	24
10	11	24	25
10	11	25	26
10	11	26	27
10	11	27	28
10	11	28	29
10	11	29	30
10	11	30	31
10	11	31	32
10	11	32	1
10	11	1	2
10	11	2	3
10	11	3	4
10	11	4	5
10	11	5	6
10	11	6	7
10	11	7	8
10	11	8	9
11	12	13	14
11	12	14	15
11	12	15	16
11	12	16	17
11	12	17	18
11	12	18	19
11	12	19	20
11	12	20	21
11	12	21	22
11	12	22	23
11	12	23	24
11	12	24	25
11	12	25	26
11	12	26	27
11	12	27	28
11	12	28	29
11	12	29	30
11	12	30	31
11	12	31	32
11	12	32	1
11	12	1	2
11	12	2	3
11	12	3	4
11	12	4	5
11	12	5	6
11	12	6	7
11	12	7	8
11	12	8	9
11	12	9	10
12	13	14	15
12	13	15	16
12	13	16	17
12	13	17	18
12	13	18	19
12	13	19	20
12	13	20	21
12	13	21	22
12	13	22	23
12	13	23	24
12	13	24	25
12	13	25	26
12	13	26	27
12	13	27	28
12	13	28	29
12	13	29	30
12	13	30	31
12	13	31	32
12	13	32	1
12	13	1	2
12	13	2	3
12	13	3	4
12	13	4	5
12	13	5	6
12	13	6	7
12	13	7	8
12	13	8	9
12	13	9	10
12	13	10	11
13	14	15	16
13	14	16	17
13	14	17	18
13	14	18	19
13	14	19	20
13	14	20	21
13	14	21	22
13	14	22	23
13	14	23	24
13	14	24	25
13	14	25	26
13	14	26	27
13	14	27	28
13	14	28	29
13	14	29	30
13	14	30	31
13	14	31	32
13	14	32	1
13	14	1	2
13	14	2	3
13	14	3	4
13	14	4	5
13	14	5	6
13	14	6	7
13	14	7	8
13	14	8	9
13	14	9	10
13	14	10	11
13	14	11	12
14	15	16	17
14	15	17	18
14	15	18	19
14	15	19	20
14	15	20	21
14	15	21	22
14	15	22	23
14	15	23	24
14	15	24	25
14	15	25	26
14	15	26	27
14	15	27	28
14	15	28	29
14	15	29	30
14	15	30	31
14	15	31	32
14	15	32	1
14	15	1	2
14	15	2	3
14	15	3	4
14	15	4	5
14	15	5	6
14	15	6	7
14	15	7	8
14	15	8	9
14	15	9	10
14	15	10	11
14	15	11	12
14	15	12	13
15	16	17	18
15	16	18	19
15	16	19	20
15	16	20	21
15	16	21	22
15	16	22	23
15	16	23	24
15	16	24	25
15	16	25	26
15	16	26	27
15	16	27	28
15	16	28	29
15	16	29	30
15	16	30	31
15	16	31	32
15	16	32	1
15	16	1	2
15	16	2	3
15	16	3	4
15	16	4	5
15	16	5	6
15	16	6	7
15	16	7	8
15	16	8	9
15	16	9	10
15	16	10	11
15	16	11	12
15	16	12	13
15	16	13	14
16	17	18	19
16	17	19	20
16	17	20	21
16	17	21	22
16	17	22	23
16	17	23	24
16	17	24	25
16	17	25	26
16	17	26	27
16	17	27	28
16	17	28	29
16	17	29	30
16	17	30	31
16	17	31	32
16	17	32	1
16	17	1	2
16	17	2	3
16	17	3	4
16	17	4	5
16	17	5	6
16	17	6	7
16	17	7	8
16	17	8	9
16	17	9	10
16	17	10	11
16	17	11	12
16	17	12	13
16	17	13	14
16	17	14	15
17	18	19	20
17	18	20	21
17	18	21	22
17	18	22	23
17	18	23	24
17	18	24	25
17	18	25	26
17	18	26	27
17	18	27	28
17	18	28	29
17	18	29	30
17	18	30	31
17	18	31	32
17	18	32	1
17	18	1	2
17	18	2	3
17	18	3	4
17	18	4	5
17	18	5	6
17	18	6	7
17	18	7	8
17	18	8	9
17	18	9	10
17	18	10	11
17	18	11	12
17	18	12	13
17	18	13	14
17	18	14	15
17	18	15	16
18	19	20	21
18	19	21	22
18	19	22	23
18	19	23	24
18	19	24	25
18	19	25	26
18	19	26	27
18	19	27	28
18	19	28	29
18	19	29	30
18	19	30	31
18	19	31	32
18	19	32	1
18	19	1	2
18	19	2	3
18	19	3	4
18	19	4	5
18	19	5	6
18	19	6	7
18	19	7	8
18	19	8	9
18	19	9	10
18	19	10	11
18	19	11	12
18	19	12	13
18	19	13	14
18	19	14	15
18	19	15	16
18	19	16	17
19	20	21	22
19	20	22	23
19	20	23	24
19	20	24	25
19	20	25	26
19	20	26	27
19	20	27	28
19	20	28	29
19	20	29	30
19	20	30	31
19	20	31	32
19	20	32	1
19	20	1	2
19	20	2	3
19	20	3	4
19	20	4	5
19	20	5	6
19	20	6	7
19	20	7	8
19	20	8	9
19	20	9	10
19	20	10	11
19	20	11	12
19	20	12	13
19	20	13	14
19	20	14	15
19	20	15	16
19	20	16	17
19	20	17	18
21	22	23	24
21	22	24	25
21	22	25	26
21	22	26	27
21	22	27	28
21	22	28	29
21	22	29	30
21	22	30	31
21	22	31	32
21	22	32	1
21	22	1	2
21	22	2	3
21	22	3	4
21	22	4	5
21	22	5	6
21	22	6	7
21	22	7	8
21	22	8	9
21	22	9	10
21	22	10	11
21	22	11	12
21	22	12	13
21	22	13	14
21	22	14	15
21	22	15	16
21	22	16	17
21	22	17	18
21	22	18	19
21	22	19	20
22	23	24	25
22	23	25	26
22	23	26	27
22	23	27	28
22	23	28	29
22	23	29	30
22	23	30	31
22	23	31	32
22	23	32	1
22	23	1	2
22	23	2	3
22	23	3	4
22	23	4	5
22	23	5	6
22	23	6	7
22	23	7	8
22	23	8	9
22	23	9	10
22	23	10	11
22	23	11	12
22	23	12	13
22	23	13	14
22	23	14	15
22	23	15	16
22	23	16	17
22	23	17	18
22	23	18	19
22	23	19	20
22	23	20	21
23	24	25	26
23	24	26	27
23	24	27	28
23	24	28	29
23	24	29	30
23	24	30	31
23	24	31	32
23	24	32	1
23	24	1	2
23	24	2	3
23	24	3	4
23	24	4	5
23	24	5	6
23	24	6	7
23	24	7	8
23	24	8	9
23	24	9	10
23	24	10	11
23	24	11	12
23	24	12	13
23	24	13	14
23	24	14	15
23	24	15	16
23	24	16	17
23	24	17	18
23	24	18	19
23	24	19	20
23	24	20	21
23	24	21	22
24	25	26	27
24	25	27	28
24	25	28	29
24	25	29	30
24	25	30	31
24	25	31	32
24	25	32	1
24	25	1	2
24	25	2	3
24	25	3	4
24	25	4	5
24	25	5	6
24	25	6	7
24	25	7	8
24	25	8	9
24	25	9	10
24	25	10	11
24	25	11	12
24	25	12	13
24	25	13	14
24	25	14	15
24	25	15	16
24	25	16	17
24	25	17	18
24	25	18	19
24	25	19	20
24	25	20	21
24	25	21	22
24	25	22	23
25	26	27	28
25	26	28	29
25	26	29	30
25	26	30	31
25	26	31	32
25	26	32	1
25	26	1	2
25	26	2	3
25	26	3	4
25	26	4	5
25	26	5	6
25	26	6	7
25	26	7	8
25	26	8	9
25	26	9	10
25	26	10	11
25	26	11	12
25	26	12	13
25	26	13	14
25	26	14	15
25	26	15	16
25	26	16	17
25	26	17	18
25	26	18	19
25	26	19	20
25	26	20	21
25	26	21	22
25	26	22	23
25	26	23	24
26	27	28	29
26	27	29	30
26	27	30	31
26	27	31	32
26	27	32	1
26	27	1	2
26	27	2	3
26	27	3	4
26	27	4	5
26	27	5	6
26	27	6	7
26	27	7	8
26	27	8	9
26	27	9	10
26	27	10	11
26	27	11	12
26	27	12	13
26	27	13	14
26	27	14	15
26	27	15	16
26	27	16	17
26	27	17	18
26	27	18	19
26	27	19	20
26	27	20	21
26	27	21	22
26	27	22	23
26	27	23	24
26	27	24	25
27	28	29	30
27	28	30	31
27	28	31	32
27	28	32	1
27	28	1	2
27	28	2	3
27	28	3	4
27	28	4	5
27	28	5	6
27	28	6	7
27	28	7	8
27	28	8	9
27	28	9	10
27	28	10	11
27	28	11	12
27	28	12	13
27	28	13	14
27	28	14	15
27	28	15	16
27	28	16	17
27	28	17	18
27	28	18	19
27	28	19	20
27	28	20	21
27	28	21	22
27	28	22	23
27	28	23	24
27	28	24	25
27	28	25	26
28	29	30	31
28	29	31	32
28	29	32	1
28	29	1	2
28	29	2	3
28	29	3	4
28	29	4	5
28	29	5	6
28	29	6	7
28	29	7	8
28	29	8	9
28	29	9	10
28	29	10	11
28	29	11	12
28	29	12	13
28	29	13	14
28	29	14	15
28	29	15	16
28	29	16	17
28	29	17	18
28	29	18	19
28	29	19	20
28	29	20	21
28	29	21	22
28	29	22	23
28	29	23	24
28	29	24	25
28	29	25	26
28	29	26	27
29	30	31	32
29	30	32	1
29	30	1	2
29	30	2	3
29	30	3	4
29	30	4	5
29	30	5	6
29	30	6	7
29	30	7	8
29	30	8	9
29	30	9	10
29	30	10	11
29	30	11	12
29	30	12	13
29	30	13	14
29	30	14	15
29	30	15	16
29	30	16	17
29	30	17	18
29	30	18	19
29	30	19	20
29	30	20	21
29	30	21	22
29	30	22	23
29	30	23	24
29	30	24	25
29	30	25	26
29	30	26	27
29	30	27	28
30	31	32	1
30	31	1	2
30	31	2	3
30	31	3	4
30	31	4	5
30	31	5	6
30	31	6	7
30	31	7	8
30	31	8	9
30	31	9	10
30	31	10	11
30	31	11	12
30	31	12	13
30	31	13	14
30	31	14	15
30	31	15	16
30	31	16	17
30	31	17	18
30	31	18	19
30	31	19	20
30	31	20	21
30	31	21	22
30	31	22	23
30	31	23	24
30	31	24	25
30	31	25	26
30	31	26	27
30	31	27	28
30	31	28	29
31	32	1	2
31	32	2	3
31	32	3	4
31	32	4	5
31	32	5	6
31	32	6	7
31	32	7	8
31	32	8	9
31	32	9	10
31	32	10	11
31	32	11	12
31	32	12	13
31	32	13	14
31	32	14	15
31	32	15	16
31	32	16	17
31	32	17	18
31	32	18	19
31	32	19	20
31	32	20	21
31	32	21	22
31	32	22	23
31	32	23	24
31	32	24	25
31	32	25	26
31	32	26	27
31	32	27	28
31	32	28	29
31	32	29	30
32	1	1	2
1	2	27	33
1	2	33	34
1	2	34	35
1	2	35	36
1	2	36	37
1	2	37	38
1	2	38	14
2	3	27	33
2	3	33	34
2	3	34	35
2	3	35	36
2	3	36	37
2	3	37	38
2	3	38	14
3	4	27	33
3	4	33	34
3	4	34	35
3	4	35	36
3	4	36	37
3	4	37	38
3	4	38	14
4	5	27	33
4	5	33	34
4	5	34	35
4	5	35	36
4	5	36	37
4	5	37	38
4	5	38	14
5	6	27	33
5	6	33	34
5	6	34	35
5	6	35	36
5	6	36	37
5	6	37	38
5	6	38	14
6	7	27	33
6	7	33	34
6	7	34	35
6	7	35	36
6	7	36	37
6	7	37	38
6	7	38	14
7	8	27	33
7	8	33	34
7	8	34	35
7	8	35	36
7	8	36	37
7	8	37	38
7	8	38	14
8	9	27	33
8	9	33	34
8	9	34	35
8	9	35	36
8	9	36	37
8	9	37	38
8	9	38	14
9	10	27	33
9	10	33	34
9	10	34	35
9	10	35	36
9	10	36	37
9	10	37	38
9	10	38	14
10	11	27	33
10	11	33	34
10	11	34	35
10	11	35	36
10	11	36	37
10	11	37	38
10	11	38	14
11	12	27	33
11	12	33	34
11	12	34	35
11	12	35	36
11	12	36	37
11	12	37	38
11	12	38	14
12	13	27	33
12	13	33	34
12	13	34	35
12	13	35	36
12	13	36	37
12	13	37	38
12	13	38	14
13	14	27	33
13	14	33	34
13	14	34	35
13	14	35	36
13	14	36	37
13	14	37	38
13	14	38	14
14	15	27	33
14	15	33	34
14	15	34	35
14	15	35	36
14	15	36	37
14	15	37	38
14	15	38	14
15	16	27	33
15	16	33	34
15	16	34	35
15	16	35	36
15	16	36	37
15	16	37	38
15	16	38	14
16	17	27	33
16	17	33	34
16	17	34	35
16	17	35	36
16	17	36	37
16	17	37	38
16	17	38	14
17	18	27	33
17	18	33	34
17	18	34	35
17	18	35	36
17	18	36	37
17	18	37	38
17	18	38	14
18	19	27	33
18	19	33	34
18	19	34	35
18	19	35	36
18	19	36	37
18	19	37	38
18	19	38	14
19	20	27	33
19	20	33	34
19	20	34	35
19	20	35	36
19	20	36	37
19	20	37	38
19	20	38	14
21	22	27	33
21	22	33	34
21	22	34	35
21	22	35	36
21	22	36	37
21	22	37	38
21	22	38	14
22	23	27	33
22	23	33	34
22	23	34	35
22	23	35	36
22	23	36	37
22	23	37	38
22	23	38	14
23	24	27	33
23	24	33	34
23	24	34	35
23	24	35	36
23	24	36	37
23	24	37	38
23	24	38	14
24	25	27	33
24	25	33	34
24	25	34	35
24	25	35	36
24	25	36	37
24	25	37	38
24	25	38	14
25	26	27	33
25	26	33	34
25	26	34	35
25	26	35	36
25	26	36	37
25	26	37	38
25	26	38	14
26	27	33	34
26	27	34	35
26	27	35	36
26	27	36	37
26	27	37	38
26	27	38	14
27	28	33	34
27	28	34	35
27	28	35	36
27	28	36	37
27	28	37	38
27	28	38	14
28	29	33	34
28	29	34	35
28	29	35	36
28	29	36	37
28	29	37	38
28	29	38	14
29	30	33	34
29	30	34	35
29	30	35	36
29	30	36	37
29	30	37	38
29	30	38	14
30	31	33	34
30	31	34	35
30	31	35	36
30	31	36	37
30	31	37	38
30	31	38	14
31	32	33	34
31	32	34	35
31	32	35	36
31	32	36	37
31	32	37	38
31	32	38	14
32	1	33	34
32	1	34	35
32	1	35	36
32	1	36	37
32	1	37	38
32	1	38	14
27	33	1	2
27	33	2	3
27	33	3	4
27	33	4	5
27	33	5	6
27	33	6	7
27	33	7	8
27	33	8	9
27	33	9	10
27	33	10	11
27	33	11	12
27	33	12	13
27	33	13	14
27	33	14	15
27	33	15	16
27	33	16	17
27	33	17	18
27	33	18	19
27	33	19	20
27	33	20	21
27	33	21	22
27	33	22	23
27	33	23	24
27	33	24	25
27	33	25	26
27	33	26	27
27	33	27	28
27	33	28	29
27	33	29	30
27	33	30	31
27	33	31	32
27	33	32	1
33	34	1	2
33	34	2	3
33	34	3	4
33	34	4	5
33	34	5	6
33	34	6	7
33	34	7	8
33	34	8	9
33	34	9	10
33	34	10	11
33	34	11	12
33	34	12	13
33	34	13	14
33	34	14	15
33	34	15	16
33	34	16	17
33	34	17	18
33	34	18	19
33	34	19	20
33	34	20	21
33	34	21	22
33	34	22	23
33	34	23	24
33	34	24	25
33	34	25	26
33	34	26	27
33	34	27	28
33	34	28	29
33	34	29	30
33	34	30	31
33	34	31	32
33	34	32	1
34	35	1	2
34	35	2	3
34	35	3	4
34	35	4	5
34	35	5	6
34	35	6	7
34	35	7	8
34	35	8	9
34	35	9	10
34	35	10	11
34	35	11	12
34	35	12	13
34	35	13	14
34	35	14	15
34	35	15	16
34	35	16	17
34	35	17	18
34	35	18	19
34	35	19	20
34	35	20	21
34	35	21	22
34	35	22	23
34	35	23	24
34	35	24	25
34	35	25	26
34	35	26	27
34	35	27	28
34	35	28	29
34	35	29	30
34	35	30	31
34	35	31	32
34	35	32	1
35	36	1	2
35	36	2	3
35	36	3	4
35	36	4	5
35	36	5	6
35	36	6	7
35	36	7	8
35	36	8	9
35	36	9	10
35	36	10	11
35	36	11	12
35	36	12	13
35	36	13	14
35	36	14	15
35	36	15	16
35	36	16	17
35	36	17	18
35	36	18	19
35	36	19	20
35	36	20	21
35	36	21	22
35	36	22	23
35	36	23	24
35	36	24	25
35	36	25	26
35	36	26	27
35	36	27	28
35	36	28	29
35	36	29	30
35	36	30	31
35	36	31	32
35	36	32	1
36	37	1	2
36	37	2	3
36	37	3	4
36	37	4	5
36	37	5	6
36	37	6	7
36	37	7	8
36	37	8	9
36	37	9	10
36	37	10	11
36	37	11	12
36	37	12	13
36	37	13	14
36	37	14	15
36	37	15	16
36	37	16	17
36	37	17	18
36	37	18	19
36	37	19	20
36	37	20	21
36	37	21	22
36	37	22	23
36	37	23	24
36	37	24	25
36	37	25	26
36	37	26	27
36	37	27	28
36	37	28	29
36	37	29	30
36	37	30	31
36	37	31	32
36	37	32	1
37	38	1	2
37	38	2	3
37	38	3	4
37	38	4	5
37	38	5	6
37	38	6	7
37	38	7	8
37	38	8	9
37	38	9	10
37	38	10	11
37	38	11	12
37	38	12	13
37	38	13	14
37	38	14	15
37	38	15	16
37	38	16	17
37	38	17	18
37	38	18	19
37	38	19	20
37	38	20	21
37	38	21	22
37	38	22	23
37	38	23	24
37	38	24	25
37	38	25	26
37	38	26	27
37	38	27	28
37	38	28	29
37	38	29	30
37	38	30	31
37	38	31	32
37	38	32	1
38	14	1	2
38	14	2	3
38	14	3	4
38	14	4	5
38	14	5	6
38	14	6	7
38	14	7	8
38	14	8	9
38	14	9	10
38	14	10	11
38	14	11	12
38	14	12	13
38	14	13	14
38	14	14	15
38	14	15	16
38	14	16	17
38	14	17	18
38	14	18	19
38	14	19	20
38	14	20	21
38	14	21	22
38	14	22	23
38	14	23	24
38	14	24	25
38	14	25	26
38	14	26	27
38	14	27	28
38	14	28	29
38	14	29	30
38	14	30	31
38	14	31	32
38	14	32	1
27	33	34	35
27	33	35	36
27	33	36	37
27	33	37	38
27	33	38	14
33	34	35	36
33	34	36	37
33	34	37	38
33	34	38	14
34	35	36	37
34	35	37	38
34	35	38	14
35	36	37	38
35	36	38	14
36	37	38	14
37	38	34	35
37	38	35	36
38	14	34	35
38	14	35	36
38	14	36	37
38	14	37	38
38	14	38	14
