270001	320028	-0.696849
270001	310029	-1.609918
270001	320030	-1.276335
270001	300028	-1.534829
300024	290025	0.803167
300024	290027	1.605378
300024	270025	1.607294
300024	280026	1.792693
270021	260022	0.769062
270021	260024	1.580210
270021	240022	1.498224
270021	250023	1.724890
80014	90013	0.696849
80014	90011	1.276335
80014	110013	1.534829
80014	100012	1.609918
110017	120016	0.803167
110017	120014	1.605378
110017	140016	1.607294
110017	130015	1.792693
140020	150019	0.769062
140020	150017	1.580210
140020	170019	1.498224
140020	160018	1.724890
10008	320009	0.725487
10008	310010	1.484330
10008	300011	2.842305
10008	290012	5.359111
10008	280013	10.062151
10008	270014	18.868611
10008	260015	35.358998
10008	250016	66.177244
10008	240017	123.344678
10008	230018	226.651037
10008	220019	397.282505
320009	310010	1.136540
320009	300011	2.261572
320009	290012	4.304825
320009	280013	8.103667
320009	270014	15.207148
320009	260015	28.503460
320009	250016	53.349679
320009	240017	99.437636
320009	230018	182.721695
320009	220019	320.281928
310010	300011	1.282957
310010	290012	2.571995
310010	280013	4.905245
310010	270014	9.238133
310010	260015	17.332948
310010	250016	32.451208
310010	240017	60.490209
310010	230018	111.156397
310010	220019	194.840673
300011	290012	1.331531
300011	280013	2.676307
300011	270014	5.107292
300011	260015	9.617325
300011	250016	18.024208
300011	240017	33.607488
300011	230018	61.761961
300011	220019	108.262070
290012	280013	1.345985
290012	270014	2.707230
290012	260015	5.165668
290012	250016	9.716398
290012	240017	18.135479
290012	230018	33.338020
290012	220019	58.442751
280013	270014	1.350006
280013	260015	2.715023
280013	250016	5.174767
280013	240017	9.693745
280013	230018	17.837998
280013	220019	31.279687
270014	260015	1.350627
270014	250016	2.713251
270014	240017	5.150260
270014	230018	9.511747
270014	220019	16.696260
260015	250016	1.348951
260015	240017	2.698797
260015	230018	5.050543
260015	220019	8.897527
250016	240017	1.342011
250016	230018	2.646952
250016	220019	4.724949
240017	230018	1.317880
240017	220019	2.478952
230018	220019	1.239402
270033	340035	-31.274585
270033	350036	-96.324377
270033	360037	-222.398441
270033	370038	-480.136079
270033	380014	-1319.699648
330034	350036	-25.218829
330034	360037	-72.008190
330034	370038	-168.843617
330034	380014	-480.136079
340035	360037	-24.343269
340035	370038	-72.008190
340035	380014	-222.398441
350036	370038	-25.218829
350036	380014	-96.324377
360037	380014	-31.274585
270033	10002	3849.717693
270033	20003	1843.832791
270033	30004	1431.956607
270033	40005	1403.226760
270033	50006	1646.547581
270033	60007	2379.800150
270033	70008	5336.674034
270033	80009	2892.697465
270033	90010	942.049682
270033	100011	553.661164
270033	110012	410.734880
270033	120013	425.558787
270033	130014	986.579821
270033	140015	-976.018760
270033	150016	-422.787161
270033	160017	-406.391633
270033	170018	-539.652279
270033	180019	-871.742367
270033	190020	-1732.747992
270033	200021	-394.278225
270033	210022	-1299.931704
270033	220023	-540.284919
270033	230024	-226.948704
270033	240025	-80.676657
270033	250026	-19.308644
270033	280029	19.314446
270033	290030	80.849861
270033	300031	229.488257
270033	310032	568.610570
270033	320001	2049.394947
330034	10002	1843.832791
330034	20003	875.188180
330034	30004	670.299983
330034	40005	646.577219
330034	50006	747.637162
330034	60007	1068.361957
330034	70008	2379.800150
330034	80009	1287.980701
330034	90010	413.452863
330034	100011	235.832689
330034	110012	167.139767
330034	120013	164.118108
330034	130014	365.687017
330034	140015	-362.536753
330034	150016	-163.223586
330034	160017	-165.577059
330034	170018	-230.295148
330034	180019	-383.797982
330034	190020	-776.372157
330034	200021	-182.178966
330034	210022	-620.266633
330034	220023	-264.244959
330034	230024	-117.491572
330034	240025	-48.035141
330034	250026	-17.509100
330034	260027	-11.277286
330034	270028	11.280321
330034	280029	17.519423
330034	290030	48.167884
330034	300031	118.960976
330034	310032	278.835957
330034	320001	984.000196
340035	10002	1431.956607
340035	20003	670.299983
340035	30004	502.292463
340035	40005	472.417121
340035	50006	533.251804
340035	60007	747.637162
340035	70008	1646.547581
340035	80009	888.753727
340035	90010	278.333165
340035	100011	150.575710
340035	110012	97.987999
340035	120013	86.388209
340035	130014	176.887247
340035	140015	-175.877071
340035	150016	-86.048709
340035	160017	-97.250704
340035	170018	-147.463347
340035	180019	-259.651476
340035	190020	-541.188504
340035	200021	-133.513386
340035	210022	-478.643458
340035	220023	-211.749315
340035	230024	-102.259409
340035	240025	-50.132875
340035	250026	-27.631801
340035	260027	-35.098618
340035	270028	35.138752
340035	280029	27.666866
340035	290030	50.329798
340035	300031	103.771979
340035	310032	224.429748
340035	320001	767.038955
350036	10002	1403.226760
350036	20003	646.577219
350036	30004	472.417121
350036	40005	431.117549
350036	50006	472.417121
350036	60007	646.577219
350036	70008	1403.226760
350036	80009	754.695200
350036	90010	228.807842
350036	100011	115.101839
350036	110012	65.919069
350036	120013	48.400614
350036	130014	84.332912
350036	140015	-84.080609
350036	150016	-48.283531
350036	160017	-65.551510
350036	170018	-113.087853
350036	180019	-214.686322
350036	190020	-465.217848
350036	200021	-122.000063
350036	210022	-465.217848
350036	220023	-214.686322
350036	230024	-113.087853
350036	240025	-65.551510
350036	250026	-48.283531
350036	260027	-84.080609
350036	270028	84.332912
350036	280029	48.400614
350036	290030	65.919069
350036	300031	115.101839
350036	310032	228.807842
350036	320001	754.695200
360037	10002	1646.547581
360037	20003	747.637162
360037	30004	533.251804
360037	40005	472.417121
360037	50006	502.292463
360037	60007	670.299983
360037	70008	1431.956607
360037	80009	767.038955
360037	90010	224.429748
360037	100011	103.771979
360037	110012	50.329798
360037	120013	27.666866
360037	130014	35.138752
360037	140015	-35.098618
360037	150016	-27.631801
360037	160017	-50.132875
360037	170018	-102.259409
360037	180019	-211.749315
360037	190020	-478.643458
360037	200021	-133.513386
360037	210022	-541.188504
360037	220023	-259.651476
360037	230024	-147.463347
360037	240025	-97.250704
360037	250026	-86.048709
360037	260027	-175.877071
360037	270028	176.887247
360037	280029	86.388209
360037	290030	97.987999
360037	300031	150.575710
360037	310032	278.333165
360037	320001	888.753727
370038	10002	2379.800150
370038	20003	1068.361957
370038	30004	747.637162
370038	40005	646.577219
370038	50006	670.299983
370038	60007	875.188180
370038	70008	1843.832791
370038	80009	984.000196
370038	90010	278.835957
370038	100011	118.960976
370038	110012	48.167884
370038	120013	17.519423
370038	130014	11.280321
370038	140015	-11.277286
370038	150016	-17.509100
370038	160017	-48.035141
370038	170018	-117.491572
370038	180019	-264.244959
370038	190020	-620.266633
370038	200021	-182.178966
370038	210022	-776.372157
370038	220023	-383.797982
370038	230024	-230.295148
370038	240025	-165.577059
370038	250026	-163.223586
370038	260027	-362.536753
370038	270028	365.687017
370038	280029	164.118108
370038	290030	167.139767
370038	300031	235.832689
370038	310032	413.452863
370038	320001	1287.980701
380014	10002	5336.674034
380014	20003	2379.800150
380014	30004	1646.547581
380014	40005	1403.226760
380014	50006	1431.956607
380014	60007	1843.832791
380014	70008	3849.717693
380014	80009	2049.394947
380014	90010	568.610570
380014	100011	229.488257
380014	110012	80.849861
380014	120013	19.314446
380014	150016	-19.308644
380014	160017	-80.676657
380014	170018	-226.948704
380014	180019	-540.284919
380014	190020	-1299.931704
380014	200021	-394.278225
380014	210022	-1732.747992
380014	220023	-871.742367
380014	230024	-539.652279
380014	240025	-406.391633
380014	250026	-422.787161
380014	260027	-976.018760
380014	270028	986.579821
380014	280029	425.558787
380014	290030	410.734880
380014	300031	553.661164
380014	310032	942.049682
380014	320001	2892.697465
10002	30004	-36.920188
10002	40005	-88.560283
10002	50006	-169.855617
10002	60007	-331.360274
10002	70008	-868.595465
10002	80009	-481.624895
10002	90010	-217.474066
10002	100011	-218.747093
10002	110012	-289.628499
10002	120013	-447.750437
10002	130014	-755.489622
10002	140015	-1338.170135
10002	150016	-2435.096947
10002	160017	-4504.701352
10002	170018	-8463.611662
10002	180019	-16429.621080
10002	190020	-35792.401992
10002	200021	-9385.897085
10002	210022	-35550.869287
10002	220023	-16245.571542
10002	230024	-8293.011124
10002	240025	-4337.685314
10002	250026	-2269.022758
10002	260027	-1172.265482
10002	270028	-589.419372
10002	280029	-281.009096
10002	290030	-120.614383
10002	300031	-41.664256
10002	310032	-8.853286
20003	40005	-27.349925
20003	50006	-61.682305
20003	60007	-124.699779
20003	70008	-331.360274
20003	80009	-183.945057
20003	90010	-85.467338
20003	100011	-89.850041
20003	110012	-124.038179
20003	120013	-197.725952
20003	130014	-340.174083
20003	140015	-609.433403
20003	150016	-1116.090787
20003	160017	-2071.870005
20003	170018	-3900.010745
20003	180019	-7578.193678
20003	190020	-16517.384336
20003	200021	-4334.583708
20003	210022	-16430.226047
20003	220023	-7511.777716
20003	230024	-3838.447661
20003	240025	-2011.600635
20003	250026	-1056.160819
20003	260027	-549.563642
20003	270028	-280.241282
20003	280029	-137.539766
20003	290030	-62.994281
20003	300031	-25.773999
20003	310032	-9.733196
20003	320001	-10.884802
30004	50006	-25.843080
30004	60007	-61.682305
30004	70008	-169.855617
30004	80009	-94.643540
30004	90010	-46.519915
30004	100011	-53.393349
30004	110012	-79.774577
30004	120013	-134.333455
30004	130014	-238.950399
30004	140015	-436.308779
30004	150016	-807.470608
30004	160017	-1507.515395
30004	170018	-2846.349459
30004	180019	-5539.654899
30004	190020	-12083.767222
30004	200021	-3174.886878
30004	210022	-12048.827251
30004	220023	-5513.029820
30004	230024	-2821.669744
30004	240025	-1483.354147
30004	250026	-783.445391
30004	260027	-412.307280
30004	270028	-214.922145
30004	280029	-110.198795
30004	290030	-55.280976
30004	300031	-27.646896
30004	310032	-16.095918
30004	320001	-25.549352
40005	60007	-27.349925
40005	70008	-88.560283
40005	80009	-50.452600
40005	90010	-27.230349
40005	100011	-36.313385
40005	110012	-61.313126
40005	120013	-111.493848
40005	130014	-207.208491
40005	140015	-387.566740
40005	150016	-726.655836
40005	160017	-1366.130599
40005	170018	-2588.986730
40005	180019	-5048.558449
40005	190020	-11023.103935
40005	200021	-2900.403931
40005	210022	-11023.103935
40005	220023	-5048.558449
40005	230024	-2588.986730
40005	240025	-1366.130599
40005	250026	-726.655836
40005	260027	-387.566740
40005	270028	-207.208491
40005	280029	-111.493848
40005	290030	-61.313126
40005	300031	-36.313385
40005	310032	-27.230349
40005	320001	-50.452600
50006	70008	-36.920188
50006	80009	-25.549352
50006	90010	-16.095918
50006	100011	-27.646896
50006	110012	-55.280976
50006	120013	-110.198795
50006	130014	-214.922145
50006	140015	-412.307280
50006	150016	-783.445391
50006	160017	-1483.354147
50006	170018	-2821.669744
50006	180019	-5513.029820
50006	190020	-12048.827251
50006	200021	-3174.886878
50006	210022	-12083.767222
50006	220023	-5539.654899
50006	230024	-2846.349459
50006	240025	-1507.515395
50006	250026	-807.470608
50006	260027	-436.308779
50006	270028	-238.950399
50006	280029	-134.333455
50006	290030	-79.774577
50006	300031	-53.393349
50006	310032	-46.519915
50006	320001	-94.643540
60007	80009	-10.884802
60007	90010	-9.733196
60007	100011	-25.773999
60007	110012	-62.994281
60007	120013	-137.539766
60007	130014	-280.241282
60007	140015	-549.563642
60007	150016	-1056.160819
60007	160017	-2011.600635
60007	170018	-3838.447661
60007	180019	-7511.777716
60007	190020	-16430.226047
60007	200021	-4334.583708
60007	210022	-16517.384336
60007	220023	-7578.193678
60007	230024	-3900.010745
60007	240025	-2071.870005
60007	250026	-1116.090787
60007	260027	-609.433403
60007	270028	-340.174083
60007	280029	-197.725952
60007	290030	-124.038179
60007	300031	-89.850041
60007	310032	-85.467338
60007	320001	-183.945057
70008	90010	-8.853286
70008	100011	-41.664256
70008	110012	-120.614383
70008	120013	-281.009096
70008	130014	-589.419372
70008	140015	-1172.265482
70008	150016	-2269.022758
70008	160017	-4337.685314
70008	170018	-8293.011124
70008	180019	-16245.571542
70008	190020	-35550.869287
70008	200021	-9385.897085
70008	210022	-35792.401992
70008	220023	-16429.621080
70008	230024	-8463.611662
70008	240025	-4504.701352
70008	250026	-2435.096947
70008	260027	-1338.170135
70008	270028	-755.489622
70008	280029	-447.750437
70008	290030	-289.628499
70008	300031	-218.747093
70008	310032	-217.474066
70008	320001	-481.624895
80009	100011	-20.160816
80009	110012	-62.484614
80009	120013	-148.631336
80009	130014	-314.348010
80009	140015	-627.565515
80009	150016	-1216.975608
80009	160017	-2328.703873
80009	170018	-4454.332806
80009	180019	-8728.024264
80009	190020	-19102.291516
80009	200021	-5044.199394
80009	210022	-19239.258072
80009	220023	-8832.394304
80009	230024	-4551.076055
80009	240025	-2423.414615
80009	250026	-1311.151861
80009	260027	-721.644790
80009	270028	-408.518193
80009	280029	-243.171854
80009	290030	-158.277878
80009	300031	-120.388496
80009	310032	-120.322739
80009	320001	-266.949355
90010	110012	-13.788266
90010	120013	-39.019846
90010	130014	-88.522632
90010	140015	-182.604101
90010	150016	-359.921868
90010	160017	-694.506603
90010	170018	-1334.248895
90010	180019	-2620.287075
90010	190020	-5741.159162
90010	200021	-1518.543497
90010	210022	-5801.533586
90010	220023	-2666.293386
90010	230024	-1376.893322
90010	240025	-736.254903
90010	250026	-401.434539
90010	260027	-224.073565
90010	270028	-130.030791
90010	280029	-80.686679
90010	290030	-55.987629
90010	300031	-46.395467
90010	310032	-50.858923
90010	320001	-120.322739
100011	120013	-13.211841
100011	130014	-36.701267
100011	140015	-82.373673
100011	150016	-168.990035
100011	160017	-332.697135
100011	170018	-645.793418
100011	180019	-1275.002402
100011	190020	-2800.861059
100011	200021	-743.714226
100011	210022	-2852.354113
100011	220023	-1314.240769
100011	230024	-682.164503
100011	240025	-368.303793
100011	250026	-204.395329
100011	260027	-117.740862
100011	270028	-72.097293
100011	280029	-48.724911
100011	290030	-38.176886
100011	300031	-36.663714
100011	310032	-46.395467
100011	320001	-120.388496
110012	130014	-13.066270
110012	140015	-36.116474
110012	150016	-80.859328
110012	160017	-165.944246
110012	170018	-328.886397
110012	180019	-656.220386
110012	190020	-1448.983249
110012	200021	-387.692668
110012	210022	-1498.223943
110012	220023	-693.742425
110012	230024	-363.666430
110012	240025	-199.992935
110012	250026	-114.714262
110012	260027	-69.931018
110012	270028	-46.890845
110012	280029	-36.139720
110012	290030	-33.403236
110012	300031	-38.176886
110012	310032	-55.987629
110012	320001	-158.277878
120013	140015	-13.027569
120013	150016	-35.975358
120013	160017	-80.632258
120013	170018	-166.624578
120013	180019	-339.398321
120013	190020	-756.890359
120013	200021	-205.473294
120013	210022	-805.525324
120013	220023	-376.458668
120013	230024	-200.976270
120013	240025	-114.260449
120013	250026	-69.408281
120013	260027	-46.403262
120013	270028	-35.587131
120013	280029	-32.530944
120013	290030	-36.139720
120013	300031	-48.724911
120013	310032	-80.686679
120013	320001	-243.171854
130014	150016	-13.021661
130014	160017	-36.007228
130014	170018	-81.249216
130014	180019	-172.448500
130014	190020	-392.060617
130014	200021	-109.391547
130014	210022	-440.545757
130014	220023	-209.394241
130014	230024	-115.493498
130014	240025	-69.526339
130014	250026	-46.328831
130014	260027	-35.451260
130014	270028	-32.295523
130014	280029	-35.587131
130014	290030	-46.890845
130014	300031	-72.097293
130014	310032	-130.030791
130014	320001	-408.518193
140015	160017	-13.037649
140015	170018	-36.271942
140015	180019	-83.948629
140015	190020	-198.340214
140015	200021	-58.291425
140015	210022	-246.819612
140015	220023	-120.888665
140015	230024	-70.506914
140015	240025	-46.530256
140015	250026	-35.482035
140015	260027	-32.259452
140015	270028	-35.451260
140015	280029	-46.403262
140015	290030	-69.931018
140015	300031	-117.740862
140015	310032	-224.073565
140015	320001	-721.644790
150016	170018	-13.105270
150016	180019	-37.295999
150016	190020	-95.592743
150016	200021	-31.028737
150016	210022	-144.162408
150016	220023	-74.300452
150016	230024	-47.382201
150016	240025	-35.735669
150016	250026	-32.356982
150016	260027	-35.482035
150016	270028	-46.328831
150016	280029	-69.408281
150016	290030	-114.714262
150016	300031	-204.395329
150016	310032	-401.434539
150016	320001	-1311.151861
160017	180019	-13.359307
160017	190020	-41.687451
160017	200021	-16.434500
160017	210022	-90.569601
160017	220023	-50.582924
160017	230024	-36.684988
160017	240025	-32.766679
160017	250026	-35.735669
160017	260027	-46.530256
160017	270028	-69.526339
160017	280029	-114.260449
160017	290030	-199.992935
160017	300031	-368.303793
160017	310032	-736.254903
160017	320001	-2423.414615
170018	190020	-14.456656
170018	200021	-8.545243
170018	210022	-64.408617
170018	220023	-40.255264
170018	230024	-34.266111
170018	240025	-36.684988
170018	250026	-47.382201
170018	260027	-70.506914
170018	270028	-115.493498
170018	280029	-200.976270
170018	290030	-363.666430
170018	300031	-682.164503
170018	310032	-1376.893322
170018	320001	-4551.076055
180019	200021	-4.130062
180019	210022	-56.209004
180019	220023	-40.096698
180019	230024	-40.255264
180019	240025	-50.582924
180019	250026	-74.300452
180019	260027	-120.888665
180019	270028	-209.394241
180019	280029	-376.458668
180019	290030	-693.742425
180019	300031	-1314.240769
180019	310032	-2666.293386
180019	320001	-8832.394304
190020	210022	-69.910951
190020	220023	-56.209004
190020	230024	-64.408617
190020	240025	-90.569601
190020	250026	-144.162408
190020	260027	-246.819612
190020	270028	-440.545757
190020	280029	-805.525324
190020	290030	-1498.223943
190020	300031	-2852.354113
190020	310032	-5801.533586
190020	320001	-19239.258072
210022	230024	-14.456656
210022	240025	-41.687451
210022	250026	-95.592743
210022	260027	-198.340214
210022	270028	-392.060617
210022	280029	-756.890359
210022	290030	-1448.983249
210022	300031	-2800.861059
210022	310032	-5741.159162
210022	320001	-19102.291516
220023	240025	-13.359307
220023	250026	-37.295999
220023	260027	-83.948629
220023	270028	-172.448500
220023	280029	-339.398321
220023	290030	-656.220386
220023	300031	-1275.002402
220023	310032	-2620.287075
220023	320001	-8728.024264
220023	200021	-4.130062
230024	250026	-13.105270
230024	260027	-36.271942
230024	270028	-81.249216
230024	280029	-166.624578
230024	290030	-328.886397
230024	300031	-645.793418
230024	310032	-1334.248895
230024	320001	-4454.332806
230024	200021	-8.545243
240025	260027	-13.037649
240025	270028	-36.007228
240025	280029	-80.632258
240025	290030	-165.944246
240025	300031	-332.697135
240025	310032	-694.506603
240025	320001	-2328.703873
240025	200021	-16.434500
250026	270028	-13.021661
250026	280029	-35.975358
250026	290030	-80.859328
250026	300031	-168.990035
250026	310032	-359.921868
250026	320001	-1216.975608
250026	200021	-31.028737
260027	280029	-13.027569
260027	290030	-36.116474
260027	300031	-82.373673
260027	310032	-182.604101
260027	320001	-627.565515
260027	200021	-58.291425
270028	290030	-13.066270
270028	300031	-36.701267
270028	310032	-88.522632
270028	320001	-314.348010
270028	200021	-109.391547
280029	300031	-13.211841
280029	310032	-39.019846
280029	320001	-148.631336
280029	200021	-205.473294
290030	310032	-13.788266
290030	320001	-62.484614
290030	200021	-387.692668
300031	320001	-20.160816
300031	200021	-743.714226
310032	200021	-1518.543497
330036	10004	85.222882
330036	20005	63.437556
330036	30006	59.129422
330036	40007	66.082042
330036	50008	91.827781
330036	60009	113.804984
330036	70010	65.151897
330036	80011	30.140455
330036	90012	16.310594
330036	100013	11.203526
330036	110014	11.119284
330036	120015	26.152060
330036	130016	-25.939865
330036	140017	-11.065162
330036	150018	-11.110798
330036	160019	-15.959537
330036	170020	-27.497871
330036	180021	-26.612815
330036	190022	-30.948211
330036	200023	-24.880833
330036	210024	-21.669011
330036	220025	-10.382261
330036	230026	-5.071827
330036	240027	-3.343443
330036	250028	-8.763756
330036	260029	8.787907
330036	270030	3.348392
330036	280031	5.091259
330036	290032	10.532644
330036	300001	23.370953
330036	310002	55.521922
330036	320003	102.255381
350038	10004	91.827781
350038	20005	66.082042
350038	30006	59.129422
350038	40007	63.437556
350038	50008	85.222882
350038	60009	102.255381
350038	70010	55.521922
350038	80011	23.370953
350038	90012	10.532644
350038	100013	5.091259
350038	110014	3.348392
350038	120015	8.787907
350038	130016	-8.763756
350038	140017	-3.343443
350038	150018	-5.071827
350038	160019	-10.382261
350038	170020	-21.669011
350038	180021	-24.880833
350038	190022	-30.948211
350038	200023	-26.612815
350038	210024	-27.497871
350038	220025	-15.959537
350038	230026	-11.110798
350038	240027	-11.065162
350038	250028	-25.939865
350038	260029	26.152060
350038	270030	11.119284
350038	280031	11.203526
350038	290032	16.310594
350038	300001	30.140455
350038	310002	65.151897
350038	320003	113.804984
20004	270035	135.908043
20004	330036	102.243200
20004	340037	96.534838
20004	350038	109.292333
20004	360014	153.517197
50008	270035	129.385435
50008	340037	80.793232
50008	360014	112.887602
30006	270035	80.793232
30006	340037	53.998702
30006	360014	80.793232
210024	270035	-26.648823
210024	340037	-22.360622
210024	360014	-41.163150
250028	340037	-14.572352
250028	360014	-49.553159
290032	340037	12.102277
290032	360014	26.052775
230026	270035	-4.525902
230026	340037	-7.173063
230026	360014	-19.277979
270030	340037	6.265862
270030	360014	20.814607
90012	270035	26.052775
90012	340037	12.102277
90012	360014	11.737204
130016	270035	-49.553159
130016	340037	-14.572352
130016	360014	-6.888900
170020	270035	-41.163150
170020	340037	-22.360622
170020	360014	-26.648823
110014	270035	20.814607
110014	340037	6.265862
150018	270035	-19.277979
150018	340037	-7.173063
150018	360014	-4.525902
20004	50008	-11.357988
20004	60009	-20.350455
20004	70010	-17.210480
20004	80011	-12.649022
20004	90012	-11.954218
20004	100013	-15.883705
20004	110014	-24.860988
20004	120015	-42.446388
20004	130016	-75.804184
20004	140017	-138.633926
20004	150018	-257.191369
20004	160019	-483.977916
20004	170020	-940.283630
20004	180021	-998.555460
20004	190022	-1200.723107
20004	200023	-995.969967
20004	210024	-931.711266
20004	220025	-476.031973
20004	230026	-249.412300
20004	240027	-130.898546
20004	250028	-68.076110
20004	260029	-34.708559
20004	270030	-17.085197
20004	280031	-7.982234
20004	290032	-3.652277
20004	300001	-2.696515
50008	90012	-2.386370
50008	100013	-6.206204
50008	110014	-13.874192
50008	120015	-28.637234
50008	130016	-56.561749
50008	140017	-109.124926
50008	150018	-208.278462
50008	160019	-397.871284
50008	170020	-779.082368
50008	180021	-833.143703
50008	190022	-1004.578957
50008	200023	-835.565665
50008	210024	-787.112556
50008	220025	-405.314684
50008	230026	-215.565563
50008	240027	-116.371323
50008	250028	-63.802045
50008	260029	-35.889307
50008	270030	-21.171463
50008	280031	-13.658370
50008	290032	-10.386921
50008	300001	-11.073764
50008	310002	-15.167609
50008	320003	-18.055626
50008	10004	-10.193653
30006	70010	-4.270977
30006	80011	-3.672267
30006	90012	-4.004496
30006	100013	-6.457461
30006	110014	-11.616278
30006	120015	-21.528904
30006	130016	-40.237530
30006	140017	-75.425975
30006	150018	-141.794101
30006	160019	-268.712764
30006	170020	-523.990897
30006	180021	-558.292894
30006	190022	-672.195298
30006	200023	-558.292894
30006	210024	-523.990897
30006	220025	-268.712764
30006	230026	-141.794101
30006	240027	-75.425975
30006	250028	-40.237530
30006	260029	-21.528904
30006	270030	-11.616278
30006	280031	-6.457461
30006	290032	-4.004496
30006	300001	-3.672267
30006	310002	-4.270977
210024	250028	-5.594110
210024	260029	-13.253849
210024	270030	-27.638853
210024	280031	-54.904299
210024	290032	-108.111461
210024	300001	-227.969304
210024	310002	-524.385273
210024	320003	-946.789583
210024	10004	-779.082368
210024	20005	-571.971052
210024	40007	-575.190204
210024	60009	-960.807047
210024	70010	-536.027539
210024	80011	-236.070444
210024	90012	-114.813391
210024	100013	-61.313717
210024	110014	-33.971720
210024	120015	-19.575531
210024	130016	-11.945837
210024	140017	-7.931665
210024	150018	-5.912926
210024	160019	-5.123148
210024	170020	-5.412921
250028	290032	-5.511346
250028	300001	-14.194074
250028	310002	-35.539174
250028	320003	-67.017331
250028	10004	-56.561749
250028	20005	-42.604197
250028	40007	-45.507689
250028	60009	-79.653335
250028	70010	-46.035746
250028	80011	-21.506991
250028	90012	-11.595081
250028	100013	-7.371541
250028	110014	-5.286597
250028	120015	-4.306557
250028	130016	-4.018975
250028	140017	-4.311819
250028	150018	-5.305673
250028	160019	-7.445419
250028	170020	-11.945837
250028	180021	-10.174022
250028	190022	-11.131341
250028	200023	-8.257518
290032	10004	-2.386370
290032	20005	-2.821883
290032	40007	-6.089244
290032	60009	-15.048926
290032	70010	-10.566913
290032	80011	-6.367999
290032	90012	-4.805568
290032	100013	-4.770943
290032	110014	-5.634872
290032	120015	-7.649353
290032	130016	-11.595081
290032	140017	-19.072955
290032	150018	-33.204523
290032	160019	-60.266652
290032	170020	-114.813391
290032	180021	-119.756047
290032	190022	-142.974452
290032	200023	-117.734706
290032	220025	-54.053795
290032	230026	-27.119890
290032	240027	-13.014208
230026	270030	-5.419782
230026	280031	-12.803134
230026	300001	-59.118780
230026	310002	-138.212995
230026	320003	-251.766342
230026	10004	-208.278462
230026	20005	-153.755359
230026	40007	-156.676730
230026	60009	-264.486477
230026	70010	-148.777961
230026	80011	-66.470920
230026	90012	-33.204523
230026	100013	-18.630313
230026	110014	-11.207147
230026	120015	-7.319616
230026	130016	-5.305673
230026	140017	-4.355168
230026	150018	-4.110118
230026	160019	-4.517152
230026	170020	-5.912926
230026	180021	-3.314841
230026	190022	-2.879976
270030	310002	-6.715501
270030	320003	-15.111974
270030	10004	-13.874192
270030	20005	-11.282214
270030	40007	-14.218977
270030	60009	-27.818632
270030	70010	-17.291131
270030	80011	-8.975792
270030	90012	-5.634872
270030	100013	-4.424162
270030	110014	-4.067780
270030	120015	-4.329785
270030	130016	-5.286597
270030	140017	-7.304466
270030	150018	-11.207147
270030	160019	-18.729186
270030	170020	-33.971720
270030	180021	-33.738286
270030	190022	-39.481366
270030	200023	-31.828168
270030	220025	-12.850283
90012	130016	-5.511346
90012	140017	-13.014208
90012	150018	-27.119890
90012	160019	-54.053795
90012	170020	-108.111461
90012	180021	-117.734706
90012	190022	-142.974452
90012	200023	-119.756047
90012	220025	-60.266652
90012	240027	-19.072955
90012	260029	-7.649353
90012	280031	-4.770943
90012	300001	-6.367999
90012	310002	-10.566913
90012	320003	-15.048926
90012	10004	-10.386921
90012	20005	-6.089244
90012	40007	-2.821883
130016	170020	-5.594110
130016	180021	-8.257518
130016	190022	-11.131341
130016	200023	-10.174022
130016	220025	-7.445419
130016	240027	-4.311819
130016	260029	-4.306557
130016	280031	-7.371541
130016	300001	-21.506991
130016	310002	-46.035746
130016	320003	-79.653335
130016	10004	-63.802045
130016	20005	-45.507689
130016	40007	-42.604197
130016	60009	-67.017331
130016	70010	-35.539174
130016	80011	-14.194074
170020	220025	-5.123148
170020	240027	-7.931665
170020	260029	-19.575531
170020	280031	-61.313717
170020	300001	-236.070444
170020	310002	-536.027539
170020	320003	-960.807047
170020	10004	-787.112556
170020	20005	-575.190204
170020	40007	-571.971052
170020	60009	-946.789583
170020	70010	-524.385273
170020	80011	-227.969304
170020	100013	-54.904299
170020	110014	-27.638853
170020	120015	-13.253849
110014	150018	-5.419782
110014	160019	-12.850283
110014	180021	-31.828168
110014	190022	-39.481366
110014	200023	-33.738286
110014	220025	-18.729186
110014	240027	-7.304466
110014	260029	-4.329785
110014	280031	-4.424162
110014	300001	-8.975792
110014	310002	-17.291131
110014	320003	-27.818632
110014	10004	-21.171463
110014	20005	-14.218977
110014	40007	-11.282214
110014	60009	-15.111974
110014	70010	-6.715501
150018	190022	-2.879976
150018	200023	-3.314841
150018	220025	-4.517152
150018	240027	-4.355168
150018	260029	-7.319616
150018	280031	-18.630313
150018	300001	-66.470920
150018	310002	-148.777961
150018	320003	-264.486477
150018	10004	-215.565563
150018	20005	-156.676730
150018	40007	-153.755359
150018	60009	-251.766342
150018	70010	-138.212995
150018	80011	-59.118780
150018	100013	-12.803134
