1925
10002 200021 -0.005095 -2630.658808
10027 300028 838.923062 -0.183704
10027 310029 813.420209 -0.438831
10027 320028 1937.378617 -0.287325
10027 320030 1098.455563 -0.366464
20003 200021 -0.149128 3138.261046
20003 320001 -142.403786 3141.471086
20004 50008 -123.400377 3135.142482
20004 60009 -59.960096 -3140.580210
20004 70010 -70.124448 -3140.363109
20004 80011 -96.352126 -3140.745033
20004 90012 -119.000229 -3140.924557
20004 100013 -63.470485 -3141.009402
20004 110014 -49.529487 -3140.969672
20004 120015 -12.576481 -3141.419960
20004 130016 -29.953129 -3141.074592
20004 140017 -7.494792 3140.605049
20004 150018 -3.809401 3141.119881
20004 160019 -1.933188 3136.892972
20004 170020 -0.899516 -3136.092484
20004 180021 -0.755111 3138.291131
20004 190022 -0.603947 -3136.682141
20004 200023 -0.779570 -3141.280986
20004 210024 -0.924083 -3132.864675
20004 220025 -2.027692 -3141.265725
20004 230026 -4.052129 -3140.547353
20004 240027 -8.271268 -3140.543066
20004 250028 -16.809089 -3140.138954
20004 260029 -34.824371 -3140.652440
20004 270030 -75.974056 -3140.871194
20004 270035 7.703489 1.575580
20004 280031 -170.865016 -3141.036181
20004 290032 -402.750884 -3141.125748
20004 300001 -561.815485 -3141.241951
20004 330036 10.003924 0.393184
20004 340037 10.399526 0.598672
20004 350038 9.207897 0.578369
20004 360014 6.666718 -0.214997
10002 30004 -36.959044 -3140.140954
30004 10002 -36.840489 -3140.932909
30004 200021 -0.228684 3123.958831
30004 320001 -60.372089 3141.579470
30006 70010 -351.131052 3135.099389
30006 80011 -391.439031 3135.243729
30006 100013 -173.676073 3135.848388
30006 120015 -24.297267 3136.326982
30006 140017 -14.042317 3135.937341
30006 160019 -3.596857 3134.067252
30006 180021 -1.360032 3134.204294
30006 190022 -1.052495 3134.763855
30006 200023 -1.402028 3138.430435
30006 220025 -3.676288 3139.704847
30006 240027 -14.474077 3138.152532
30006 260029 -56.179658 3137.806704
30006 270035 12.955763 -4.549327
30006 280031 -209.549285 3138.116616
30006 300001 -401.443812 3138.928232
30006 310002 -347.702411 3139.278837
30006 340037 18.756386 -4.400399
30006 360014 12.923071 -4.554903
10002 40005 -15.053768 3141.169480
40005 10002 -15.215127 3138.891431
20003 40005 -55.602943 3139.576974
40005 20003 -55.736193 3139.513204
40005 200021 -0.234409 3136.587782
40005 320001 -30.794061 3138.436812
10002 50006 -7.495661 3134.723517
50006 10002 -7.526868 3131.985058
20003 50006 -23.185553 3132.036451
50006 20003 -23.327094 3131.548482
30004 50006 -54.670681 3132.484902
50006 30004 -54.741416 3132.311559
50006 200021 -0.216837 3121.248109
50006 320001 -15.541158 3130.572235
50008 10004 -135.964507 3135.304187
50008 100013 -204.352181 3138.566526
50008 120015 -17.931482 3136.735736
50008 140017 -10.015916 3135.781111
50008 160019 -2.565578 3131.208041
50008 180021 -0.924571 3132.716689
50008 190022 -0.673755 3133.838972
50008 200023 -0.950562 3140.672958
50008 220025 -2.524027 -3140.480379
50008 240027 -9.467226 3139.361606
50008 260029 -33.449718 3137.999643
50008 270035 8.024052 -5.035995
50008 280031 -95.497616 3136.895151
50008 300001 -123.511771 3136.011331
50008 310002 -90.354687 3135.779194
50008 320003 -76.083717 3135.535884
50008 340037 12.713127 -3.964772
50008 360014 9.565664 -3.535663
10002 60007 -3.091639 -3141.272852
60007 10002 -3.145176 -3138.402680
20003 60007 -9.222001 3141.357565
60007 20003 -9.394920 -3140.511277
30004 60007 -18.135310 3140.194422
60007 30004 -18.366201 3141.172664
40005 60007 -45.531964 3135.477139
60007 40005 -46.008418 3136.240997
60007 200021 -0.166711 3122.492743
60007 320001 -6.627993 3140.038366
10002 70008 -1.317192 -3141.585144
70008 10002 -1.170142 -3133.270171
20003 70008 -3.632996 -3139.629725
70008 20003 -3.640668 -3138.042585
30004 70008 -6.783825 -3140.640415
70008 30004 -6.905609 -3140.168420
40005 70008 -14.318773 3135.899896
70008 40005 -14.674838 3136.760002
50006 70008 -46.833254 3134.906003
70008 50006 -46.801503 3135.735123
70008 200021 -0.137165 3124.129645
70008 320001 -2.840141 3139.664503
10002 80009 -2.215965 3140.454011
80009 10002 -2.460481 3139.347247
20003 80009 -6.360106 -3140.038690
80009 20003 -6.596301 -3141.117583
30004 80009 -11.841587 -3140.806460
80009 30004 -12.091679 -3141.192036
40005 80009 -24.335966 3135.910348
80009 40005 -24.625604 3135.627715
50006 80009 -68.464135 3133.509971
80009 50006 -68.374261 3132.891637
60007 80009 -156.089198 -3141.022478
80009 60007 -155.835871 -3141.374541
80009 200021 0.003339 -418.069071
80009 320001 -4.152287 -3136.586682
80014 90011 1095.088403 -0.873069
80014 90013 1481.089038 -0.793050
80014 100012 1273.064221 -0.555751
80014 110013 386.000649 -0.566036
10002 90010 -5.133480 -3141.332895
90010 10002 -5.198318 -3139.102027
20003 90010 -14.212333 -3140.558729
90010 20003 -14.475116 -3140.204309
30004 90010 -24.572832 -3141.410687
90010 30004 -25.063261 -3141.386387
40005 90010 -43.366731 3136.329886
90010 40005 -44.582927 3136.135349
50006 90010 -98.087376 3133.938406
90010 50006 -98.443996 3133.790095
60007 90010 -159.036947 -3140.546138
90010 60007 -158.950174 -3140.610264
70008 90010 -178.084576 -3141.088543
90010 70008 -177.988743 -3141.140728
90010 200021 -0.477207 3130.414944
90010 320001 -10.689286 3140.984572
90012 10004 -136.169206 -3140.856719
90012 20005 -232.273967 3139.499971
30006 90012 -378.791368 3135.594661
90012 30006 -379.783991 3135.608039
90012 40007 -550.428172 3138.055986
50008 90012 -666.135451 3139.578723
90012 50008 -665.982523 3139.764356
90012 140017 -252.673010 3141.556967
90012 160019 -44.371326 -3141.578342
90012 180021 -15.651128 3141.464348
90012 190022 -12.588895 -3141.400871
90012 200023 -15.635950 3141.432987
90012 220025 -36.935872 3141.421085
90012 240027 -118.640447 3141.556621
90012 260029 -272.845681 -3141.455178
90012 270035 67.545631 0.137309
90012 280031 -384.732583 -3141.249185
90012 300001 -257.596921 -3140.964730
90012 310002 -147.352603 -3140.833928
90012 320003 -96.923047 -3140.688210
90012 340037 174.396984 -0.016364
90012 360014 295.079028 -0.045988
10008 320009 1938.883550 -1.504435
90032 10008 -1939.258628 3140.037099
10002 100011 -5.204790 -3139.637652
100011 10002 -5.539611 -3139.353550
20003 100011 -14.177104 -3140.801521
100011 20003 -14.465360 -3140.343166
30004 100011 -22.435431 3141.369953
100011 30004 -22.784350 -3141.400365
40005 100011 -32.258039 3136.927973
100011 40005 -33.214360 3136.396130
50006 100011 -51.389335 3133.475238
100011 50006 -52.047099 3133.135116
60007 100011 -55.432753 -3140.621202
100011 60007 -55.500594 -3140.913490
70008 100011 -36.315819 -3141.273597
100011 70008 -36.192181 -3140.698893
80009 100011 -74.977380 -3139.539718
100011 80009 -75.196543 -3140.953924
100011 200021 -0.933619 3134.351809
100011 320001 -10.903013 3140.586549
10008 310010 879.746194 -2.033115
100031 10008 -879.268789 3139.520614
90032 310010 -1158.494360 3140.251900
100031 320009 -1158.594627 3140.184704
10002 110012 -6.759505 -3138.970920
110012 10002 -6.472646 3141.477915
20003 110012 -16.765605 -3140.626181
110012 20003 -16.762622 -3141.236061
30004 110012 -24.074749 3141.534342
110012 30004 -24.299396 3141.105635
40005 110012 -29.296038 3136.810086
110012 40005 -30.400637 3136.682864
50006 110012 -35.297030 3132.882419
110012 50006 -35.955019 3132.691333
60007 110012 -29.734109 -3141.031276
110012 60007 -30.015540 -3139.888764
70008 110012 -16.361812 3140.633701
110012 70008 -16.286871 -3140.229416
80009 110012 -31.894414 -3138.301690
110012 80009 -31.520365 -3139.336736
90010 110012 -144.847061 -3141.318784
110012 90010 -144.526737 -3140.543170
110012 200021 -6.166750 -3141.216678
110012 320001 -14.250449 -3140.906692
110014 10004 -57.394655 -3141.483244
110014 20005 -86.709904 3139.544791
30006 110014 -109.638316 3136.125377
110014 30006 -110.239350 3136.062588
110014 40007 -115.502683 3137.004061
50008 110014 -96.550426 3137.471557
110014 50008 -96.693796 3138.310865
110014 60009 -87.037292 -3139.553095
110014 70010 -207.816489 -3140.430562
110014 160019 -93.714559 3141.530483
110014 180021 -29.889106 3141.340452
110014 190022 -23.566874 3141.274451
110014 200023 -28.810328 3141.419193
110014 220025 -62.961356 3141.548123
110014 240027 -172.962158 3141.512161
110014 260029 -302.405482 3141.537755
110014 270035 55.597455 -0.252788
110014 280031 -299.892480 -3141.542872
110014 300001 -146.844136 -3141.344165
110014 310002 -74.795693 -3141.225900
110014 320003 -44.442356 -3141.084293
110014 340037 187.469767 -0.175086
110017 120014 349.994713 -0.101240
110017 120016 1077.670179 -0.139063
110017 130015 1124.065759 -0.181483
110017 140016 727.675466 -0.157256
10008 300011 436.223289 -2.202240
110030 10008 -435.744804 3139.300167
100031 300011 -1014.240361 3141.017822
110030 310010 -1014.373123 3140.958112
90032 300011 -549.918539 3140.042980
110030 320009 -549.875497 3139.984583
10002 120013 2.557852 4.118870
120013 10002 2.550338 -2.905670
20003 120013 6.331526 0.988438
120013 20003 6.365246 -0.076397
30004 120013 8.843631 -0.347936
120013 30004 8.913695 -0.360915
40005 120013 10.219566 -4.683869
120013 40005 10.567634 -4.063485
50006 120013 11.306711 -8.958092
120013 50006 11.569825 -9.244274
60007 120013 8.851034 0.154996
120013 60007 8.957994 1.332435
70008 120013 4.703372 -2.024615
120013 70008 4.685476 -0.082983
80009 120013 8.901479 4.707267
120013 80009 8.876544 1.444565
90010 120013 36.130395 0.435687
120013 90010 36.094145 0.821767
100011 120013 111.613824 0.256800
120013 100011 111.667237 0.290382
120013 200021 4.036825 1.345151
120013 320001 5.365842 3.778146
10008 290012 162.941943 -2.104829
120029 10008 -163.068606 3139.601521
110030 290012 -693.466280 3141.348171
120029 300011 -693.699682 3141.387999
100031 290012 -349.702756 3140.939165
120029 310010 -350.056057 3140.983039
90032 290012 -202.779597 3140.061212
120029 320009 -202.835178 3140.148251
10002 130014 -4.008746 -3136.924807
130014 10002 -4.000124 -3140.693207
20003 130014 -9.845397 -3140.605511
130014 20003 -9.902074 -3140.733179
30004 130014 -13.603314 3141.262499
130014 30004 -13.712854 3141.566064
40005 130014 -15.481607 3136.953247
130014 40005 -16.029285 3136.828188
50006 130014 -16.749052 3132.588725
130014 50006 -17.197490 3132.535296
60007 130014 -12.879279 -3141.472774
130014 60007 -13.067027 -3140.585199
70008 130014 -6.783165 3139.073109
130014 70008 -6.771146 -3140.088360
80009 130014 -12.825553 -3136.301244
130014 80009 -12.782231 -3140.053950
90010 130014 -50.999428 -3141.099978
130014 90010 -50.955525 -3140.721621
100011 130014 -149.167407 -3141.232642
130014 100011 -149.309272 -3141.432951
110012 130014 509.839891 -0.017495
130014 110012 510.120099 -0.143371
130014 200021 -12.128874 3141.335154
130014 320001 -8.383260 -3141.582423
130016 10004 -35.033461 -3140.955659
130016 20005 -50.634030 3139.890112
30006 130016 -60.057079 3136.289287
130016 30006 -60.285579 3136.392699
130016 40007 -59.033430 3136.729170
50008 130016 -46.493547 3136.976320
130016 50008 -46.556747 3138.015997
130016 60009 -39.279201 -3139.690393
130016 70010 -82.334976 -3140.507023
130016 80011 -242.582289 -3141.066171
90012 130016 77.092055 -1.576097
130016 90012 77.164541 -2.095661
130016 180021 -130.768185 3141.521806
130016 190022 -94.586546 -3141.522242
130016 200023 -107.111313 3141.463202
130016 220025 -178.508731 3141.400754
130016 240027 -343.300595 3141.446030
130016 260029 -396.258822 3141.522282
130016 270035 -0.112168 3083.796116
130016 280031 -271.512720 3141.584024
130016 300001 -104.058506 -3141.368163
130016 310002 -49.456803 -3141.194656
130016 320003 -27.935311 -3141.021298
130016 340037 1.400744 -5.538507
130016 360014 5.602126 0.147025
10008 280013 163.921509 -2.338046
130028 10008 -163.875366 3139.327560
120029 280013 -891.011459 3141.509358
130028 290012 -891.608762 3141.455220
110030 280013 -699.357356 3141.374952
130028 300011 -699.906928 3141.349151
100031 280013 -352.477414 3140.927139
130028 310010 -352.796272 3140.900416
90032 280013 -204.320209 3139.940484
130028 320009 -204.350781 3139.941428
10002 140015 -0.709067 -3128.878496
140015 10002 -0.749097 -3137.212539
20003 140015 -1.860446 -3140.595718
140015 20003 -1.860624 -3141.345139
30004 140015 -2.519230 3139.316069
140015 30004 -2.495910 3141.425374
40005 140015 -2.713093 3137.019908
140015 40005 -2.793592 3135.374484
50006 140015 -2.699978 3131.145124
140015 50006 -2.754985 3132.149172
60007 140015 -1.954399 3139.635150
140015 60007 -1.968090 -3139.266522
70008 140015 -1.054187 3133.342281
140015 70008 -0.961354 -3137.542364
80009 140015 -1.700355 -3129.616548
140015 80009 -1.834937 -3138.305298
90010 140015 -6.787535 3141.389414
140015 90010 -6.769345 -3139.878862
100011 140015 -15.656788 -3141.055503
140015 100011 -15.801879 -3141.052060
110012 140015 -151.484461 3141.492642
140015 110012 -151.224096 -3141.475212
120013 140015 113.333635 0.170104
140015 120013 113.310347 0.070491
140015 200021 -15.885343 3141.377665
140015 320001 -1.685059 3137.487995
140020 150017 748.495636 -0.053326
140020 150019 1480.859914 -0.122392
140020 160018 665.568390 -0.080454
140020 170019 732.364282 -0.192978
10008 270014 54.547086 -2.243188
140027 10008 -54.454490 3139.414069
130028 270014 -664.491483 3141.543229
140027 280013 -664.583889 3141.513236
120029 270014 -668.823741 3141.500408
140027 290012 -669.655151 3141.457682
110030 270014 -215.463147 3141.349153
140027 300011 -215.833993 3141.337040
100031 270014 -115.054571 3140.963619
140027 310010 -115.233284 3140.931836
90032 270014 -67.689787 3140.084927
140027 320009 -67.750014 3139.941875
10002 380014 0.007948 615.777719
140038 10002 -0.291933 -3129.814549
20003 380014 0.444824 -4.513764
140038 20003 -0.525196 -3130.865860
30004 380014 0.716983 -13.143785
140038 30004 -0.660431 -3125.640363
40005 380014 0.789013 -2.636003
140038 40005 -0.673113 -3131.147462
50006 380014 0.801615 -15.791568
140038 50006 -0.809464 3136.801469
60007 380014 0.643638 -14.781836
140038 60007 -0.568672 3123.434305
70008 380014 0.484555 -11.950911
140038 70008 -0.368597 3139.222883
80009 380014 0.175157 34.972122
140038 80009 -0.561339 3123.971274
90010 380014 2.171225 -6.213609
140038 90010 -2.132090 3131.805963
100011 380014 5.360185 -3.828469
140038 100011 -5.306501 3135.831006
110012 380014 92.248380 0.049306
140038 110012 -90.774887 3140.648329
120013 380014 -75.216805 -3141.295321
140038 120013 74.286393 -0.780322
140038 200021 2.615215 -0.441736
10032 380014 -0.615321 3131.355048
140038 320001 -0.168246 -3120.645199
10002 150016 -0.506952 -3140.658578
150016 10002 -0.379588 -3115.053814
20003 150016 -0.971252 -3139.045977
150016 20003 -0.946141 -3136.324533
30004 150016 -1.221470 -3138.384088
150016 30004 -1.257919 -3140.795183
40005 150016 -1.306508 3135.874852
150016 40005 -1.396777 3131.859508
50006 150016 -1.294009 3136.195870
150016 50006 -1.347330 3133.728948
60007 150016 -0.890370 -3135.121871
150016 60007 -0.947330 -3139.632771
70008 150016 -0.361903 -3136.677595
150016 70008 -0.451534 -3119.407715
80009 150016 -1.107115 -3136.475108
150016 80009 -0.882562 -3138.183730
90010 150016 -3.198777 -3139.289726
150016 90010 -3.183827 -3139.461700
100011 150016 -7.246115 -3139.228352
150016 100011 -7.141710 3140.457784
110012 150016 -53.128923 3141.179689
150016 110012 -53.100621 -3141.327414
120013 150016 37.612663 -0.198974
150016 120013 37.496087 0.060938
130014 150016 -149.809384 -3141.510491
150016 130014 -149.469552 -3141.576706
150016 200021 -31.741821 3141.387382
150016 320001 -0.874605 3119.395306
150016 380014 -74.711824 -3141.171390
140038 150016 73.604053 -0.232026
150018 10004 -4.460645 -3141.054167
150018 20005 -6.194267 3139.773946
30006 150018 -7.009868 3135.364981
150018 30006 -6.964358 3136.311418
150018 40007 -6.434929 3136.184992
50008 150018 -4.887501 3133.998326
150018 50008 -4.818181 3136.858756
150018 60009 -3.850582 -3139.343559
150018 70010 -7.421334 -3139.785510
150018 80011 -18.169834 -3140.565315
90012 150018 -99.438374 -3141.581134
150018 90012 -98.974636 -3141.466570
150018 100013 -36.418208 -3141.323459
110014 150018 -240.486628 3141.505504
150018 110014 -240.073506 -3141.591641
150018 190022 -383.127467 -3141.533197
150018 200023 -328.473088 3141.558298
150018 220025 -270.453236 3141.490715
150018 240027 -281.673531 3141.510853
150018 260029 -160.884100 3141.535772
150018 270035 -57.779504 3141.389411
150018 280031 -59.348853 3141.559495
150018 300001 -15.776366 -3141.472220
150018 310002 -6.866285 -3141.149846
150018 320003 -3.669790 -3141.085356
150018 340037 -157.775274 3141.499608
150018 360014 -280.916961 3141.530296
10008 260015 27.243017 -2.379863
150026 10008 -27.220708 3139.694967
140027 260015 -896.403828 3141.556208
150026 270014 -896.684136 3141.472480
130028 260015 -309.690423 3141.527994
150026 280013 -309.566926 3141.544960
120029 260015 -313.029433 3141.492888
150026 290012 -313.274141 3141.455558
110030 260015 -106.870038 3141.323483
150026 300011 -106.997338 3141.347332
100031 260015 -57.318612 3140.946910
150026 310010 -57.416081 3141.021802
90032 260015 -33.770978 3140.070341
150026 320009 -33.786526 3140.118759
10002 160017 0.014206 -1236.827946
160017 10002 -0.204453 -3139.297788
20003 160017 -0.452435 3136.952567
160017 20003 -0.488325 -3139.774527
30004 160017 -0.710044 3122.504504
160017 30004 -0.641266 3140.458312
40005 160017 -0.740667 3134.526757
160017 40005 -0.700956 3134.951496
50006 160017 -0.689337 3117.939352
160017 50006 -0.677577 3131.460071
60007 160017 -0.535043 3111.500495
160017 60007 -0.473909 3134.822954
70008 160017 -0.440400 3101.175845
160017 70008 -0.234380 3136.583659
80009 160017 0.029045 -1243.511095
160017 80009 -0.424788 -3125.178832
90010 160017 -1.543136 3134.816450
160017 90010 -1.544812 -3137.928418
100011 160017 -3.110822 3138.875013
160017 100011 -3.388890 -3140.900380
110012 160017 -22.973474 -3141.551509
160017 110012 -22.692893 -3141.336635
120013 160017 15.530544 1.213900
160017 120013 15.572436 0.110980
130014 160017 -53.051071 3141.439756
160017 130014 -53.139123 -3141.571652
140015 160017 -109.633458 3141.345565
160017 140015 -109.540405 3141.538728
160017 200021 -64.556484 3141.519308
160017 320001 -0.427998 3139.886781
160017 380014 -16.953102 -3140.719326
140038 160017 17.252732 -0.439335
10008 250016 13.851476 -3.249792
160025 10008 -13.388179 3136.449161
150026 250016 -882.428813 3141.565313
160025 260015 -883.044118 3141.545243
140027 250016 -414.021858 3141.581900
160025 270014 -413.947263 3141.491500
130028 250016 -153.529933 3141.574289
160025 280013 -153.386773 3141.273382
120029 250016 -155.350594 3141.514011
160025 290012 -155.078270 -3141.495499
110030 250016 -53.675216 3141.215202
160025 300011 -53.935625 3141.291660
100031 250016 -28.832713 3140.931087
160025 310010 -28.749539 3140.406784
90032 250016 -17.011618 3140.190290
160025 320009 -17.005040 3138.290409
10002 170018 -0.164379 -3127.849518
170018 10002 -0.101055 -3108.198330
20003 170018 -0.255245 -3137.299506
170018 20003 -0.241277 -3140.005173
30004 170018 -0.300700 -3136.624878
170018 30004 -0.317032 -3136.433385
40005 170018 -0.320464 3133.892521
170018 40005 -0.346290 3130.735701
50006 170018 -0.317655 3137.225614
170018 50006 -0.331681 3131.668378
60007 170018 -0.209316 -3132.977310
170018 60007 -0.230691 3139.947547
70008 170018 -0.058920 3124.290601
170018 70008 -0.112903 -3136.460967
80009 170018 -0.334977 -3121.232259
170018 80009 -0.207771 -3128.041124
90010 170018 -0.766277 -3135.690939
170018 90010 -0.749364 -3138.504172
100011 170018 -1.730761 -3135.102420
170018 100011 -1.626201 3139.968931
110012 170018 -10.442719 3140.968928
170018 110012 -10.300977 -3141.280724
120013 170018 7.112623 -0.409121
170018 120013 6.969050 -0.007342
130014 170018 -22.718941 -3141.166443
170018 130014 -22.319236 3141.538511
140015 170018 -36.708076 -3141.260059
170018 140015 -36.189266 3141.488465
150016 170018 -109.678165 -3141.207909
170018 150016 -108.757925 3141.515148
170018 200021 -128.729298 3141.535216
170018 320001 -0.214621 3118.538872
170018 380014 -5.638011 -3140.034067
140038 170018 5.782193 -0.998146
170020 10004 -1.070952 3132.936742
170020 20005 -1.498376 3137.468169
30006 170020 -1.571216 3132.523625
170020 30006 -1.673952 3135.497323
170020 40007 -1.537093 3137.389445
50008 170020 -1.007640 3126.161447
170020 50008 -1.133672 3134.288427
170020 60009 -0.895976 -3140.412287
170020 70010 -1.708972 -3141.111767
170020 80011 -4.142405 -3138.430854
90012 170020 -20.288892 -3141.254866
170020 90012 -20.199650 -3140.986456
170020 100013 -7.943291 -3140.582417
170020 110014 -40.385760 3141.578357
110014 170020 -40.315788 3141.193856
170020 120015 -75.024170 -3141.583930
130016 170020 -228.821890 -3141.531604
170020 130016 -228.280049 3141.571157
170020 220025 -227.049224 3141.485054
170020 240027 -146.361062 3141.463602
170020 260029 -55.256324 3141.401630
170020 270035 -24.631353 -3141.483616
170020 280031 -16.201072 -3141.576548
170020 300001 -3.962676 -3140.231755
170020 310002 -1.695852 -3141.074101
170020 320003 -0.900175 -3141.527328
170020 340037 -45.525936 3141.458606
170020 360014 -41.782690 3141.342419
10008 240017 6.777759 -1.306359
170024 10008 -6.636898 3137.394829
160025 240017 -861.223742 3141.557719
170024 250016 -861.340988 3141.562135
150026 240017 -402.451557 3141.540965
170024 260015 -402.692565 3141.547041
140027 240017 -201.805751 3141.538462
170024 270014 -201.588975 3141.517071
130028 240017 -75.940150 3141.486369
170024 280013 -76.057716 3141.199899
120029 240017 -76.929373 3141.523148
170024 290012 -76.989734 -3141.440391
110030 240017 -26.997616 -3141.321478
170024 300011 -26.893945 3141.195935
100031 240017 -14.514254 3141.222707
170024 310010 -14.315523 3140.521756
90032 240017 -8.554672 3139.626974
170024 320009 -8.476623 3138.227431
10002 180019 -0.039433 3138.352215
180019 10002 -0.119875 -3117.854000
20003 180019 -0.115670 -3137.493445
180019 20003 -0.153319 -3113.197854
30004 180019 -0.156197 -3138.031374
180019 30004 -0.164940 -3097.463329
40005 180019 -0.162430 3138.366083
180019 40005 -0.114665 -3100.429696
50006 180019 -0.154820 3128.736150
180019 50006 -0.169467 -3136.191093
60007 180019 -0.107595 3137.103092
180019 60007 -0.095747 3091.408482
70008 180019 -0.060611 -3140.144739
180019 70008 -0.101591 -3135.479566
80009 180019 -0.075488 3121.705724
180019 80009 -0.109278 3072.314136
90010 180019 -0.344240 3140.653873
180019 90010 -0.363707 3105.625144
100011 180019 -0.720475 3140.312180
180019 100011 -0.636645 3110.922607
110012 180019 -4.552593 3141.063224
180019 110012 -4.615921 3135.610613
120013 180019 3.043881 -0.110026
180019 120013 3.048723 -5.325799
130014 180019 -9.477105 3141.098385
180019 130014 -9.488259 3138.056065
140015 180019 -13.914860 3141.054282
180019 140015 -13.819453 3140.058990
150016 180019 -33.672583 3141.097744
180019 150016 -33.690735 3140.939481
160017 180019 -102.288133 3141.162395
180019 160017 -101.484151 3141.212895
180019 200021 -272.325827 -3141.447590
180019 320001 0.047690 14.555254
180019 380014 -2.242884 -3139.455396
140038 180019 2.179662 -0.959469
10008 230018 3.414409 -1.990547
180023 10008 -3.316238 3137.439444
170024 230018 -860.189783 3141.555922
180023 240017 -861.529123 3141.485140
160025 230018 -396.628083 3141.556383
180023 250016 -397.658983 3141.590649
150026 230018 -198.095919 3141.539214
180023 260015 -198.745165 3141.573630
140027 230018 -100.896668 3141.536047
180023 270014 -101.090718 3141.573337
130028 230018 -38.169513 3141.483664
180023 280013 -38.379180 3141.086818
120029 230018 -38.614547 3141.460030
180023 290012 -38.797082 -3141.247492
110030 230018 -13.545095 -3141.188438
180023 300011 -13.594259 3141.131816
100031 230018 -7.276750 3141.370437
180023 310010 -7.208525 3140.581022
90032 230018 -4.291038 3139.756451
180023 320009 -4.282036 3137.514783
10002 190020 -0.095587 -3118.158325
190020 10002 0.089805 -48.731841
20003 190020 -0.060451 -3121.476824
190020 20003 0.011240 57.754195
30004 190020 -0.036020 -3094.078293
190020 30004 -0.034567 2910.271324
40005 190020 -0.041641 3094.636645
190020 40005 -0.140319 3029.379572
50006 190020 -0.049670 -3111.380450
190020 50006 -0.041580 3061.750651
60007 190020 -0.018808 -2988.176587
190020 60007 -0.061481 -3012.377141
70008 190020 0.049656 26.689275
190020 70008 0.053619 -102.015801
80009 190020 -0.192924 -3104.660694
190020 80009 -0.024610 -2539.238943
90010 190020 -0.147114 -3108.120536
190020 90010 -0.117517 -2943.994162
100011 190020 -0.409296 -3110.718782
190020 100011 -0.469698 -3105.133381
110012 190020 -1.833306 3136.045382
190020 110012 -1.821887 -3114.703147
120013 190020 1.305381 -3.915793
190020 120013 1.293674 17.629118
130014 190020 -3.990602 -3140.085865
190020 130014 -3.937211 -3129.221036
140015 190020 -5.515799 -3140.832325
190020 140015 -5.543909 -3137.456881
150016 190020 -12.249500 -3140.718031
190020 150016 -12.102787 -3138.779401
160017 190020 -30.487733 -3141.176298
190020 160017 -30.190443 -3140.866134
170018 190020 -90.899895 -3141.180661
190020 170018 -89.833025 -3141.127443
190020 320001 -0.262865 3076.274788
190020 380014 -0.633846 -3122.286921
140038 190020 0.766202 -6.978155
10008 220019 1.825778 -1.851725
190022 10008 -1.595360 3126.436348
180023 220019 -884.796609 3141.555524
190022 230018 -884.496817 3141.540245
170024 220019 -417.153325 3141.557770
190022 240017 -417.330000 3141.488810
160025 220019 -206.555346 -3141.590946
190022 250016 -206.408145 -3141.579974
150026 220019 -105.004571 3141.569135
190022 260015 -104.936283 3141.589144
140027 220019 -53.797098 3141.591349
190022 270014 -53.566557 -3141.551532
130028 220019 -20.359916 3141.446164
190022 280013 -20.430813 3140.036461
120029 220019 -20.633431 3141.453720
190022 290012 -20.560837 -3140.388445
110030 220019 -7.288761 -3140.546149
190022 300011 -7.284914 3140.804538
100031 220019 -3.922630 -3141.471958
190022 310010 -3.745833 3138.252067
90032 220019 -2.318995 3139.764870
190022 320009 -2.267179 3130.840896
10002 210022 -0.085506 3084.379603
210022 10002 -0.019014 3141.035122
20003 210022 -0.061013 -3122.409270
210022 20003 -0.046668 3130.756270
30004 210022 -0.043717 -3037.861448
210022 30004 -0.061511 -3128.276835
40005 210022 -0.049273 -3131.698608
210022 40005 -0.067532 3133.214005
50006 210022 -0.056812 -3086.516543
210022 50006 -0.063635 3141.495629
60007 210022 -0.024019 -2988.171159
210022 60007 -0.044747 3135.440741
70008 210022 0.038985 -72.054842
210022 70008 -0.021564 3112.644604
80009 210022 -0.177064 3130.672755
210022 80009 -0.039340 -3140.878129
90010 210022 -0.148725 -3105.135180
210022 90010 -0.141959 -3140.685372
100011 210022 -0.396933 -3123.905095
210022 100011 -0.301286 -3137.563030
110012 210022 -1.734278 3138.996844
210022 110012 -1.757013 3141.136621
120013 210022 1.202857 -4.459829
210022 120013 1.161355 0.108904
130014 210022 -3.491205 -3140.927375
210022 130014 -3.407534 3141.515332
140015 210022 -4.166474 -3140.962667
210022 140015 -4.133236 -3141.363660
150016 210022 -7.417920 -3140.703582
210022 150016 -7.431944 3141.461505
160017 210022 -12.436238 -3141.427416
210022 160017 -12.250864 3141.540622
170018 210022 -17.723547 -3141.432718
210022 170018 -17.484129 3141.521955
180019 210022 -19.785908 -3141.183896
210022 180019 -19.601846 3141.546326
190020 210022 -15.292804 3141.334599
210022 190020 -15.284729 3141.522683
210022 320001 -0.043035 -3108.238096
210022 380014 -0.583293 3140.407521
140038 210022 0.554662 -0.475829
210024 10004 -0.957629 3137.974941
210024 20005 -1.521714 3125.497608
30006 210024 -1.610488 3140.704144
210024 30006 -1.724251 3123.216974
210024 40007 -1.606289 3131.262996
50008 210024 -1.031380 -3140.268894
210024 50008 -1.090101 -3135.466784
210024 60009 -0.848797 -3111.691254
210024 70010 -1.627460 -3118.854896
210024 80011 -4.160217 -3129.960033
210024 90012 -18.351694 -3137.487225
90012 210024 -18.261553 -3141.335977
210024 100013 -7.591281 -3136.390693
210024 110014 -32.447179 -3139.848315
110014 210024 -32.230690 3141.315617
210024 120015 -47.368396 -3140.907696
210024 130016 -104.096834 -3140.918206
130016 210024 -103.528500 3141.500201
210024 140017 -144.961098 -3141.400684
210024 150018 -200.654141 -3141.434576
150018 210024 -198.204475 3141.543498
210024 160019 -226.071092 -3141.575743
210024 170020 -209.581930 -3141.522293
170020 210024 -207.267057 3141.501374
210024 260029 -90.145313 3140.838562
210024 270035 -41.362241 3141.200874
210024 280031 -19.158626 3138.508465
210024 300001 -4.412574 3131.554341
210024 310002 -1.844037 3130.122883
210024 320003 -0.966394 3131.186380
210024 340037 -47.351125 3141.396048
210024 360014 -26.710279 3141.531116
210027 240022 -756.715717 3141.475387
210027 250023 -674.451634 3141.490746
210027 260022 -1527.912242 3141.496479
210027 260024 -771.196525 3141.517176
10002 220023 -0.055690 3075.996293
220023 10002 0.009719 -139.645390
20003 220023 -0.122500 3140.027338
220023 20003 -0.088944 3123.483058
30004 220023 -0.157188 -3132.466918
220023 30004 -0.146936 3113.615317
40005 220023 -0.165719 -3139.932564
220023 40005 -0.215577 3099.427781
50006 220023 -0.158588 3135.872538
220023 50006 -0.155857 3120.833568
60007 220023 -0.109254 -3122.402621
220023 60007 -0.125020 -3102.188331
70008 220023 -0.050955 -3064.838874
220023 70008 -0.015197 -2936.748229
80009 220023 -0.120751 3077.170559
220023 80009 -0.091525 -3066.849202
90010 220023 -0.367906 -3141.351236
220023 90010 -0.352094 -3105.893113
100011 220023 -0.787862 3136.625113
220023 100011 -0.871953 -3128.181858
110012 220023 -4.497473 -3140.661868
220023 110012 -4.472900 -3135.705742
120013 220023 2.972964 -0.616751
220023 120013 2.985579 4.108981
130014 220023 -8.639594 3141.205362
220023 130014 -8.640695 -3138.696456
140015 220023 -10.111004 3141.491403
220023 140015 -10.101503 -3140.453578
150016 220023 -17.105391 3141.557263
220023 150016 -16.937189 -3140.755895
160017 220023 -26.193520 3141.522236
220023 160017 -25.838110 -3141.434906
170018 220023 -33.114183 3141.529836
220023 170018 -32.510182 -3141.262982
180019 220023 -32.069779 -3141.394470
220023 180019 -31.751753 -3141.433486
190020 220023 -22.007411 3140.798909
220023 190020 -21.756730 -3141.481962
220023 200021 -293.799645 -3141.532111
220023 320001 -0.236794 3113.827639
220023 380014 -1.282454 -3137.251406
140038 220023 1.422314 -0.346250
10002 230024 -0.138114 3104.864436
230024 10002 -0.091065 -3027.384498
20003 230024 -0.240985 3139.865327
230024 20003 -0.233848 -3117.846433
30004 230024 -0.294954 -3126.086442
230024 30004 -0.308894 -3134.350668
40005 230024 -0.309074 -3139.031682
230024 40005 -0.341860 3118.536375
50006 230024 -0.301096 3141.028714
230024 50006 -0.320578 3138.460666
60007 230024 -0.199702 -3120.640706
230024 60007 -0.222020 3137.633851
70008 230024 -0.069042 -3050.338407
230024 70008 -0.104412 -3073.028533
80009 230024 -0.276320 3102.006077
230024 80009 -0.196046 -3123.484536
90010 230024 -0.699566 -3136.157634
230024 90010 -0.702315 -3135.311844
100011 230024 -1.517508 3141.023712
230024 100011 -1.494828 3134.159302
110012 230024 -8.197462 -3141.418962
230024 110012 -8.316796 -3140.205377
120013 230024 5.395650 -0.707781
230024 120013 5.441207 0.047043
130014 230024 -15.245732 3141.423393
230024 130014 -15.375345 -3141.523181
140015 230024 -16.474448 3141.470950
230024 140015 -16.558231 3141.194667
150016 230024 -25.157672 3141.581265
230024 150016 -25.276206 -3141.211064
160017 230024 -33.442361 3141.482244
230024 160017 -33.224667 3140.880153
170018 230024 -35.740777 3141.463733
230024 170018 -35.448884 -3141.442851
180019 230024 -29.190924 -3141.329362
230024 180019 -29.091148 3141.477204
190020 230024 -17.509465 3140.529533
230024 190020 -17.441317 -3141.316133
230024 200021 -127.467132 3141.500005
210022 230024 -87.249990 3141.410716
230024 210022 -86.947874 -3141.530886
230024 320001 -0.232094 3052.736691
230024 380014 -2.151843 -3132.770028
140038 230024 2.266212 0.539441
230026 10004 -5.008660 -3137.348786
230026 20005 -6.563272 -3137.401675
30006 230026 -7.228295 3139.026781
230026 30006 -7.162807 -3141.228957
230026 40007 -6.425934 3138.536026
50008 230026 -4.846905 3141.074482
230026 50008 -4.874109 3135.295556
230026 60009 -3.843229 3134.852097
230026 70010 -7.186928 3136.369292
230026 80011 -16.310950 3138.270006
230026 90012 -67.781851 3140.228334
90012 230026 -67.725780 3141.493328
230026 100013 -29.153183 3140.051465
230026 110014 -108.686462 3140.876152
110014 230026 -108.449628 3141.485078
230026 120015 -132.188357 3141.230064
230026 130016 -262.499547 3141.237816
130016 230026 -261.990727 3141.417064
230026 140017 -278.029448 3141.358499
230026 150018 -299.736583 3141.429339
150018 230026 -298.325709 3141.489350
230026 160019 -266.703139 3141.396359
230026 170020 -198.420629 3141.451500
170020 230026 -197.254110 3141.478509
230026 180021 -330.677359 3141.453246
230026 190022 -393.876858 3141.527539
230026 270035 -285.394997 3141.433073
230026 280031 -94.729502 -3140.671073
230026 300001 -18.586255 -3138.594838
230026 310002 -7.724460 -3137.635957
230026 320003 -3.984987 -3135.888835
230026 340037 -168.191028 -3141.504978
230026 360014 -63.314830 -3141.519389
10002 240025 -0.078827 -3118.404782
240025 10002 -0.168404 -3140.040336
20003 240025 -0.488427 3139.016367
240025 20003 -0.484292 3138.938411
30004 240025 -0.708988 3133.073093
240025 30004 -0.652543 3135.697331
40005 240025 -0.731132 3139.186616
240025 40005 -0.747261 3129.942419
50006 240025 -0.673011 3126.411063
240025 50006 -0.668667 3130.024572
60007 240025 -0.495417 3128.364187
240025 60007 -0.468490 -3130.770383
70008 240025 -0.356336 3136.805264
240025 70008 -0.193932 -3139.309233
80009 240025 -0.133267 3132.241547
240025 80009 -0.404294 -3127.607340
90010 240025 -1.463352 3135.327940
240025 90010 -1.448517 -3134.794620
100011 240025 -2.871049 3135.847777
240025 100011 -3.111870 -3137.825788
110012 240025 -16.470036 -3141.052672
240025 110012 -16.291021 -3140.573945
120013 240025 10.469887 0.935277
240025 120013 10.536783 0.715396
130014 240025 -28.366129 3141.357730
240025 130014 -28.574326 -3141.024624
140015 240025 -27.149604 3141.305474
240025 140015 -27.141202 -3141.317993
150016 240025 -35.681245 3141.090897
240025 150016 -35.603653 -3141.414485
160017 240025 -39.262910 3141.424505
240025 160017 -38.887532 -3141.582364
170018 240025 -34.463435 3141.327787
240025 170018 -34.098246 -3141.466252
180019 240025 -23.518114 -3141.268178
240025 180019 -23.516013 3141.587386
190020 240025 -12.761042 3139.074444
240025 190020 -12.492537 3141.467855
240025 200021 -66.019586 -3141.528110
210022 240025 -29.731981 3141.444438
240025 210022 -29.605943 -3141.461613
220023 240025 -116.269044 3141.146601
240025 220023 -115.892393 -3141.516271
240025 320001 -0.547765 3138.042649
240025 380014 -3.058513 -3140.087189
140038 240025 3.458552 0.726088
240030 270025 -756.721878 3141.448907
240030 280026 -681.205272 3141.459389
240030 290025 -1541.540585 3141.520866
240030 290027 -784.818710 3141.590248
10002 250026 -0.449326 3124.655025
250026 10002 -0.604117 -3128.556346
20003 250026 -1.009003 -3141.474201
250026 20003 -1.111199 -3130.872606
30004 250026 -1.287095 -3138.475786
250026 30004 -1.343689 -3127.880546
40005 250026 -1.328116 3139.349876
250026 40005 -1.271193 -3133.363018
50006 250026 -1.250486 3134.804040
250026 50006 -1.344167 3138.069849
60007 250026 -0.849373 -3135.849538
250026 60007 -0.860920 3124.881326
70008 250026 -0.406653 -3124.042330
250026 70008 -0.554898 -3138.470300
80009 250026 -0.833170 3126.366593
250026 80009 -0.818818 3119.686669
90010 250026 -2.761390 -3140.377398
250026 90010 -2.812968 3131.190787
100011 250026 -5.657700 3140.963182
250026 100011 -5.386829 3133.161471
110012 250026 -27.890198 -3141.557107
250026 110012 -28.109626 3139.552680
120013 250026 17.580484 -0.180577
250026 120013 17.591393 -1.920385
130014 250026 -44.738930 3141.457379
250026 130014 -44.811612 3140.147918
140015 250026 -35.579278 3141.470136
250026 140015 -35.290521 3140.721701
150016 250026 -38.750394 3141.512318
250026 150016 -38.646868 3141.195386
160017 250026 -34.786282 3141.482584
250026 160017 -33.900035 3140.769219
170018 250026 -25.359291 3141.498078
250026 170018 -25.092270 3141.433822
180019 250026 -15.051061 -3140.742359
250026 180019 -14.922531 3141.045844
190020 250026 -7.334881 3138.668278
250026 190020 -7.392497 -3140.761122
250026 200021 -31.746869 3141.144346
210022 250026 -11.646110 3141.418108
250026 210022 -11.700202 3141.344613
220023 250026 -36.457904 3140.979516
250026 220023 -36.336093 3141.253919
230024 250026 -107.140139 3141.446006
250026 230024 -107.062741 3141.333959
250026 320001 -0.531459 3140.778850
250026 380014 -3.361298 -3136.030314
140038 250026 3.257029 -0.788914
250028 10004 -20.591137 -3138.655978
250028 20005 -26.879339 -3139.698945
30006 250028 -28.443434 3137.786906
250028 30006 -28.587668 3140.018136
250028 40007 -25.013161 3137.669234
50008 250028 -17.832449 3138.279338
250028 50008 -18.304871 3136.222443
250028 60009 -14.128981 3138.315732
250028 70010 -25.726951 3138.986966
250028 80011 -56.113579 3139.724118
250028 90012 -189.986113 3140.685070
90012 250028 -189.645714 -3141.534497
250028 100013 -89.987850 3140.660671
250028 110014 -244.808958 3141.046952
110014 250028 -243.998016 3141.410717
250028 120015 -213.645202 3141.245052
250028 130016 -393.663053 3141.214862
130016 250028 -392.860397 3141.472524
250028 140017 -281.204645 3141.311484
250028 150018 -226.258544 3141.351440
150018 250028 -225.935371 3141.498766
250028 160019 -156.027627 3141.318589
250028 170020 -93.706158 3141.412699
170020 250028 -93.374255 3141.338797
250028 180021 -98.246755 3141.331889
250028 190022 -90.277598 3141.410980
250028 200023 -131.914564 3141.396524
210024 250028 -233.280300 3141.213490
250028 210024 -233.411904 3141.361176
250028 300001 -89.141585 -3139.964744
250028 310002 -34.309150 -3139.202764
250028 320003 -17.075902 -3138.721012
250028 340037 -91.129114 -3141.015290
250028 360014 -28.919142 -3140.477960
10002 260027 -0.966776 3133.502052
260027 10002 -0.877572 -3135.747690
20003 260027 -2.121844 -3140.418001
260027 20003 -2.095570 -3140.210592
30004 260027 -2.670610 -3138.678049
260027 30004 -2.685630 3141.429918
40005 260027 -2.721026 3138.624643
260027 40005 -2.862310 3135.128546
50006 260027 -2.517579 3134.135023
260027 50006 -2.621948 3132.198983
60007 260027 -1.679743 -3137.203987
260027 60007 -1.758140 -3139.643343
70008 260027 -0.782477 -3129.151937
260027 70008 -0.831283 -3137.004878
80009 260027 -1.683851 3134.725037
260027 80009 -1.537118 -3137.746756
90010 260027 -5.363548 -3139.721104
260027 90010 -5.330969 -3139.807676
100011 260027 -10.658043 -3141.047558
260027 100011 -10.588942 -3141.163210
110012 260027 -46.171916 -3141.474310
260027 110012 -46.147939 -3141.401585
120013 260027 28.005514 -0.049805
260027 120013 27.974438 -0.011410
130014 260027 -65.302379 -3141.457080
260027 130014 -65.272986 -3141.580908
140015 260027 -40.644678 -3141.540280
260027 140015 -40.382541 3141.495615
150016 260027 -36.018918 -3141.402790
260027 150016 -35.543183 -3141.467483
160017 260027 -26.782488 -3141.535136
260027 160017 -26.401312 3141.072378
170018 260027 -16.845137 -3141.501239
260027 170018 -16.536069 -3141.524993
180019 260027 -9.061072 -3139.543926
260027 180019 -8.941924 3141.402292
190020 260027 -4.095039 3136.360101
260027 190020 -4.069978 -3141.419401
260027 200021 -16.253237 3141.395953
210022 260027 -5.311013 3141.519658
260027 210022 -5.253179 -3140.647067
220023 260027 -15.179666 3140.704695
260027 220023 -15.142295 -3141.551934
230024 260027 -35.245428 -3141.465512
260027 230024 -35.185544 -3141.448374
240025 260027 -113.950091 3141.461518
260027 240025 -113.972257 3141.580816
260027 320001 -1.928015 3137.097413
260027 380014 -1.424577 -3131.288280
140038 260027 1.655707 -4.403474
10002 270028 -2.013754 3133.874784
270028 10002 -1.924123 -3136.000853
20003 270028 -4.370718 -3140.796892
270028 20003 -4.370985 -3139.113482
30004 270028 -5.395715 -3139.646366
270028 30004 -5.442366 -3140.003221
40005 270028 -5.363379 3138.098955
270028 40005 -5.578649 3136.919804
50006 270028 -4.801216 3133.652105
270028 50006 -5.025802 3132.933766
60007 270028 -3.115350 -3137.564490
270028 60007 -3.265796 3141.094125
70008 270028 -1.425219 -3130.265284
270028 70008 -1.588719 -3136.488392
80009 270028 -3.094583 3135.215663
270028 80009 -2.836920 -3141.124847
90010 270028 -9.560707 -3140.132514
270028 90010 -9.563703 -3141.062266
100011 270028 -17.997990 -3141.216959
270028 100011 -17.805846 3140.915834
110012 270028 -64.756748 3141.263660
270028 110012 -65.050714 3141.592368
120013 270028 37.017751 -0.574130
270028 120013 37.091102 -0.224938
130014 270028 -77.966526 3141.300384
270028 130014 -78.179060 3141.447967
140015 270028 -36.687934 3141.233101
270028 140015 -36.518237 3141.311902
150016 270028 -27.040986 3141.503333
270028 150016 -26.778967 -3141.315605
160017 270028 -17.408538 3141.286267
270028 160017 -17.133240 3140.262438
170018 270028 -9.912164 3141.467677
270028 170018 -9.756201 -3141.103396
180019 270028 -5.067475 -3138.580335
270028 180019 -4.935445 3141.271073
190020 270028 -2.090050 3134.089082
270028 190020 -2.188342 -3139.402747
270028 200021 -8.192060 3140.826363
210022 270028 -2.522216 3141.059400
270028 210022 -2.507783 -3139.196784
220023 270028 -6.858500 3139.432635
270028 220023 -6.901336 -3141.461191
230024 270028 -14.595577 -3141.355270
270028 230024 -14.594306 -3141.329304
240025 270028 -37.289533 3140.799173
270028 240025 -37.328359 3141.241729
250026 270028 -109.737922 -3141.487497
270028 250026 -109.321109 -3141.580513
270028 320001 -3.855025 3137.130716
270028 380014 1.060603 -22.736613
140038 270028 -1.003961 -3130.736112
270030 10004 -92.941675 -3140.780611
270030 20005 -114.855091 3141.085151
30006 270030 -111.203068 3137.849960
270030 30006 -111.514533 3137.993984
270030 40007 -89.736578 3136.819800
50008 270030 -59.710843 3137.437240
270030 50008 -60.030441 3136.692341
270030 60009 -43.210072 -3141.110379
270030 70010 -72.824512 -3141.189466
270030 80011 -144.295258 -3141.147205
270030 90012 -349.353347 -3141.474227
90012 270030 -349.236110 -3141.396061
270030 100013 -186.064433 -3141.402264
270030 110014 -326.060801 3141.519551
110014 270030 -325.686976 3141.520879
270030 120015 -184.243139 3141.561497
270030 130016 -351.113183 3141.510713
130016 270030 -350.815611 3141.503922
270030 140017 -162.671243 3141.576498
270030 150018 -102.553232 3141.515051
150018 270030 -102.281057 3141.448336
270030 160019 -58.689506 3141.567231
270030 170020 -30.619720 3141.172963
170020 270030 -30.604921 3141.260647
270030 180021 -26.974782 3141.553032
270030 190022 -22.870283 3141.352581
270030 200023 -30.182445 -3141.546349
210024 270030 -40.359644 3139.971229
270030 210024 -40.234775 3141.361539
270030 220025 -95.800044 -3141.571712
230026 270030 -244.854821 -3141.444458
270030 230026 -244.710002 3141.547566
270030 310002 -211.010932 -3141.048641
270030 320003 -86.136858 -3140.587154
270030 340037 190.780042 0.008389
270030 360014 53.365646 -0.027666
10002 270033 0.387548 -3.631038
270033 10002 0.241512 -42.141837
20003 270033 0.629969 5.434083
270033 20003 0.592894 -9.919743
30004 270033 0.715355 9.612081
270033 30004 0.745005 -5.093431
40005 270033 0.705410 -3.903589
270033 40005 0.783600 -0.163045
50006 270033 0.630373 -1.793899
270033 50006 0.668614 -14.036289
60007 270033 0.377914 19.901995
270033 60007 0.433669 7.864033
70008 270033 0.088265 46.266682
270033 70008 0.189097 -29.395607
80009 270033 0.617516 1.878170
270033 80009 0.361347 1.366674
90010 270033 1.223254 9.588383
270033 90010 1.203923 2.080401
100011 270033 2.312263 7.646610
270033 100011 2.177961 8.708724
110012 270033 5.674309 0.155129
270033 110012 5.820926 -0.699705
120013 270033 -2.881527 3140.677639
270033 120013 -2.884626 -3140.651966
130014 270033 4.088164 4.753436
270033 130014 4.100928 0.867287
140015 270033 -1.311635 3132.859592
270033 140015 -1.226702 3135.613399
150016 270033 -2.873384 3135.524901
270033 150016 -2.778687 -3138.256761
160017 270033 -2.868744 3139.565495
270033 160017 -2.706194 3135.053474
170018 270033 -2.048498 3139.020593
270033 170018 -2.027920 -3138.481791
180019 270033 -1.080713 3136.291091
270033 180019 -1.134072 3140.584973
190020 270033 -0.667697 3133.579659
270033 190020 -0.554264 -3128.969959
270033 200021 -2.212964 3139.109691
210022 270033 -0.746236 3140.979629
270033 210022 -0.756457 -3135.000781
220023 270033 -2.240433 3139.516998
270033 220023 -2.141268 -3141.477400
230024 270033 -5.141758 3138.675726
270033 230024 -5.130091 -3141.342267
240025 270033 -16.366111 3140.790802
270033 240025 -16.227531 3140.811884
250026 270033 -71.789849 3140.984602
270033 250026 -71.773862 3141.533949
270033 280029 71.842360 0.014044
270033 290030 16.045562 -0.925965
270033 300031 5.278483 -0.524625
270033 310032 2.095167 -3.559299
270033 320001 0.594776 28.944847
270033 340035 -40.032542 -3141.159094
270033 350036 -11.259077 -3140.810795
270033 360037 -4.763552 -3141.515417
270033 370038 -2.319986 3140.820299
270033 380014 -0.897446 -3122.173717
10002 280029 -4.004721 3139.698366
280029 10002 -4.229019 -3141.495110
20003 280029 -9.268246 -3141.193954
280029 20003 -9.314498 -3140.497142
30004 280029 -11.210567 -3141.210552
280029 30004 -11.128954 -3140.370870
40005 280029 -10.642630 3138.492540
280029 40005 -10.871809 3138.713559
50006 280029 -8.968477 3132.384579
280029 50006 -9.297641 3132.511643
60007 280029 -5.640206 3141.590341
280029 60007 -5.785437 3141.186012
70008 280029 -2.826215 -3138.818744
280029 70008 -2.776803 3141.410463
80009 280029 -4.592961 3140.070327
280029 80009 -4.895139 3140.989059
90010 280029 -15.837265 -3141.279991
280029 90010 -15.826305 3141.464327
100011 280029 -26.927459 3141.361778
280029 100011 -26.940945 -3141.413323
110012 280029 -77.603067 -3141.254409
280029 110012 -77.394609 3141.428921
120013 280029 40.504957 0.495584
280029 120013 40.533038 -0.175995
130014 280029 -76.905862 -3141.504999
280029 130014 -77.096524 3141.464897
140015 280029 -27.175281 3141.404488
280029 140015 -26.949514 -3141.576625
150016 280029 -17.279561 3140.809472
280029 150016 -17.144726 3141.359617
160017 280029 -10.031652 3141.283610
280029 160017 -9.804838 -3141.098248
170018 280029 -5.364881 3140.829292
280029 170018 -5.322807 3141.323344
180019 280029 -2.499579 -3137.957915
280029 180019 -2.569206 -3141.469961
190020 280029 -1.280003 3120.717259
280029 190020 -1.147840 3140.370460
280029 200021 -4.040340 -3140.987080
210022 280029 -1.208910 -3140.887029
280029 210022 -1.229968 3139.455084
220023 280029 -3.333607 3137.322545
280029 220023 -3.245902 3141.281262
230024 280029 -6.554649 3139.627636
280029 230024 -6.574580 3141.080886
240025 280029 -15.275411 3140.990669
280029 240025 -15.191625 -3141.566603
250026 280029 -35.371615 -3140.563857
280029 250026 -35.615558 3141.400606
260027 280029 -110.106555 3141.480369
280029 260027 -110.103859 3141.424189
280029 320001 -8.483473 -3139.619235
280029 380014 2.677200 -0.210551
140038 280029 -2.487958 -3137.595029
10002 290030 -10.562582 3140.129669
290030 10002 -10.482956 -3141.014207
20003 290030 -22.049238 -3141.004214
290030 20003 -21.969673 -3140.889870
30004 290030 -24.303799 -3140.997465
290030 30004 -24.152907 -3141.285670
40005 290030 -21.193987 3138.146306
290030 40005 -21.766095 3137.332425
50006 290030 -16.271433 3132.508394
290030 50006 -16.830490 3131.908681
60007 290030 -9.406182 -3140.460824
290030 60007 -9.806448 -3141.019588
70008 290030 -4.331365 -3138.194144
290030 70008 -4.432263 -3140.243471
80009 290030 -7.991237 3140.690730
290030 80009 -7.890915 -3139.977847
90010 290030 -24.016843 -3140.740429
290030 90010 -23.973284 -3140.587595
100011 290030 -36.524994 -3141.169086
290030 100011 -36.378842 -3140.962677
110012 290030 -79.169486 3141.442517
290030 110012 -78.988482 -3141.437204
120013 290030 37.548751 -0.167240
290030 120013 37.510491 -0.001557
130014 290030 -65.565654 3141.458878
290030 130014 -65.587162 -3141.576445
140015 290030 -18.058708 3141.143602
290030 140015 -17.976488 3141.428979
150016 290030 -10.371377 3141.459955
290030 150016 -10.210302 -3141.485596
160017 290030 -5.663983 3141.272064
290030 160017 -5.687275 3140.144617
170018 290030 -2.916386 -3141.370264
290030 170018 -2.851096 -3141.520941
180019 290030 -1.412053 -3131.575876
290030 180019 -1.371762 3141.141043
190020 290030 -0.552806 3108.728121
290030 190020 -0.541622 3139.439576
290030 200021 -2.147865 3141.268520
210022 290030 -0.614227 3140.224701
290030 210022 -0.571028 -3136.889486
220023 290030 -1.611359 3134.529056
290030 220023 -1.624838 -3140.666704
230024 290030 -3.213917 -3141.397431
290030 230024 -3.197387 -3140.720600
240025 290030 -7.121115 3139.944625
290030 240025 -7.235025 -3141.340823
250026 290030 -15.282387 -3139.179311
290030 250026 -15.170872 -3141.233867
260027 290030 -37.434155 3141.126017
290030 260027 -37.345170 -3141.389232
270028 290030 -111.549009 3141.328141
290030 270028 -111.323749 -3141.448190
290030 320001 -22.448386 3141.540875
290030 380014 3.055121 -2.114373
140038 290030 -2.908142 -3135.787995
290032 10004 -616.920616 -3141.297030
290032 20005 -519.556823 3141.080761
30006 290032 -358.547386 3138.622112
290032 30006 -359.172212 3138.453351
290032 40007 -229.910981 3136.544179
50008 290032 -129.943502 3136.351660
290032 50008 -130.282961 3136.141154
290032 60009 -82.426364 -3140.243428
290032 70010 -121.526705 -3140.380147
290032 80011 -207.703247 -3140.574934
290032 90012 -361.699540 -3140.991933
90012 290032 -361.327600 -3141.094321
290032 100013 -203.624937 -3140.970100
290032 110014 -237.146279 -3141.359051
110014 290032 -236.805159 -3141.548027
290032 120015 -87.944908 -3141.470405
290032 130016 -186.439107 -3141.484269
130016 290032 -186.177723 -3141.512255
290032 140017 -60.334746 3141.513335
290032 150018 -32.889480 3141.317293
150018 290032 -32.661488 3141.577022
290032 160019 -17.331900 3141.048513
290032 170020 -8.287490 3140.642200
170020 290032 -8.424035 3140.820286
290032 180021 -7.010939 -3141.074378
290032 190022 -5.702027 3141.454512
290032 200023 -7.435864 -3140.771944
210024 290032 -9.304201 3136.458150
290032 210024 -9.196557 -3141.255241
290032 220025 -20.528782 -3140.748364
290032 230026 -42.970380 -3141.015073
230026 290032 -42.943533 -3139.981004
290032 240027 -96.664666 -3141.111068
250028 290032 -247.314319 -3140.913323
290032 250028 -246.630355 -3141.344744
290032 340037 94.388365 0.311986
290032 360014 43.412416 0.424616
10002 300031 -31.361384 3141.116078
300031 10002 -31.283058 -3141.198164
20003 300031 -55.167505 -3141.124976
300031 20003 -55.068589 -3141.082548
30004 300031 -50.265488 -3141.175019
300031 30004 -49.818713 -3141.388615
40005 300031 -37.563048 3138.299944
300031 40005 -38.196516 3137.376476
50006 300031 -24.996277 3132.089023
300031 50006 -25.637004 3131.549560
60007 300031 -12.957686 -3141.094393
300031 60007 -13.519859 -3140.994759
70008 300031 -5.747936 -3139.908269
300031 70008 -5.795007 -3139.639071
80009 300031 -10.190973 -3140.605170
300031 80009 -10.216521 -3139.625753
90010 300031 -28.513056 -3140.795938
300031 90010 -28.465014 -3140.269922
100011 300031 -37.579335 -3140.962874
300031 100011 -37.506659 -3140.808586
110012 300031 -63.353600 -3141.592079
300031 110012 -62.858971 -3141.210046
120013 300031 27.278557 0.226098
300031 120013 27.174888 0.132571
130014 300031 -44.931739 -3141.494572
300031 130014 -44.827612 -3141.484721
140015 300031 -10.335824 3141.165816
300031 140015 -10.311182 3141.121864
150016 300031 -5.577901 3140.881127
300031 150016 -5.398342 -3140.869690
160017 300031 -2.934495 3141.304741
300031 160017 -3.089691 3136.481040
170018 300031 -1.480519 3140.773572
300031 170018 -1.408161 -3140.937204
180019 300031 -0.679969 -3122.065440
300031 180019 -0.693751 3140.097696
190020 300031 -0.317973 3073.123732
300031 190020 -0.216390 -3138.667237
300031 200021 -1.107626 3138.586057
210022 300031 -0.302751 -3140.901958
300031 210022 -0.235037 -3120.815385
220023 300031 -0.807734 3126.026505
300031 220023 -0.783895 -3138.516388
230024 300031 -1.547598 3138.771768
300031 230024 -1.509410 -3137.617386
240025 300031 -3.363302 3138.818204
300031 240025 -3.496167 3141.346912
250026 300031 -6.794331 -3136.316819
300031 250026 -6.793339 -3140.078638
260027 300031 -15.319108 3141.195211
300031 260027 -15.215420 -3140.592399
270028 300031 -36.332994 -3141.400155
300031 270028 -36.171880 -3140.819177
280029 300031 -107.511412 -3141.357385
300031 280029 -107.630035 -3141.296743
300031 320001 -72.192535 3141.294243
300031 380014 2.311620 -4.135871
140038 300031 -2.053575 -3133.881432
10002 310032 -170.011095 -3141.495430
310032 10002 -170.182123 -3141.391113
20003 310032 -159.044473 -3141.185131
310032 20003 -159.730525 -3141.197026
30004 310032 -93.706252 -3141.073835
310032 30004 -93.137860 -3141.100129
40005 310032 -55.171117 3138.578952
310032 40005 -55.412371 3138.352941
50006 310032 -30.959349 3131.777233
310032 50006 -31.410637 3131.571584
60007 310032 -14.154867 -3140.777117
310032 60007 -14.750626 -3141.347230
70008 310032 -5.865393 -3138.903433
310032 70008 -6.076472 -3139.673331
80009 310032 -10.571733 -3140.881571
310032 80009 -10.427077 -3140.368953
90010 310032 -26.274407 -3140.524381
310032 90010 -26.262986 -3140.619538
100011 310032 -30.226927 -3140.658813
310032 100011 -29.904927 -3140.854614
110012 310032 -41.630590 -3141.481295
310032 110012 -41.380116 -3140.855583
120013 310032 16.711817 0.090276
310032 120013 16.597137 0.570366
130014 310032 -26.596145 -3141.230855
310032 130014 -26.457055 -3140.985223
140015 310032 -5.448773 -3141.577026
310032 140015 -5.389171 -3141.239078
150016 310032 -2.837870 -3140.617509
310032 150016 -2.813715 -3139.460623
160017 310032 -1.469190 3141.266986
310032 160017 -1.400303 3138.087962
170018 310032 -0.731629 -3139.353208
310032 170018 -0.735403 -3138.845050
180019 310032 -0.376427 -3115.957424
310032 180019 -0.335232 -3141.358884
190020 310032 -0.091635 3027.625669
310032 190020 -0.155368 -3119.449912
310032 200021 -0.491051 -3140.591198
210022 310032 -0.147734 3133.113915
310032 210022 -0.158279 -3138.553470
220023 310032 -0.357297 3122.234165
310032 220023 -0.385749 -3141.491649
230024 310032 -0.744024 -3137.287311
310032 230024 -0.755848 -3141.506709
240025 310032 -1.575548 3138.171646
310032 240025 -1.574990 3138.302588
250026 310032 -3.271924 -3133.477588
310032 250026 -3.177702 -3141.581716
260027 310032 -6.826684 3141.516864
310032 260027 -6.827101 -3141.036646
270028 310032 -14.851535 -3140.605918
310032 270028 -14.825430 -3141.215062
280029 310032 -35.304077 -3141.004374
310032 280029 -35.197461 -3141.483233
290030 310032 -110.771265 3141.525739
310032 290030 -110.676575 -3141.481855
310032 380014 1.225106 -4.944620
140038 310032 -1.284432 -3129.607664
10002 330034 0.557843 -0.365604
330034 10002 0.424148 25.248322
20003 330034 1.242121 0.976490
330034 20003 1.162392 2.354714
30004 330034 1.545950 0.764574
330034 30004 1.512314 -4.653671
40005 330034 1.538060 -4.556799
330034 40005 1.668409 -16.583160
50006 330034 1.375199 -8.739881
330034 50006 1.401261 -11.186298
60007 330034 0.892629 0.685998
330034 60007 0.946833 8.909514
70008 330034 0.420132 -1.417444
330034 70008 0.369485 28.318046
80009 330034 0.850316 2.923009
330034 80009 0.774992 20.297382
90010 330034 2.701653 0.892602
330034 90010 2.631124 9.942379
100011 330034 4.949300 1.140753
330034 100011 5.007939 1.986924
110012 330034 14.424870 -0.604866
330034 110012 14.166207 3.045885
120013 330034 -7.328110 3141.050627
330034 120013 -7.246124 -3139.643925
130014 330034 10.600786 -0.111968
330034 130014 10.444318 2.657281
140015 330034 -3.196945 3141.278081
330034 140015 -3.140617 3141.323223
150016 330034 -7.048625 3141.000370
330034 150016 -6.996053 3139.486709
160017 330034 -6.751853 3141.112617
330034 160017 -6.326981 -3138.260208
170018 330034 -4.613892 3141.048597
330034 170018 -4.631262 3140.447742
180019 330034 -2.520017 3140.353248
330034 180019 -2.484392 3141.234655
190020 330034 -1.204137 -3141.074413
330034 190020 -1.229811 3137.996193
330034 200021 -4.584227 -3140.127942
210022 330034 -1.504194 3141.507901
330034 210022 -1.562238 3135.773314
220023 330034 -4.280744 3141.403720
330034 220023 -4.212670 3140.794279
230024 330034 -9.522549 3141.007887
330034 230024 -9.563412 3140.358932
240025 330034 -26.248854 3141.177728
330034 240025 -26.023175 -3141.502185
250026 330034 -74.531659 3141.435178
330034 250026 -74.308478 3141.267775
260027 330034 -123.861109 3141.252665
330034 260027 -123.579580 3141.472143
270028 330034 120.950282 -0.393607
330034 270028 120.498715 -0.177711
280029 330034 74.004272 -0.320110
330034 280029 73.973970 -0.567636
290030 330034 25.805193 -0.206437
330034 290030 25.735366 -0.985793
300031 330034 9.764262 -0.018806
330034 300031 9.793274 -2.150498
310032 330034 4.136461 0.187285
330034 310032 4.073857 -2.153862
10032 330034 -1.075734 -3140.945014
330034 320001 1.305790 -23.974804
330034 350036 -42.835650 -3141.315182
330034 360037 -14.249562 -3140.603960
330034 370038 -6.381419 -3140.977177
330034 380014 -2.460801 3134.956896
330036 10004 11.713994 1.585654
330036 20005 16.083412 -2.801478
30006 330036 17.426930 -4.589905
330036 30006 17.506763 -6.402528
330036 40007 15.649615 -6.077084
50008 330036 11.316178 -4.563753
330036 50008 11.248477 -2.664687
330036 60009 8.686314 5.571001
330036 70010 15.992417 4.274797
330036 80011 36.259755 1.923606
90012 330036 113.679050 -0.003509
330036 90012 113.544055 0.893235
330036 100013 57.947355 0.919108
110014 330036 102.847282 -0.278517
330036 110014 102.669600 0.687998
330036 120015 -1.797040 3130.520673
130016 330036 -1.088551 -3121.751025
330036 130016 -0.962478 3088.814504
330036 140017 -102.088441 -3141.507680
150018 330036 -99.611536 3141.554958
330036 150018 -99.542787 3141.580064
330036 160019 -66.063556 -3141.309027
170020 330036 -36.424819 3141.476127
330036 170020 -36.475960 3141.185063
330036 180021 -33.065614 -3141.448273
330036 190022 -28.286533 3141.335643
330036 200023 -37.241505 3141.490009
210024 330036 -49.316611 3141.436632
330036 210024 -49.191056 3141.103831
330036 220025 -112.603153 3141.476042
230026 330036 -244.180270 3141.562022
330036 230026 -243.801346 3141.447678
330036 240027 -390.541486 3141.509537
250028 330036 -151.966324 -3141.448481
330036 250028 -151.582712 3141.502942
330036 260029 136.227664 -0.325085
270030 330036 380.800660 -0.101442
330036 270030 380.294643 -0.206402
330036 280031 240.420871 -0.317271
290032 330036 111.685792 0.129242
330036 290032 111.378621 -0.426980
330036 300001 48.028029 -1.129914
330036 310002 19.554747 -1.058362
330036 320003 10.037159 -1.083645
10002 340035 0.691023 -1.517252
340035 10002 0.776738 -9.794772
20003 340035 1.611957 0.595568
340035 20003 1.652295 -0.059948
30004 340035 2.054692 0.253195
340035 30004 2.067957 3.522190
40005 340035 2.089510 -3.587323
340035 40005 2.102184 4.498815
50006 340035 1.918225 -9.041447
340035 50006 2.016218 -8.768024
60007 340035 1.284540 1.319359
340035 60007 1.319698 -4.631977
70008 340035 0.634207 1.334325
340035 70008 0.706503 -10.462061
80009 340035 1.168195 0.608262
340035 80009 1.168327 -9.415710
90010 340035 4.010726 0.893415
340035 90010 3.986181 -4.396511
100011 340035 7.688793 0.398028
340035 100011 7.464450 -0.603717
110012 340035 25.814196 -0.167341
340035 110012 25.604639 -1.503762
120013 340035 -13.724940 -3141.554056
340035 120013 -13.567130 3140.501559
130014 340035 19.901538 -0.012850
340035 130014 19.599370 -1.192849
140015 340035 -7.506976 -3141.443594
340035 140015 -7.574216 3141.446756
150016 340035 -14.157286 3141.544088
340035 150016 -13.756208 -3140.891138
160017 340035 -11.973269 3141.591990
340035 160017 -11.765858 3139.700028
170018 340035 -7.433115 3141.547308
340035 170018 -7.334533 -3140.916131
180019 340035 -3.835910 3141.518294
340035 180019 -3.784796 3141.251906
190020 340035 -1.730337 3141.356662
340035 190020 -1.633206 -3140.067119
340035 200021 -6.512613 3140.786483
210022 340035 -1.961606 -3141.480708
340035 210022 -1.909354 -3137.791185
220023 340035 -5.348029 3141.286518
340035 220023 -5.279232 -3141.250470
230024 340035 -10.925653 3141.529214
340035 230024 -10.959373 -3140.878845
240025 340035 -24.901160 3141.525568
340035 240025 -25.062107 3141.251100
250026 340035 -46.373451 -3141.164601
340035 250026 -46.334370 -3141.516695
260027 340035 -38.575620 -3141.558492
340035 260027 -38.394172 -3141.463550
270028 340035 37.437028 0.046940
340035 270028 37.508931 0.029582
280029 340035 46.026272 0.015562
340035 280029 45.774677 0.716494
290030 340035 24.583384 0.228526
340035 290030 24.573882 0.509693
300031 340035 11.198744 0.613280
340035 300031 11.158093 1.908361
310032 340035 5.131488 0.661380
340035 310032 5.166427 2.117547
10032 340035 -1.407855 -3139.622196
340035 320001 1.221232 22.592161
340035 360037 -45.579438 3141.277699
340035 380014 -4.911731 -3138.885161
140038 340035 5.068424 1.092248
10002 350036 0.600086 6.118517
350036 10002 0.645661 -3.953493
20003 350036 1.566209 0.393418
350036 20003 1.562124 -0.454705
30004 350036 2.081226 -1.455097
350036 30004 2.058386 -0.436692
40005 350036 2.181252 -3.836445
350036 40005 2.269525 -4.627310
50006 350036 2.080038 -9.637272
350036 50006 2.155069 -10.105365
60007 350036 1.454682 -1.997815
350036 60007 1.488069 2.297071
70008 350036 0.779853 -3.679546
350036 70008 0.715361 0.432801
80009 350036 1.204874 7.183841
350036 80009 1.306440 1.516321
90010 350036 4.707379 -0.366172
350036 90010 4.642896 1.462395
100011 350036 9.643597 0.054735
350036 100011 9.646106 1.062743
110012 350036 41.927126 -0.264363
350036 110012 41.426623 0.064474
120013 350036 -24.290463 -3141.515982
350036 120013 -24.072462 -3141.558827
130014 350036 37.686274 -0.367465
350036 130014 37.113925 0.123361
140015 350036 -14.928817 -3140.906553
350036 140015 -14.834466 3141.282971
150016 350036 -24.438296 -3141.293122
350036 150016 -23.877722 -3141.570739
160017 350036 -17.182175 -3141.577782
350036 160017 -16.564029 3141.198422
170018 350036 -9.345467 -3141.538718
350036 170018 -9.275948 -3141.349880
180019 350036 -4.487226 -3141.486152
350036 180019 -4.362719 3141.265983
190020 350036 -1.861590 -3139.032570
350036 190020 -1.887931 -3140.294751
350036 200021 -6.672069 3141.378396
210022 350036 -1.900093 3141.500744
350036 210022 -1.908208 -3140.935869
220023 350036 -4.924684 -3141.394107
350036 220023 -4.871903 -3141.576248
230024 350036 -9.237302 -3141.139194
350036 230024 -9.279375 3141.499557
240025 350036 -17.678697 3141.397807
350036 240025 -17.664113 3141.307208
250026 350036 -24.785206 -3141.262238
350036 250026 -24.604855 3141.487107
260027 350036 -15.392810 3141.273134
350036 260027 -15.365150 -3141.522302
270028 350036 13.394518 -0.099929
350036 270028 13.296251 -0.459961
280029 350036 23.949883 0.113941
350036 280029 23.840520 0.089378
290030 350036 17.571346 0.168899
350036 290030 17.437056 -0.338436
300031 350036 9.604031 0.074530
350036 300031 9.499518 -0.118758
310032 350036 4.766462 -0.082665
350036 310032 4.751150 -0.162959
10032 350036 -1.444716 3140.658102
350036 320001 1.386429 3.031271
350036 380014 -11.578978 -3141.066549
140038 350036 11.495543 0.980502
350038 10004 10.734970 -0.259238
350038 20005 15.158764 -2.237705
30006 350038 17.246554 -4.623778
350038 30006 17.285972 -5.543188
350038 40007 16.171753 -5.029193
50008 350038 12.224279 -4.178927
350038 50008 12.179012 -3.823650
350038 60009 9.790937 2.666970
350038 70010 19.055414 1.819364
350038 80011 47.491980 1.292194
90012 350038 254.944323 0.023512
350038 90012 253.722701 0.253572
350038 100013 96.967806 0.471097
110014 350038 377.217398 -0.222756
350038 110014 376.227226 0.078687
350038 120015 -1.781677 3136.588203
130016 350038 1.057712 -49.479364
350038 130016 1.315383 7.156872
350038 140017 -373.558799 3141.588056
150018 350038 -236.360662 3141.447516
350038 150018 -235.864305 3141.552839
350038 160019 -108.184552 3141.530599
170020 350038 -48.686754 3141.431662
350038 170020 -48.467550 -3141.561574
350038 180021 -36.410855 -3141.547312
350038 190022 -28.751406 -3141.441421
350038 200023 -34.889773 -3141.584970
210024 350038 -38.470133 3141.404209
350038 210024 -38.295371 3141.574885
350038 220025 -71.069539 3141.434630
230026 350038 -106.044281 3141.562497
350038 230026 -106.074822 3141.462998
350038 240027 -111.263949 3141.509044
250028 350038 -51.071370 -3141.377497
350038 250028 -51.734901 -3141.492502
350038 260029 38.452645 -0.212876
270030 350038 101.714124 0.110062
350038 270030 101.283500 -0.172990
350038 280031 100.838250 -0.144649
290032 350038 68.903090 0.333295
350038 290032 68.525240 -0.271774
350038 300001 36.066537 -0.102625
350038 310002 16.246838 0.040463
350038 320003 8.833310 0.276831
10002 360037 0.590935 -9.154458
360037 10002 0.812158 -9.116524
20003 360037 1.355063 0.503115
360037 20003 1.509851 3.699117
30004 360037 1.796359 1.691192
360037 30004 1.887691 11.012565
40005 360037 1.943370 -3.621083
360037 40005 1.884805 14.894750
50006 360037 1.944920 -7.989189
360037 50006 2.106749 -6.493518
60007 360037 1.390740 2.550415
360037 60007 1.421327 -14.595133
70008 360037 0.682940 7.535731
360037 70008 0.896706 -13.456074
80009 360037 1.400263 -4.860925
360037 80009 1.364324 -21.582858
90010 360037 4.879520 1.028702
360037 90010 4.912944 -10.178019
100011 360037 11.056184 0.048334
360037 100011 10.593696 -4.197654
110012 360037 69.157838 -0.209456
360037 110012 68.870809 -1.763636
120013 360037 -45.371670 3141.404840
360037 120013 -44.978796 3140.270990
130014 360037 82.478183 -0.169352
360037 130014 81.308236 -1.193717
140015 360037 -35.391770 3141.416775
360037 140015 -35.148060 3141.444647
150016 360037 -45.023040 3141.269770
360037 150016 -43.733482 3141.542777
160017 360037 -23.926026 3141.365269
360037 160017 -23.770567 3139.903628
170018 360037 -11.028110 3141.283314
360037 170018 -10.854382 3141.416846
180019 360037 -4.773994 3141.487200
360037 180019 -4.744017 3140.805255
190020 360037 -2.018745 3139.234938
360037 190020 -1.769926 3140.743635
360037 200021 -6.610320 3139.980549
210022 360037 -1.705276 3141.083284
360037 210022 -1.562674 -3135.615229
220023 360037 -4.283322 3140.538946
360037 220023 -4.173416 -3141.198920
230024 360037 -7.326881 3140.939083
360037 230024 -7.290006 -3140.158955
240025 360037 -12.281794 3141.295737
360037 240025 -12.599338 3140.624753
250026 360037 -14.241892 -3140.766842
360037 250026 -14.192321 3141.539131
260027 360037 -8.019817 3141.275197
360037 260027 -7.800005 3140.822440
270028 360037 5.559547 -0.380325
360037 270028 5.884095 2.605324
280029 360037 12.767522 -0.674796
360037 280029 12.417027 4.087836
290030 360037 11.451458 0.379664
360037 290030 11.564603 3.226882
300031 360037 7.158257 1.155016
360037 300031 7.124455 6.340854
310032 360037 3.907409 0.514198
360037 310032 4.016780 7.611173
10032 360037 -1.117372 -3134.530808
360037 320001 0.654096 61.839823
360037 380014 -38.381724 -3141.420841
140038 360037 38.790849 0.439358
10002 370038 0.454997 5.192953
370038 10002 0.193775 -29.442384
20003 370038 1.058231 1.462421
370038 20003 0.905190 -11.113252
30004 370038 1.423891 1.043263
370038 30004 1.374918 -16.198055
40005 370038 1.576875 -4.912256
370038 40005 1.821567 -17.681487
50006 370038 1.629256 -8.886634
370038 50006 1.654677 -13.921061
60007 370038 1.194816 1.289226
370038 60007 1.266284 20.044675
70008 370038 0.599340 -3.360414
370038 70008 0.458363 6.308755
80009 370038 1.205794 7.349370
370038 80009 1.081319 25.421184
90010 370038 4.374805 1.218117
370038 90010 4.225376 12.091732
100011 370038 10.686357 1.342141
370038 100011 10.833110 6.548518
110012 370038 106.296831 -0.030832
370038 110012 104.889833 1.076693
120013 370038 -78.789356 -3141.436540
370038 120013 -77.990495 -3140.832340
130014 370038 203.315883 -0.212118
370038 130014 199.898576 0.596351
140015 370038 -128.943390 -3141.301674
370038 140015 -125.966760 -3141.456826
150016 370038 -78.738105 3141.335058
370038 150016 -76.983671 -3141.186108
160017 370038 -27.319501 3141.301417
370038 160017 -26.356630 -3141.215981
170018 370038 -10.428368 3141.220180
370038 170018 -10.612454 -3140.262651
180019 370038 -4.130054 3140.605855
370038 180019 -4.108305 -3141.265706
190020 370038 -1.667396 -3140.290725
370038 190020 -1.783519 -3135.203265
370038 200021 -4.941882 -3140.822367
210022 370038 -1.248568 -3141.456125
370038 210022 -1.412060 3141.068252
220023 370038 -3.025438 -3141.566230
370038 220023 -3.020845 -3141.581901
230024 370038 -4.846739 3140.991130
370038 230024 -5.047585 3140.711731
240025 370038 -7.314098 3141.278099
370038 240025 -7.125119 3140.876359
250026 370038 -7.343709 3140.780749
370038 250026 -7.530701 -3141.054610
260027 370038 -3.290044 3139.832261
370038 260027 -3.501007 -3137.431163
270028 370038 3.620800 2.127651
370038 270028 3.275781 -7.946904
280029 370038 7.681522 0.639504
370038 280029 7.913717 -2.791101
290030 370038 7.497933 0.447819
370038 290030 7.361299 -5.231122
300031 370038 5.073938 0.556070
370038 300031 5.116728 -6.782421
310032 370038 2.911628 1.529396
370038 310032 2.775392 -10.607037
10032 370038 -0.852518 3138.999128
370038 320001 1.337568 -6.903627
340035 370038 -15.482278 3141.355559
370038 340035 -15.460384 3140.400401
350036 370038 -45.641530 -3141.404568
370038 350036 -45.825201 3140.871155
