         792
       10020       20011   50.8629036      -11.7249203               1
       10020       20012   51.4186401      -11.7806015               1
       10020       20013   52.0479851      -11.7929068               1
       10020       20014   52.6019821      -11.7460918               1
       10020       20015   53.7583923      -11.6884966               1
       10020       20016   54.9341927      -11.5306530               1
       10020       20017   59.9512291      -11.3838482               1
       10020       20018   66.3472977      -10.3282862               1
       10020       20019   91.6502380      -5.80562305               1
       10020       30012   21.9746132      -12.4776974               1
       10020       30013   22.6039600      -12.4866247               1
       10020       30014   23.1579571      -12.3636894               1
       10020       30015   24.3143654      -12.2069769               1
       10020       30016   25.4901619      -11.8428888               1
       10020       30017   30.5071945      -11.5030460               1
       10020       30018   36.9032860      -9.58462429               1
       10020       30019   62.2068443      -3.22377801               1
       10022       20011   50.5888252      -11.7397490               1
       10022       20012   51.0377579      -11.7958298               1
       10022       20013   51.5130424      -11.8222609               1
       10022       20014   51.8872147      -11.8072901               1
       10022       20015   52.5538864      -11.8112450               1
       10022       20016   53.1074257      -11.7743397               1
       10022       20017   55.0229836      -11.8872643               1
       10022       20018   56.8343124      -11.7362757               1
       10022       20019   60.5202637      -11.1905413               1
       10022       20020   75.7057037      -12.2245541               1
       10022       30012   21.6010933      -12.5239334               1
       10022       30013   22.0763798      -12.5699339               1
       10022       30014   22.4505501      -12.5228720               1
       10022       30015   23.1172237      -12.5112267               1
       10022       30016   23.6707611      -12.4120569               1
       10022       30017   25.5863228      -12.6071558               1
       10022       30018   27.3976440      -12.2463484               1
       10022       30019   31.0835915      -11.1233091               1
       10022       30020   46.2690544      -12.8372326               1
       10022       30021   77.4620972      -11.4790392               1
       10022       40021   65.0167694      -11.1164074               1
       10022       50021   62.2377739      -11.4015493               1
       10022       60021   60.0313110      -11.2939129               1
       10022       70021   58.8078880      -11.2799444               1
       10022       80021   58.0316315      -11.2102737               1
       10022       90021   57.5466461      -11.2187243               1
       10022      100021   56.6394920      -11.1152849               1
       10022      110021   56.3099480      -11.1311150               1
       10022      120021   55.8610153      -11.0749846               1
       10020       20021   113.806183      -12.1563950               1
       10022       20021   106.898766      -11.4191446               1
       20021       30012   50.8853683      -9.32883263               1
       20021       30013   51.4613495      -9.38242912               1
       20021       30014   51.9266167      -9.38092422               1
       20021       30015   52.7983208      -9.41709709               1
       20021       30016   53.5794716      -9.39099598               1
       20021       30017   56.5208435      -9.63520908               1
       20021       30018   59.6478348      -9.43663502               1
       20021       30019   67.6630249      -8.40986347               1
       20021       30020   113.610329      -11.0462227               1
       20021       40020   78.0965424      -11.5851135               1
       20021       50020   72.1920776      -12.3967257               1
       20021       60020   68.3537598      -12.4548922               1
       20021       70020   66.5164642      -12.5313129               1
       20021       80020   65.4369812      -12.4941654               1
       20021       90020   64.7968750      -12.5281477               1
       20021      100020   63.6656036      -12.4527645               1
       20021      110020   63.2657127      -12.4830017               1
       10020       20023   60.5353165      -11.4473085               1
       10022       20023   88.6821899      -8.62902355               1
       20023       30012   50.4922905      -9.27826405               1
       20023       30013   50.9264679      -9.32050800               1
       20023       30014   51.2392082      -9.31984806               1
       20023       30015   51.7367554      -9.33848572               1
       20023       30016   52.1003036      -9.32234287               1
       20023       30017   53.2174797      -9.41196060               1
       20023       30018   54.1420174      -9.34492779               1
       20023       30019   55.6540527      -9.11407757               1
       20023       30020   60.3597298      -9.35567570               1
       20023       30021   66.7586365      -8.75185013               1
       10020       30022   46.2582855      -12.8404121               1
       20021       30022   106.706749      -10.2362547               1
       20023       30022   88.5117722      -7.19791365               1
       30022       40020   59.7736473      -8.62127113               1
       30022       40021   90.9743805      -8.90989590               1
       30022       50014   17.0433445      -10.4294939               1
       30022       50015   17.7534637      -10.4915085               1
       30022       50016   18.3256874      -10.4193296               1
       30022       50020   41.0018806      -11.9964504               1
       30022       50021   72.2025604      -10.9016066               1
       30022       60021   63.9897461      -11.0751743               1
       30022       70021   60.9187393      -11.2332335               1
       30022       80021   59.3335762      -11.1736765               1
       30022       90020   27.2736034      -13.2196579               1
       30022       90021   58.4742393      -11.2150936               1
       30022      100020   25.9219074      -13.0678377               1
       30022      100021   57.1225548      -11.0987644               1
       30022      110020   25.4850922      -13.1717358               1
       30022      110021   56.6857338      -11.1303024               1
       30022      120021   56.1325340      -11.0688848               1
       10022       30024   37.8250504      -11.2461576               1
       20021       30024   59.7919426      -9.52120972               1
       20023       30024   121.076920      -11.0284863               1
       30024       50023   86.6106491      -11.8988400               1
       30024       60023   78.4170837      -12.1463547               1
       30024       70023   75.3704834      -12.3182707               1
       30024       80023   73.8106461      -12.2950954               1
       30024       90023   72.9763641      -12.3399897               1
       30024      100023   71.7093353      -12.2740755               1
       30024      110023   71.3193817      -12.3040981               1
       30024      120023   70.8504715      -12.2704096               1
       30024      130023   70.4059982      -12.2553806               1
       30024      140023   70.1042328      -12.2654610               1
       30024       40023   105.372299      -10.0020409               1
       40023       50014   76.7310867      -13.5044765               1
       40023       50015   77.3113251      -13.4910221               1
       40023       50016   77.7087784      -13.4592276               1
       40023       50017   78.8843613      -13.4637184               1
       40023       50018   79.8369598      -13.3700962               1
       40023       50019   81.3705215      -13.1361361               1
       40023       50020   86.1001968      -13.0869322               1
       40023       50021   92.5109482      -12.3923244               1
       40023       50022   114.274353      -10.4958019               1
       40023       60015   23.1073341      -12.3869276               1
       40023       60016   23.5047836      -12.3004837               1
       40023       60020   31.8962383      -11.6003618               1
       20023       40025   40.7569809      -11.2476702               1
       30024       40025   91.6863480      -8.73223305               1
       40025       50014   76.4129562      -13.5158930               1
       40025       50015   76.8589859      -13.5111084               1
       40025       50016   77.1295319      -13.4937267               1
       40025       50017   77.8366318      -13.5127325               1
       40025       50018   78.3383789      -13.4783087               1
       40025       50019   78.9961929      -13.4073296               1
       40025       50020   80.5458908      -13.4644060               1
       40025       50021   82.0772629      -13.3561354               1
       40025       50022   85.2065506      -13.2173719               1
       40025       50023   102.057716      -13.4347773               1
       40025       60015   22.6678276      -12.4348183               1
       40025       60016   22.9383755      -12.3890667               1
       40025       60017   23.6454716      -12.4846630               1
       40025       60018   24.1472206      -12.3943491               1
       40025       60019   24.8050442      -12.1970491               1
       40025       60020   26.3547382      -12.4426517               1
       40025       60021   27.8861122      -12.1800900               1
       40025       60022   31.0154171      -11.9175320               1
       40025       60023   47.8665581      -12.8386679               1
       40025       60024   79.0089264      -11.2424650               1
       40025       70024   67.3911819      -11.3731909               1
       40025       80024   63.0398941      -11.0956669               1
       40025       90024   61.1359940      -11.1065559               1
       40025      100023   27.7309666      -13.1927519               1
       40025      100024   58.8733482      -10.8633223               1
       40025      110024   58.2899590      -10.9002800               1
       40025      120024   57.6662254      -10.8227224               1
       40025      130024   57.1229362      -10.7774229               1
       40025      140024   56.7871475      -10.7778931               1
       40025      150024   56.3411217      -10.7627439               1
       20023       50024   79.6886520      -12.2439156               1
       40023       50024   146.867172      -12.9230862               1
       40025       50024   133.199982      -12.3486023               1
       30024       50026   34.4344521      -9.98852444               1
       40023       50026   87.2589951      -13.3010006               1
       40025       50026   116.782104      -12.4952345               1
       50026       60015   45.6135216      -8.33015633               1
       50026       60016   45.8574524      -8.32776642               1
       50026       60017   46.4456635      -8.41113377               1
       50026       60018   46.8327827      -8.40349865               1
       50026       60019   47.2894592      -8.36630917               1
       50026       60020   48.2269440      -8.50275612               1
       50026       60021   49.0376892      -8.46656227               1
       50026       60022   50.4357262      -8.47873878               1
       50026       60023   56.2907295      -8.98172474               1
       50026       60024   63.7444038      -8.73181057               1
       50026       70024   35.4572411      -10.7527380               1
       50026      120024   19.5366802      -9.95723438               1
       50026      150024   18.1308956      -9.74228859               1
       30024       60025   64.7309036      -10.8011436               1
       40023       60025   47.8469429      -12.8397131               1
       50026       60025   85.8141403      -9.37164783               1
       60025       70016   54.4114075      -14.1880331               1
       60025       70017   55.2002258      -14.2105055               1
       60025       70018   55.7394409      -14.1531763               1
       60025       70019   56.4248581      -14.0434294               1
       60025       70020   58.0037384      -14.1076431               1
       60025       70021   59.5492973      -13.9402323               1
       60025       70022   62.6909790      -13.7223797               1
       60025       70023   79.5615768      -13.8951283               1
       60025       70024   110.713745      -12.4583731               1
       60025       80017   21.6864948      -13.7373419               1
       60025       80018   22.2257137      -13.6050463               1
       60025       80019   22.9111328      -13.3511629               1
       60025       80020   24.4900112      -13.5478821               1
       60025       80021   26.0355759      -13.1982050               1
       60025       80022   29.1772671      -12.8100204               1
       60025       80023   46.0478554      -13.4427567               1
       60025       80024   77.2001114      -11.5648289               1
       60025       90018   13.1149187      -15.1844339               1
       60025       90019   13.8003292      -14.6844978               1
       60025       90020   15.3792114      -14.8608704               1
       60025       90021   16.9247665      -14.2030554               1
       60025       90022   20.0664463      -13.4812994               1
       60025       90023   36.9370461      -13.9635057               1
       60025       90024   68.0892792      -11.5960455               1
       60025      100023   29.9384212      -13.1389751               1
       60025      100024   61.0907326      -10.9207535               1
       60025      110023   28.6056938      -13.4603624               1
       60025      110024   59.7579880      -11.0251274               1
       60025      120023   27.4402981      -13.2693014               1
       60025      120024   58.5926056      -10.8872128               1
       60025      130023   26.5457497      -13.1712427               1
       60025      130024   57.6980667      -10.8051672               1
       60025      140023   26.0538979      -13.2048788               1
       60025      140024   57.2062149      -10.8001432               1
       60025      150024   56.6241646      -10.7756777               1
       50026       60027   89.2955170      -9.40708637               1
       60027       70016   54.1060562      -14.1908751               1
       60027       70017   54.6900063      -14.2037249               1
       60027       70018   55.0520210      -14.1621094               1
       60027       70019   55.4490089      -14.0966005               1
       60027       70020   56.1940384      -14.1135874               1
       60027       70021   56.7894135      -14.0287790               1
       60027       70022   57.7222748      -13.9473143               1
       60027       70023   61.1202621      -13.8963499               1
       60027       70024   64.7569733      -13.4562864               1
       60027       70025   72.7120056      -13.1711512               1
       60027       80024   31.2543964      -12.3209143               1
       60027       80026   64.3122406      -11.5658922               1
       60027       90026   55.2119942      -11.6042442               1
       60027      100026   48.2471504      -10.7554197               1
       60027      110026   46.9319878      -10.8835382               1
       60027      120026   45.7966347      -10.7089005               1
       60027      130026   44.9396210      -10.6037483               1
       60027      140026   44.4824791      -10.5951080               1
       60027      150026   43.9700851      -10.5654831               1
       60027      160026   43.7088661      -10.5773325               1
       60027      170026   43.1249237      -10.5121059               1
       60025       70026   94.3145905      -12.6597586               1
       60027       70026   97.8147659      -12.5761538               1
       70026       80017   66.3404083      -10.7006683               1
       70026       80018   66.7901154      -10.6821432               1
       70026       80019   67.2916870      -10.6399803               1
       70026       80020   68.2752533      -10.7106590               1
       70026       80021   69.1080093      -10.6582603               1
       70026       80022   70.5249405      -10.6245651               1
       70026       80023   76.4090195      -10.8336229               1
       70026       80024   83.8773117      -10.4789391               1
       70026       80025   105.961227      -10.6340790               1
       70026       90018   28.3960495      -13.5795183               1
       70026       90019   28.8976116      -13.4310484               1
       70026       90020   29.8811913      -13.5006714               1
       70026       90021   30.7139339      -13.3071260               1
       70026       90022   32.1308517      -13.1163559               1
       70026       90023   38.0149536      -13.1508684               1
       70026       90024   45.4831734      -12.1162939               1
       70026       90025   67.5670929      -11.8244295               1
       70026      100024   26.2071304      -10.0532169               1
       70026      110024   23.3922806      -10.8596373               1
       70026      120024   21.3574104      -10.3538380               1
       70026      130024   19.9750557      -10.0021639               1
       70026      140024   19.2999344      -9.96285248               1
       70026      150024   18.6020927      -9.84796143               1
       60025       70028   64.4067841      -13.4684010               1
       60027       70028   88.3377533      -11.8732243               1
       70028       80017   66.0406342      -10.6896534               1
       70028       80018   66.3962631      -10.6754484               1
       70028       80019   66.7560654      -10.6469927               1
       70028       80020   67.3683395      -10.6896448               1
       70028       80021   67.8202057      -10.6563520               1
       70028       80022   68.4667587      -10.6406593               1
       70028       80023   70.5445175      -10.6991329               1
       70028       80024   72.4973297      -10.5486031               1
       70028       80025   76.0662155      -10.5229883               1
       70028       80026   83.9617004      -10.4209747               1
       70028       90018   28.0095520      -13.6029530               1
       70028       90020   28.9816246      -13.5377617               1
       70028       90021   29.4334850      -13.4173231               1
       70028       90023   32.1577950      -13.2772713               1
       70028       90024   34.1105766      -12.8097439               1
       70028       90027   61.6113319      -10.6154928               1
       70028      100027   42.3583946      -8.65955162               1
       70028      110027   39.5552902      -9.03727531               1
       70028      120027   37.5402374      -8.65512180               1
       70028      130027   36.1821976      -8.39930344               1
       70028      140027   35.5289383      -8.34781933               1
       70028      150027   34.8734131      -8.25833988               1
       70028      160027   34.5722847      -8.25521278               1
       70028      170027   33.9576416      -8.12432575               1
       70028      180027   33.6020088      -8.12524319               1
       50026       80027   52.8904610      -10.7553387               1
       70026       80027   109.462547      -10.6240215               1
       70028       80027   99.9981995      -9.81851387               1
       80027       90018   70.6089401      -13.0139790               1
       80027       90019   71.0619659      -12.9663448               1
       80027       90020   71.8628006      -12.9954548               1
       80027       90021   72.4843597      -12.9362316               1
       80027       90022   73.4393311      -12.8864212               1
       80027       90023   76.8706131      -12.8949690               1
       80027       90024   80.5239334      -12.5855560               1
       80027       90025   88.4948273      -12.4302387               1
       80027       90026   113.612213      -12.0823488               1
       80027      100026   58.1833649      -10.1942539               1
       80027      110026   52.1976433      -11.1647120               1
       80027      120026   48.6309624      -10.8751230               1
       80027      130026   46.4622459      -10.6727238               1
       80027      140026   45.5004349      -10.6593103               1
       80027      150026   44.6051674      -10.6052790               1
       80027      160026   44.2155266      -10.6203909               1
       80027      170026   43.4455833      -10.5295382               1
       70026       80029   78.1899567      -10.8700514               1
       70028       80029   113.474960      -10.8009472               1
       80029       90018   70.3252335      -13.0297909               1
       80029       90019   70.6846848      -12.9968395               1
       80029       90020   71.2550659      -13.0245190               1
       80029       90021   71.6549377      -12.9901037               1
       80029       90022   72.1970444      -12.9727182               1
       80029       90023   73.8223190      -13.0070639               1
       80029       90024   75.2559128      -12.8957071               1
       80029       90025   77.6780090      -12.8865070               1
       80029       90026   82.3488770      -12.8686991               1
       80029       90027   89.3469009      -12.6682806               1
       80029      100028   62.2264824      -10.5447779               1
       80029      110028   56.2501984      -11.4817810               1
       80029      120028   52.6991959      -11.2368507               1
       80029      130028   50.5495110      -11.0660534               1
       80029      140028   49.6045265      -11.0596476               1
       80029      150028   48.7410965      -11.0160837               1
       80029      160028   48.3772011      -11.0301390               1
       80029      170028   47.6887321      -10.9562922               1
       80029      180028   47.3115883      -10.9730177               1
       80029      190028   46.9521332      -11.0068779               1
       60027       90028   45.7350807      -10.0451345               1
       80027       90028   104.150787      -11.4416208               1
       80029       90028   117.636765      -12.2025909               1
       90028      100020   33.3561058      -2.20416999               1
       90028      100027   66.1250534      -5.09226418               1
       90028      110027   48.9482841      -8.65244484               1
       90028      120027   41.8884010      -8.57847881               1
       90028      130027   38.2489624      -8.35953045               1
       90028      140027   36.8137093      -8.36994076               1
       90028      150027   35.6217918      -8.28086472               1
       90028      160027   35.1542053      -8.29435444               1
       90028      170027   34.3141098      -8.13747501               1
       90028      180027   33.8650780      -8.14402390               1
       80027       90030   79.2271805      -12.4028425               1
       80029       90030   103.406807      -9.10260296               1
       70028      100029   55.8351097      -10.9359064               1
       90028      100029   79.6137619      -7.29319572               1
      100029      110020   76.5102005      -14.7091551               1
      100029      110021   76.9764023      -14.6618013               1
      100029      110022   77.5713348      -14.6334038               1
      100029      110023   79.2708282      -14.6342506               1
      100029      110024   80.7397919      -14.4991093               1
      100029      110026   87.8948746      -14.3460798               1
      100029      110027   94.9075317      -14.0485678               1
      100029      110028   123.212700      -13.2870979               1
      100029      120028   75.0579758      -12.2631617               1
      100029      130028   58.8504677      -11.3289251               1
      100029      140028   54.0228615      -11.2658644               1
      100029      150028   50.9476204      -11.1023798               1
      100029      160028   49.9907532      -11.1340656               1
      100029      170028   48.5984612      -10.9835749               1
      100029      180028   47.9529495      -11.0065231               1
      100029      190028   47.4241028      -11.0461292               1
       90030      100031   92.6203232      -10.0412874               1
      100031      110020   76.0331497      -14.7179556               1
      100031      110021   76.3585663      -14.6824322               1
      100031      110022   76.7244492      -14.6648207               1
      100031      110023   77.5972290      -14.6607714               1
      100031      110024   78.2441559      -14.5913887               1
      100031      110025   79.1619110      -14.5611935               1
      100031      110026   80.5543747      -14.5137768               1
      100031      110027   81.9891052      -14.4126492               1
      100031      110028   85.4352570      -14.1629353               1
      100031      110029   91.3516312      -13.3374052               1
      100031      120021   28.2209454      -14.3424091               1
      100031      120024   30.1065350      -14.1270905               1
      100031      120030   88.1162567      -14.4202614               1
      100031      130030   71.9290695      -14.1420422               1
      100031      140030   67.1189346      -14.2925835               1
      100031      150030   64.0753326      -14.3071575               1
      100031      160030   63.1428337      -14.3788490               1
      100031      170030   61.8239746      -14.3359699               1
      100031      180030   61.2340927      -14.3843546               1
      100031      190030   60.7790146      -14.4342680               1
      100031      200030   60.2207298      -14.4133110               1
      100031      210030   59.8953133      -14.4569426               1
      100029      110030   109.010544      -10.4886932               1
      100031      110030   136.253876      -14.5833101               1
      110030      120021   58.7813263      -12.1337242               1
      110030      120022   59.2347260      -12.1132536               1
      110030      120023   60.3589516      -12.1191759               1
      110030      120024   61.2295456      -12.0057526               1
      110030      120025   62.5309868      -11.9495707               1
      110030      120026   64.6662521      -11.8358183               1
      110030      120027   67.1618500      -11.5710354               1
      110030      120028   74.2474442      -10.7906895               1
      110030      120029   91.3739395      -8.05690002               1
      110030      130029   52.3430557      -4.42903423               1
      110030      140029   43.1738014      -3.29905915               1
      100029      110032   84.8001709      -13.8509912               1
      100031      110032   124.286377      -12.6239796               1
      110032      120021   58.4539032      -12.1604223               1
      110032      120022   58.7960129      -12.1514301               1
      110032      120023   59.5433617      -12.1727333               1
      110032      120024   60.0621643      -12.1157503               1
      110032      120025   60.7539368      -12.1074533               1
      110032      120026   61.7241058      -12.0932150               1
      110032      120027   62.6189575      -12.0336275               1
      110032      120028   64.5118408      -11.8935289               1
      110032      120029   67.1798935      -11.4249411               1
      110032      120030   82.4352417      -12.2710581               1
      110032      130031   67.6418076      -9.72234535               1
       90030      120031   68.4129181      -13.9311714               1
      110030      120031   118.611877      -13.3188457               1
      110032      120031   106.660858      -10.8931198               1
      120031      130022   49.9564667      -12.0589046               1
      120031      130023   50.9196892      -12.1060667               1
      120031      130024   51.6077576      -12.0297318               1
      120031      130025   52.5623360      -12.0313740               1
      120031      130026   53.9868889      -12.0286827               1
      120031      130027   55.4372025      -11.9440622               1
      120031      130028   58.8993111      -11.7267895               1
      120031      130029   64.8249512      -10.7849426               1
      120031      130030   109.745834      -13.3776007               1
      120031      140023   21.4649734      -12.8277693               1
      120031      140024   22.1530399      -12.6275225               1
      120031      140030   80.2911758      -14.0369997               1
      120031      150030   68.7909470      -14.1294394               1
      120031      160030   66.1654739      -14.3335199               1
      120031      170030   63.2794876      -14.2628641               1
      120031      180030   62.1734161      -14.3552132               1
      120031      190030   61.4288597      -14.4310856               1
      120031      200030   60.6430321      -14.4001226               1
      120031      210030   60.2247086      -14.4565268               1
      110030      120033   69.3829269      -11.9448662               1
      110032      120033   97.8960342      -11.1190166               1
      120033      130022   49.5869980      -12.0640450               1
      120033      130023   50.2600670      -12.0957823               1
      120033      130024   50.6902390      -12.0422258               1
      120033      130025   51.2225876      -12.0380306               1
      120033      130026   51.9050980      -12.0292196               1
      120033      130027   52.4633293      -11.9835024               1
      120033      130028   53.5008430      -11.8802519               1
      120033      130029   54.7342758      -11.5867252               1
      120033      130030   60.5407906      -11.8516264               1
      120033      130031   67.1000214      -11.0452461               1
      120033      140031   37.6555443      -10.6264992               1
      120033      140032   59.6109695      -10.6745644               1
      120033      150032   48.1288071      -10.0039082               1
      120033      160032   45.5166817      -10.0622444               1
      120033      170031   20.7143593      -8.52605820               1
      120033      170032   42.6697578      -9.67397308               1
      120033      180032   41.5921974      -9.68924332               1
      120033      190032   40.8835640      -9.71476936               1
      120033      200032   40.1719818      -9.58885002               1
      120033      210032   39.8136482      -9.62065506               1
      120033      220031   17.5131207      -8.16059685               1
      120033      220032   39.4685135      -9.60491562               1
      120033      230032   38.7954521      -9.52113438               1
      120031      130032   97.7959442      -10.7395754               1
      120033      130032   89.0554428      -10.9741831               1
      130032      140023   51.7482147      -11.0495911               1
      130032      140024   52.3274689      -10.9926767               1
      130032      140025   53.0723953      -11.0030546               1
      130032      140026   54.0881958      -11.0122471               1
      130032      140027   55.0048828      -10.9636984               1
      130032      140028   56.9198265      -10.8420401               1
      130032      140029   59.6003952      -10.3601093               1
      130032      140030   74.8813782      -11.5120497               1
      130032      140031   99.1191711      -10.2142744               1
      130032      150031   64.0338364      -9.61972427               1
      120031      130034   59.2235298      -11.3562279               1
      120033      130034   94.9381104      -9.38240433               1
      130034      140023   51.2841568      -11.0531883               1
      130034      140024   51.6937866      -11.0143957               1
      130034      140025   52.1716652      -11.0253115               1
      130034      140026   52.7440872      -11.0362806               1
      130034      140027   53.1720657      -11.0140495               1
      130034      140028   53.8931999      -10.9593515               1
      130034      140029   54.6483421      -10.7877760               1
      130034      140030   57.7296638      -10.9249172               1
      130034      140031   60.5653114      -10.4819727               1
      130034      140032   67.1276703      -10.3151035               1
      130034      150024   16.6227856      -10.4119186               1
      130034      150032   32.0567017      -9.23764706               1
      130034      150033   61.2074280      -7.46162558               1
      130034      160033   55.3376999      -7.48691988               1
      130034      170033   50.1902351      -6.78196907               1
      130034      180033   48.4603004      -6.73963594               1
      130034      190033   47.4285049      -6.71790648               1
      130034      200033   46.5014114      -6.52340317               1
      130034      210033   46.0678978      -6.53125143               1
      130034      220033   45.6804924      -6.48780680               1
      130034      230033   44.9943733      -6.35979509               1
      130034      240033   44.5847435      -6.36165237               1
      110032      140033   49.7181129      -9.95496082               1
      130032      140033   90.3771591      -10.3945923               1
      130034      140033   96.2782669      -8.85979939               1
      140033      150024   35.4270096      -7.78217506               1
      140033      150025   36.0178566      -7.84641075               1
      140033      150026   36.7495842      -7.91975403               1
      140033      150027   37.3309517      -7.91914511               1
      140033      150028   38.3914604      -7.88702774               1
      140033      150029   39.6377716      -7.60442972               1
      140033      150030   45.4702377      -8.47095776               1
      140033      150031   52.0417519      -7.85620785               1
      140033      150032   74.0081177      -8.71766853               1
      140033      160030   28.2885666      -10.5094633               1
      140033      160031   34.8600197      -9.20743752               1
      140033      160032   56.8264389      -9.80704403               1
      140033      170031   24.6677704      -8.12206459               1
      140033      170032   46.6341629      -9.36396980               1
      140033      180031   21.7757435      -8.43775463               1
      140033      180032   43.7421455      -9.60323524               1
      140033      190031   20.2343025      -8.61344910               1
      140033      190032   42.2007141      -9.73004818               1
      140033      200031   18.9827309      -8.18778038               1
      140033      200032   40.9491310      -9.56684971               1
      140033      210031   18.4260750      -8.30255032               1
      140033      210032   40.3924789      -9.63820934               1
      140033      220031   17.9456577      -8.23670483               1
      140033      220032   39.9120598      -9.62468147               1
      140033      230032   39.0795021      -9.52642059               1
      130032      140035   60.9337807      -10.7895527               1
      130034      140035   91.1107101      -9.08333015               1
      140035      150024   35.0923538      -7.80062771               1
      140035      150025   35.5517502      -7.86571836               1
      140035      150026   36.0756836      -7.94063854               1
      140035      150027   36.4437561      -7.95681906               1
      140035      150028   37.0237961      -7.96347523               1
      140035      150029   37.5825081      -7.84577990               1
      140035      150030   39.6588058      -8.20841885               1
      140035      150031   41.3534851      -7.97689295               1
      140035      150032   44.5753288      -8.14706039               1
      140035      150033   54.4432411      -7.82142115               1
      140035      160034   57.5763779      -7.73696852               1
      140035      170034   47.4025116      -6.85682821               1
      140035      180034   44.5235596      -6.92780113               1
      140035      190034   42.9980316      -6.95376062               1
      140035      200034   41.7778702      -6.71363258               1
      140035      210034   41.2455330      -6.74209690               1
      140035      220034   40.7998505      -6.69364786               1
      140035      230034   40.0712852      -6.54398346               1
      140035      240034   39.6593895      -6.54540777               1
      140035      250034   39.1999931      -6.47166443               1
      120033      150034   54.0116882      -7.31166077               1
      140033      150034   79.9094467      -6.99285269               1
      140035      150034   74.7517242      -7.13467312               1
      150034      160025   59.9820137      -11.3290367               1
      150034      160026   60.6262817      -11.3380680               1
      150034      160027   61.0868912      -11.3164062               1
      150034      160028   61.8394928      -11.2648487               1
      150034      160029   62.6117439      -11.1090250               1
      150034      160030   65.7269669      -11.2170048               1
      150034      160031   68.5781784      -10.8118238               1
      150034      160032   75.1544418      -10.6344090               1
      150034      160033   104.319504      -9.20195007               1
      150034      170026   17.9668980      -7.97979116               1
      150034      170027   18.4275112      -7.99192524               1
      150034      170028   19.1801167      -7.95614433               1
      150034      170029   19.9523964      -7.59522486               1
      150034      170030   23.0675793      -8.37742233               1
      150034      170031   25.9188652      -7.61773634               1
      150034      170032   32.4951401      -7.85382366               1
      150034      170033   61.6604309      -6.74553871               1
      150034      180032   24.2949181      -8.52066708               1
      150034      180033   53.4601936      -6.87858534               1
      150034      190033   50.0544891      -6.91168451               1
      150034      200033   47.8695068      -6.55666256               1
      150034      210033   47.0228500      -6.61152124               1
      150034      220033   46.3793221      -6.55590010               1
      150034      230033   45.4221573      -6.39032936               1
      150034      240033   44.9043198      -6.39767313               1
      140033      150036   44.7043076      -7.52605629               1
      140035      150036   68.5544434      -4.79979086               1
      150036      160025   59.5907898      -11.3496332               1
      150036      160026   60.0821724      -11.3647003               1
      150036      160027   60.3986588      -11.3560438               1
      150036      160028   60.8557358      -11.3338852               1
      150036      160029   61.2553291      -11.2581615               1
      150036      160030   62.6007996      -11.3158970               1
      150036      160031   63.5893021      -11.1568365               1
      150036      160032   65.2076569      -11.0970469               1
      150036      160033   69.1300659      -10.6709089               1
      150036      160034   74.7213745      -9.92859745               1
      150036      170026   17.4413624      -7.97166348               1
      150036      170027   17.7578487      -8.00269318               1
      150036      170028   18.2149296      -8.01280785               1
      150036      170029   18.6145344      -7.83491659               1
      150036      170031   20.9485149      -7.90874529               1
      150036      170032   22.5668774      -7.96891451               1
      150036      170035   50.3445587      -3.70726633               1
      150036      180035   42.1573715      -3.28545499               1
      150036      190035   38.7671700      -3.01220036               1
      150036      200035   36.6118813      -2.32353163               1
      150036      210035   35.7875366      -2.29638934               1
      150036      220035   35.1748810      -2.14865661               1
      150036      230035   34.3059959      -1.82965887               1
      150036      240035   33.8586426      -1.77294171               1
      150036      250035   33.3947906      -1.61962903               1
      150036      260035   32.9034386      -1.44681168               1
      130034      160035   50.1701202      -7.75145197               1
      150034      160035   99.1660080      -9.42458057               1
      150036      160035   92.9845657      -7.85521507               1
      160035      170026   39.2523422      -5.79198170               1
      160035      170027   39.6603394      -5.83130789               1
      160035      170028   40.2779465      -5.87189007               1
      160035      170029   40.8566818      -5.79030180               1
      160035      170030   42.9718018      -6.23306417               1
      160035      170031   44.6841431      -6.09210253               1
      160035      170032   47.9215469      -6.37920713               1
      160035      170033   57.8055267      -6.37510920               1
      160035      170034   78.1230927      -6.09399986               1
      160035      180034   54.5267143      -6.90013885               1
      160035      190034   47.4342728      -7.17463732               1
      160035      200034   43.8253441      -6.68205786               1
      160035      210034   42.5845375      -6.82649994               1
      160035      220034   41.7354660      -6.77036715               1
      160035      230034   40.6178551      -6.57205296               1
      160035      240034   40.0596275      -6.58615685               1
      160035      250034   39.4850922      -6.50096130               1
      150034      160037   68.7916412      -10.9221306               1
      150036      160037   120.596794      -12.7101440               1
      160037      170026   38.8095016      -5.75483465               1
      160037      170027   39.1085739      -5.79237032               1
      160037      170028   39.5155182      -5.83298302               1
      160037      170029   39.8491020      -5.79585266               1
      160037      170030   40.9014397      -6.05503464               1
      160037      170031   41.6263580      -6.00599432               1
      160037      170032   42.7126198      -6.15126896               1
      160037      170033   45.0198059      -6.20610762               1
      160037      170034   47.7741241      -6.13504601               1
      160037      170035   54.1177406      -5.89355373               1
      160037      180035   30.5336418      -7.17818499               1
      160037      180036   75.9951553      -12.8271351               1
      160037      190036   68.9173431      -13.6239805               1
      160037      200036   65.3354416      -13.6498928               1
      160037      210036   64.1148148      -13.8777781               1
      160037      220036   63.2930679      -13.9329224               1
      160037      230036   62.2515717      -13.9296780               1
      160037      240036   61.7528114      -13.9959469               1
      160037      250035   15.8010111      -6.47792006               1
      160037      250036   61.2627335      -14.0049925               1
      160037      260036   60.7699471      -14.0074148               1
      160037      270036   60.4708748      -14.0239544               1
      140035      170036   41.2054062      -2.93043184               1
      160035      170036   71.9420547      -3.77973819               1
      160037      170036   99.5786438      -10.7911081               1
      170036      180027   60.4468498      -10.5201931               1
      170036      180028   60.9745522      -10.5075979               1
      170036      180029   61.4104156      -10.4343624               1
      170036      180030   62.8237915      -10.5184517               1
      170036      180031   63.8424873      -10.3698950               1
      170036      180032   65.4869614      -10.3319378               1
      170036      180033   69.4357376      -9.95172024               1
      170036      180034   75.0417023      -9.26613331               1
      170036      180035   93.3150253      -7.32929039               1
      170036      190035   54.6796684      -6.00896263               1
      170036      200035   42.4913902      -3.17575359               1
      170036      210035   39.1720695      -3.19337654               1
      170036      220035   37.3312569      -2.80443382               1
      170036      240035   34.6575813      -2.05181885               1
      170036      250035   33.9420395      -1.81545901               1
      170036      260035   33.2639656      -1.56841373               1
      160035      170038   47.2992821      -5.97181988               1
      160037      170038   85.5250473      -8.71453953               1
      170038      180027   60.1012650      -10.5444145               1
      170038      180028   60.5089188      -10.5456171               1
      170038      180029   60.8133926      -10.5039434               1
      170038      180030   61.6944695      -10.5879917               1
      170038      180031   62.2591934      -10.5241499               1
      170038      180032   63.0325699      -10.5459757               1
      170038      180033   64.4834442      -10.4838858               1
      170038      180034   65.9831696      -10.3669930               1
      170038      180035   68.6941681      -10.1115437               1
      170038      180036   82.4581757      -11.2384367               1
      170038      190037   68.2927399      -11.7448692               1
      170038      200037   56.1227837      -10.8454542               1
      170038      220037   50.9951706      -11.3455534               1
      170038      240037   48.4107742      -11.2690258               1
      170038      250037   47.7491646      -11.2350130               1
      170038      260037   47.1465759      -11.1902485               1
      170038      270037   46.8166275      -11.1864700               1
      170038      280037   46.4089775      -11.1905432               1
      150036      180037   69.7688446      -13.4858122               1
      160035      180037   30.5015469      -7.17561865               1
      170036      180037   120.951103      -12.2908049               1
      170038      180037   106.917892      -10.8255548               1
      180037      190028   45.7723427      -9.85087585               1
      180037      190029   46.1548233      -9.78333569               1
      180037      190030   47.2970276      -9.93287373               1
      180037      190031   48.0614128      -9.82693386               1
      180037      190032   49.1814995      -9.87184525               1
      180037      190035   60.6515121      -8.94142914               1
      180037      190036   106.132004      -12.2317896               1
      180037      200036   76.4242783      -12.2923317               1
      180037      210036   69.8354721      -13.5324545               1
      180037      220036   66.6967926      -13.7844772               1
      180037      230036   63.9455605      -13.8080091               1
      180037      240036   62.9059944      -13.9594221               1
      180037      250035   16.5569534      -6.73488903               1
      180037      250036   62.0376205      -13.9815912               1
      180037      260036   61.2737083      -13.9845028               1
      180037      270036   60.8639908      -14.0047455               1
      170036      180039   69.5768356      -10.3338156               1
      170038      180039   90.9126129      -8.96889114               1
      180039      190028   45.3481255      -9.83768749               1
      180039      190029   45.6228523      -9.78962326               1
      180039      190030   46.3523407      -9.88340950               1
      180039      190031   46.7872581      -9.81589699               1
      180039      190032   47.3311462      -9.83476639               1
      180039      190033   48.2322769      -9.77456951               1
      180039      190036   54.7808342      -9.68952560               1
      180039      190037   60.2935104      -9.12478161               1
      180039      200038   46.4306984      -5.79025936               1
      180039      210038   39.8556862      -6.88876820               1
      180039      220038   36.7357368      -6.78091192               1
      180039      230038   34.0346527      -6.27095938               1
      180039      250037   16.3908958      -7.42424345               1
      180039      250038   32.2158241      -6.17063618               1
      180039      260037   15.6972589      -7.14180231               1
      180039      260038   31.5221939      -6.00240278               1
      180039      270037   15.3458977      -7.04993057               1
      180039      270038   31.1708336      -5.94432926               1
      180039      280037   14.9454308      -6.96164656               1
      180039      280038   30.7703686      -5.88706017               1
      180039      290038   30.4956341      -5.92337561               1
      180037      190038   92.0997391      -10.5222406               1
      180039      190038   76.1183472      -8.24067402               1
      190038      200036   63.1350021      -3.57911706               1
      190038      200037   87.6043320      -5.21321821               1
      190038      210037   63.7275352      -9.75481319               1
      190038      220037   56.2747993      -10.6647644               1
      190038      250037   48.6253281      -11.1392136               1
      190038      260037   47.6855125      -11.1213360               1
      190038      270037   47.2266808      -11.1324062               1
      190038      280037   46.7119179      -11.1488142               1
      180039      190040   91.4863205      -10.8590107               1
      190040      200038   57.1481895      -1.22708344               1
      190040      210039   63.1467743      -10.2349977               1
      190040      220039   55.7084236      -11.2184963               1
      190040      230039   50.8377724      -11.4168034               1
      190040      240039   49.2965469      -11.7389584               1
      190040      250039   48.1623077      -11.7858572               1
      190040      260039   47.2729988      -11.7814417               1
      190040      270039   46.8550301      -11.7969856               1
      190040      280039   46.4107552      -11.8162260               1
      190040      290039   46.1251907      -11.8785372               1
      190040      300039   45.4121437      -11.8156404               1
      170038      200039   40.1177025      -6.64591122               1
      190038      200039   71.6210403      -1.60286403               1
      190040      200039   87.0124130      -5.53124142               1
      200039      210030   63.5042343      -12.4656420               1
      200039      210031   64.0087509      -12.3896008               1
      200039      210032   64.6092529      -12.3837166               1
      200039      210033   65.5640488      -12.3037891               1
      200039      210034   66.4054871      -12.1944628               1
      200039      210035   67.6041489      -11.9882307               1
      200039      210036   72.1861877      -12.0067139               1
      200039      210037   77.7138824      -11.4027481               1
      200039      210038   93.5526581      -10.2980108               1
      200039      220032   26.4120159      -12.9154215               1
      200039      220038   55.3555031      -9.11249542               1
      200039      230038   39.9866562      -6.72559261               1
      200039      250037   18.2730103      -8.00726128               1
      200039      250038   34.1120224      -6.55409479               1
      200039      260038   32.5862465      -6.19049835               1
      200039      270038   31.9448910      -6.07642794               1
      200039      280038   31.3217449      -5.97641325               1
      200039      290038   30.9460697      -6.01766300               1
      180039      210040   55.2236214      -11.6026583               1
      200039      210040   108.944969      -12.2068977               1
      210040      220031   56.5877533      -11.0849943               1
      210040      220032   57.1411438      -11.0982828               1
      210040      220033   57.9588661      -11.0551338               1
      210040      220034   58.6314316      -10.9861727               1
      210040      220035   59.4958992      -10.8551826               1
      210040      220036   62.4189224      -10.9974937               1
      210040      220037   65.4799042      -10.7349997               1
      210040      220038   71.9804382      -10.4778032               1
      210040      220039   101.864410      -11.4429417               1
      210040      230039   61.7081375      -10.6070499               1
      210040      240039   54.6271362      -11.6957808               1
      210040      250038   21.0893440      -9.00543976               1
      210040      250039   50.9732895      -11.7973585               1
      210040      260038   18.8526649      -8.56899643               1
      210040      260039   48.7365952      -11.7566614               1
      210040      270038   17.9982452      -8.46441078               1
      210040      270039   47.8821716      -11.7742300               1
      210040      280038   17.2386932      -8.37576962               1
      210040      280039   47.1226196      -11.7951527               1
      210040      290038   16.8167267      -8.52576733               1
      210040      290039   46.7006645      -11.8800621               1
      210040      300039   45.7709465      -11.7944231               1
