         792
       10020       20011   45.7783813      -10.6943693               1
       10020       20012   47.0837364      -10.6943693               1
       10020       20013   48.5276413      -10.6943693               1
       10020       20014   50.2398186      -10.6943693               1
       10020       20015   52.4320221      -10.6943693               1
       10020       20016   55.5015259      -10.6943693               1
       10020       20017   60.3322487      -10.6943693               1
       10020       20018   69.3820267      -10.6943693               1
       10020       20019   103.060509      -10.6943693               1
       10020       30012   25.5034523      -10.6943693               1
       10020       30013   26.9473553      -10.6943693               1
       10020       30014   28.6595325      -10.6943693               1
       10020       30015   30.8517361      -10.6943693               1
       10020       30016   33.9212418      -10.6943693               1
       10020       30017   38.7519608      -10.6943693               1
       10020       30018   47.8017387      -10.6943693               1
       10020       30019   81.4802246      -10.6943693               1
       10022       20011   44.9448776      -10.6943693               1
       10022       20012   45.9790230      -10.6943693               1
       10022       20013   47.0424957      -10.6943693               1
       10022       20014   48.1971512      -10.6943693               1
       10022       20015   49.5237160      -10.6943693               1
       10022       20016   51.1427994      -10.6943693               1
       10022       20017   53.2599030      -10.6943693               1
       10022       20018   56.2681046      -10.6943693               1
       10022       20019   62.3785934      -10.6943693               1
       10022       20020   70.0613098      -10.6943693               1
       10022       30012   24.4352131      -10.6943693               1
       10022       30013   25.4986858      -10.6943693               1
       10022       30014   26.6533413      -10.6943693               1
       10022       30015   27.9799042      -10.6943693               1
       10022       30016   29.5989914      -10.6943693               1
       10022       30017   31.7160912      -10.6943693               1
       10022       30018   34.7242928      -10.6943693               1
       10022       30019   40.8347855      -10.6943693               1
       10022       30020   48.5174980      -10.6943693               1
       10022       30021   72.0754242      -10.6943693               1
       10022       40021   63.4774628      -10.6943693               1
       10022       50021   58.8388824      -10.6943693               1
       10022       60021   55.8917046      -10.6943693               1
       10022       70021   53.8049355      -10.6943693               1
       10022       80021   52.2023201      -10.6943693               1
       10022       90021   50.8852119      -10.6943693               1
       10022      100021   49.7355728      -10.6943693               1
       10022      110021   48.6743584      -10.6943693               1
       10022      120021   47.6402130      -10.6943693               1
       10020       20021   93.2577209      -10.6943693               1
       10022       20021   93.6192322      -10.6943693               1
       20021       30012   48.1421814      -10.6943693               1
       20021       30013   49.4495316      -10.6943693               1
       20021       30014   50.8946915      -10.6943693               1
       20021       30015   52.6081390      -10.6943693               1
       20021       30016   54.8009453      -10.6943693               1
       20021       30017   57.8720055      -10.6943693               1
       20021       30018   62.7029152      -10.6943693               1
       20021       30019   74.6404877      -10.6943693               1
       20021       30020   95.3100739      -10.6943693               1
       20021       40020   71.9291229      -10.6943693               1
       20021       50020   62.9341965      -10.6943693               1
       20021       60020   58.1310196      -10.6943693               1
       20021       70020   55.0742149      -10.6943693               1
       20021       80020   52.8894958      -10.6943693               1
       20021       90020   51.1810150      -10.6943693               1
       20021      100020   49.7383842      -10.6943693               1
       20021      110020   48.4322166      -10.6943693               1
       10020       20023   61.3075943      -10.6943693               1
       10022       20023   93.8459015      -10.6943693               1
       20023       30012   47.3087234      -10.6943693               1
       20023       30013   48.3447495      -10.6943693               1
       20023       30014   49.4095039      -10.6943693               1
       20023       30015   50.5651741      -10.6943693               1
       20023       30016   51.8923035      -10.6943693               1
       20023       30017   53.5120277      -10.6943693               1
       20023       30018   55.6291199      -10.6943693               1
       20023       30019   59.4095268      -10.6943693               1
       20023       30020   63.4180069      -10.6943693               1
       20023       30021   72.4379959      -10.6943693               1
       10020       30022   48.4497299      -10.6943693               1
       20021       30022   95.6716080      -10.6943693               1
       20023       30022   95.9563217      -10.6943693               1
       30022       40020   72.0046158      -10.6943693               1
       30022       40021   95.5991135      -10.6943693               1
       30022       50014   26.1574364      -10.6943693               1
       30022       50015   27.6031017      -10.6943693               1
       30022       50016   29.3166370      -10.6943693               1
       30022       50020   48.4684219      -10.6943693               1
       30022       50021   72.0629120      -10.6943693               1
       30022       60021   63.0220528      -10.6943693               1
       30022       70021   58.1972160      -10.6943693               1
       30022       80021   55.1315613      -10.6943693               1
       30022       90020   29.3473873      -10.6943693               1
       30022       90021   52.9418793      -10.6943693               1
       30022      100020   27.6357155      -10.6943693               1
       30022      100021   51.2302055      -10.6943693               1
       30022      110020   26.1912708      -10.6943693               1
       30022      110021   49.7857628      -10.6943693               1
       30022      120021   48.4784431      -10.6943693               1
       10022       30024   49.0443077      -10.6943693               1
       20021       30024   63.6803093      -10.6943693               1
       20023       30024   96.2326050      -10.6943693               1
       30024       50023   72.7181931      -10.6943693               1
       30024       60023   63.7203636      -10.6943693               1
       30024       70023   58.9468765      -10.6943693               1
       30024       80023   55.9431953      -10.6943693               1
       30024       90023   53.8292618      -10.6943693               1
       30024      100023   52.2114983      -10.6943693               1
       30024      110023   50.8854523      -10.6943693               1
       30024      120023   49.7303505      -10.6943693               1
       30024      130023   48.6656189      -10.6943693               1
       30024      140023   47.6290169      -10.6943693               1
       30024       40023   96.2179871      -10.6943693               1
       40023       50014   48.4146233      -10.6943693               1
       40023       50015   49.7227516      -10.6943693               1
       40023       50016   51.1684608      -10.6943693               1
       40023       50017   52.8822327      -10.6943693               1
       40023       50018   55.0751724      -10.6943693               1
       40023       50019   58.9286766      -10.6943693               1
       40023       50020   62.9775238      -10.6943693               1
       40023       50021   72.0405807      -10.6943693               1
       40023       50022   95.5953598      -10.6943693               1
       40023       60015   26.1814747      -10.6943693               1
       40023       60016   27.6271858      -10.6943693               1
       40023       60020   39.4362488      -10.6943693               1
       20023       40025   49.6110229      -10.6943693               1
       30024       40025   96.4535065      -10.6943693               1
       40025       50014   47.5812607      -10.6943693               1
       40025       50015   48.6180916      -10.6943693               1
       40025       50016   49.6834106      -10.6943693               1
       40025       50017   50.8394775      -10.6943693               1
       40025       50018   52.1668625      -10.6943693               1
       40025       50019   54.1616631      -10.6943693               1
       40025       50020   55.9038925      -10.6943693               1
       40025       50021   58.9133453      -10.6943693               1
       40025       50022   63.6934700      -10.6943693               1
       40025       50023   72.7067337      -10.6943693               1
       40025       60015   25.1132202      -10.6943693               1
       40025       60016   26.1785412      -10.6943693               1
       40025       60017   27.3346062      -10.6943693               1
       40025       60018   28.6619911      -10.6943693               1
       40025       60019   30.6567917      -10.6943693               1
       40025       60020   32.3990211      -10.6943693               1
       40025       60021   35.4084740      -10.6943693               1
       40025       60022   40.1885986      -10.6943693               1
       40025       60023   49.2018623      -10.6943693               1
       40025       60024   72.7179794      -10.6943693               1
       40025       70024   63.7056732      -10.6943693               1
       40025       80024   58.9294777      -10.6943693               1
       40025       90024   55.9234352      -10.6943693               1
       40025      100023   30.2914047      -10.6943693               1
       40025      100024   53.8075256      -10.6943693               1
       40025      110024   52.1888008      -10.6943693               1
       40025      120024   50.8621292      -10.6943693               1
       40025      130024   49.7066917      -10.6943693               1
       40025      140024   48.6415901      -10.6943693               1
       40025      150024   47.6047630      -10.6943693               1
       20023       50024   63.9361763      -10.6943693               1
       40023       50024   95.9295120      -10.6943693               1
       40025       50024   96.2228546      -10.6943693               1
       30024       50026   49.7071152      -10.6943693               1
       40023       50026   63.9552612      -10.6943693               1
       40025       50026   96.4922409      -10.6943693               1
       50026       60015   47.6090202      -10.6943693               1
       50026       60016   48.6459808      -10.6943693               1
       50026       60017   49.7114410      -10.6943693               1
       50026       60018   50.8675308      -10.6943693               1
       50026       60019   52.4908142      -10.6943693               1
       50026       60020   53.8148918      -10.6943693               1
       50026       60021   55.9327621      -10.6943693               1
       50026       60022   58.9418716      -10.6943693               1
       50026       60023   63.7230339      -10.6943693               1
       50026       60024   72.7404633      -10.6943693               1
       50026       70024   49.2081757      -10.6943693               1
       50026      120024   28.6792984      -10.6943693               1
       50026      150024   25.1314449      -10.6943693               1
       30024       60025   63.9558868      -10.6943693               1
       40023       60025   49.1343803      -10.6943693               1
       50026       60025   96.2600174      -10.6943693               1
       60025       70016   48.4380913      -10.6943693               1
       60025       70017   49.7464294      -10.6943693               1
       60025       70018   51.1922569      -10.6943693               1
       60025       70019   53.2974243      -10.6943693               1
       60025       70020   55.0989799      -10.6943693               1
       60025       70021   58.1704102      -10.6943693               1
       60025       70022   63.0018959      -10.6943693               1
       60025       70023   72.0581894      -10.6943693               1
       60025       70024   95.6107178      -10.6943693               1
       60025       80017   26.1936169      -10.6943693               1
       60025       80018   27.6394424      -10.6943693               1
       60025       80019   29.7446098      -10.6943693               1
       60025       80020   31.5461655      -10.6943693               1
       60025       80021   34.6175995      -10.6943693               1
       60025       80022   39.4490814      -10.6943693               1
       60025       80023   48.5053749      -10.6943693               1
       60025       80024   72.0578995      -10.6943693               1
       60025       90018   18.5831680      -10.6943693               1
       60025       90019   20.6883354      -10.6943693               1
       60025       90020   22.4898891      -10.6943693               1
       60025       90021   25.5613232      -10.6943693               1
       60025       90022   30.3928070      -10.6943693               1
       60025       90023   39.4491005      -10.6943693               1
       60025       90024   63.0016251      -10.6943693               1
       60025      100023   34.6163292      -10.6943693               1
       60025      100024   58.1688576      -10.6943693               1
       60025      110023   31.5455971      -10.6943693               1
       60025      110024   55.0981255      -10.6943693               1
       60025      120023   29.3527946      -10.6943693               1
       60025      120024   52.9053230      -10.6943693               1
       60025      130023   27.6396542      -10.6943693               1
       60025      130024   51.1921806      -10.6943693               1
       60025      140023   26.1939926      -10.6943693               1
       60025      140024   49.7465210      -10.6943693               1
       60025      150024   48.4383659      -10.6943693               1
       50026       60027   96.5529861      -10.6943693               1
       60027       70016   47.6047630      -10.6943693               1
       60027       70017   48.6418304      -10.6943693               1
       60027       70018   49.7073135      -10.6943693               1
       60027       70019   51.1122093      -10.6943693               1
       60027       70020   52.1909294      -10.6943693               1
       60027       70021   53.8109932      -10.6943693               1
       60027       70022   55.9284210      -10.6943693               1
       60027       70023   58.9373436      -10.6943693               1
       60027       70024   63.7184792      -10.6943693               1
       60027       70025   72.7315826      -10.6943693               1
       60027       80024   40.2020645      -10.6943693               1
       60027       80026   72.7722855      -10.6943693               1
       60027       90026   63.7590294      -10.6943693               1
       60027      100026   58.9776039      -10.6943693               1
       60027      110026   55.9688339      -10.6943693               1
       60027      120026   53.8517570      -10.6943693               1
       60027      130026   52.2325287      -10.6943693               1
       60027      140026   50.9052544      -10.6943693               1
       60027      150026   49.7493401      -10.6943693               1
       60027      160026   48.6839371      -10.6943693               1
       60027      170026   47.6468658      -10.6943693               1
       60025       70026   95.9379196      -10.6943693               1
       60027       70026   96.2886963      -10.6943693               1
       70026       80017   48.4671326      -10.6943693               1
       70026       80018   49.7754898      -10.6943693               1
       70026       80019   51.5376892      -10.6943693               1
       70026       80020   52.9351959      -10.6943693               1
       70026       80021   55.1288109      -10.6943693               1
       70026       80022   58.1999054      -10.6943693               1
       70026       80023   63.0324211      -10.6943693               1
       70026       80024   72.0928802      -10.6943693               1
       70026       80025   95.6488342      -10.6943693               1
       70026       90018   26.2011909      -10.6943693               1
       70026       90019   27.9633923      -10.6943693               1
       70026       90020   29.3609009      -10.6943693               1
       70026       90021   31.5545158      -10.6943693               1
       70026       90022   34.6256065      -10.6943693               1
       70026       90023   39.4581261      -10.6943693               1
       70026       90024   48.5185814      -10.6943693               1
       70026       90025   72.0745392      -10.6943693               1
       70026      100024   39.4552879      -10.6943693               1
       70026      110024   34.6225510      -10.6943693               1
       70026      120024   31.5516968      -10.6943693               1
       70026      130024   29.3592205      -10.6943693               1
       70026      140024   27.6456013      -10.6943693               1
       70026      150024   26.1998959      -10.6943693               1
       60025       70028   63.9774551      -10.6943693               1
       60027       70028   96.5106125      -10.6943693               1
       70028       80017   47.6337471      -10.6943693               1
       70028       80018   48.6708488      -10.6943693               1
       70028       80019   49.9581757      -10.6943693               1
       70028       80020   50.8925056      -10.6943693               1
       70028       80021   52.2201462      -10.6943693               1
       70028       80022   53.8400116      -10.6943693               1
       70028       80023   55.9574013      -10.6943693               1
       70028       80024   58.9664268      -10.6943693               1
       70028       80025   63.7461777      -10.6943693               1
       70028       80026   72.7645340      -10.6943693               1
       70028       90018   25.1329536      -10.6943693               1
       70028       90020   27.3546124      -10.6943693               1
       70028       90021   28.6822529      -10.6943693               1
       70028       90023   32.4195061      -10.6943693               1
       70028       90024   35.4285316      -10.6943693               1
       70028       90027   72.7414474      -10.6943693               1
       70028      100027   63.7211723      -10.6943693               1
       70028      110027   58.9397774      -10.6943693               1
       70028      120027   55.9308853      -10.6943693               1
       70028      130027   53.8141518      -10.6943693               1
       70028      140027   52.1944351      -10.6943693               1
       70028      150027   50.8671417      -10.6943693               1
       70028      160027   49.7110786      -10.6943693               1
       70028      170027   48.6455956      -10.6943693               1
       70028      180027   47.6084938      -10.6943693               1
       50026       80027   64.0129318      -10.6943693               1
       70026       80027   95.9996185      -10.6943693               1
       70028       80027   96.2793427      -10.6943693               1
       80027       90018   48.4850502      -10.6943693               1
       80027       90019   50.0682068      -10.6943693               1
       80027       90020   51.2393188      -10.6943693               1
       80027       90021   52.9532890      -10.6943693               1
       80027       90022   55.1464691      -10.6943693               1
       80027       90023   58.2173653      -10.6943693               1
       80027       90024   63.0498466      -10.6943693               1
       80027       90025   72.1059723      -10.6943693               1
       80027       90026   95.6994858      -10.6943693               1
       80027      100026   72.1031189      -10.6943693               1
       80027      110026   63.0434189      -10.6943693               1
       80027      120026   58.2111816      -10.6943693               1
       80027      130026   55.1412354      -10.6943693               1
       80027      140026   52.9480896      -10.6943693               1
       80027      150026   51.2345276      -10.6943693               1
       80027      160026   49.7886620      -10.6943693               1
       80027      170026   48.4802971      -10.6943693               1
       70026       80029   64.0096664      -10.6943693               1
       70028       80029   96.5331268      -10.6943693               1
       80029       90018   47.6518135      -10.6943693               1
       80029       90019   48.8979759      -10.6943693               1
       80029       90020   49.7545395      -10.6943693               1
       80029       90021   50.9108353      -10.6943693               1
       80029       90022   52.2384682      -10.6943693               1
       80029       90023   53.8584595      -10.6943693               1
       80029       90024   55.9761620      -10.6943693               1
       80029       90025   58.9850464      -10.6943693               1
       80029       90026   63.7673416      -10.6943693               1
       80029       90027   72.7799530      -10.6943693               1
       80029      100028   72.7308273      -10.6943693               1
       80029      110028   63.7141380      -10.6943693               1
       80029      120028   58.9332352      -10.6943693               1
       80029      130028   55.9252510      -10.6943693               1
       80029      140028   53.8078270      -10.6943693               1
       80029      150028   52.1881714      -10.6943693               1
       80029      160028   50.8606834      -10.6943693               1
       80029      170028   49.7045403      -10.6943693               1
       80029      180028   48.6389885      -10.6943693               1
       80029      190028   47.3928223      -10.6943693               1
       60027       90028   63.9809494      -10.6943693               1
       80027       90028   95.9792099      -10.6943693               1
       80029       90028   96.2908020      -10.6943693               1
       90028      100020   49.7876587      -10.6943693               1
       90028      100027   95.6553192      -10.6943693               1
       90028      110027   72.0665894      -10.6943693               1
       90028      120027   63.0056305      -10.6943693               1
       90028      130027   58.1746902      -10.6943693               1
       90028      140027   55.1033020      -10.6943693               1
       90028      150027   52.9102173      -10.6943693               1
       90028      160027   51.1963463      -10.6943693               1
       90028      170027   49.7503700      -10.6943693               1
       90028      180027   48.4419441      -10.6943693               1
       80027       90030   64.0268555      -10.6943693               1
       80029       90030   96.5939255      -10.6943693               1
       70028      100029   63.9749565      -10.6943693               1
       90028      100029   95.9669037      -10.6943693               1
      100029      110020   48.4605141      -10.6943693               1
      100029      110021   49.7690430      -10.6943693               1
      100029      110022   51.2150917      -10.6943693               1
      100029      110023   52.9290047      -10.6943693               1
      100029      110024   55.1224480      -10.6943693               1
      100029      110026   63.0269394      -10.6943693               1
      100029      110027   72.0825806      -10.6943693               1
      100029      110028   95.6298218      -10.6943693               1
      100029      120028   72.0554581      -10.6943693               1
      100029      130028   63.0009193      -10.6943693               1
      100029      140028   58.1678200      -10.6943693               1
      100029      150028   55.0970345      -10.6943693               1
      100029      160028   52.9036140      -10.6943693               1
      100029      170028   51.1897163      -10.6943693               1
      100029      180028   49.7436829      -10.6943693               1
      100029      190028   48.1814117      -10.6943693               1
       90030      100031   96.5582428      -10.6943693               1
      100031      110020   47.6272736      -10.6943693               1
      100031      110021   48.6645279      -10.6943693               1
      100031      110022   49.7302208      -10.6943693               1
      100031      110023   50.8865471      -10.6943693               1
      100031      110024   52.2142830      -10.6943693               1
      100031      110025   53.8342514      -10.6943693               1
      100031      110026   55.9521484      -10.6943693               1
      100031      110027   58.9605827      -10.6943693               1
      100031      110028   63.7398033      -10.6943693               1
      100031      110029   72.7564926      -10.6943693               1
      100031      120021   25.1265602      -10.6943693               1
      100031      120024   28.6763153      -10.6943693               1
      100031      120030   72.7409897      -10.6943693               1
      100031      130030   63.7294617      -10.6943693               1
      100031      140030   58.9477005      -10.6943693               1
      100031      150030   55.9388771      -10.6943693               1
      100031      160030   53.8211861      -10.6943693               1
      100031      170030   52.2011871      -10.6943693               1
      100031      180030   50.8735352      -10.6943693               1
      100031      190030   49.4991379      -10.6943693               1
      100031      200030   48.6516800      -10.6943693               1
      100031      210030   47.6144257      -10.6943693               1
      100029      110030   95.9907455      -10.6943693               1
      100031      110030   96.2789536      -10.6943693               1
      110030      120021   48.4045944      -10.6943693               1
      110030      120022   49.7131538      -10.6943693               1
      110030      120023   51.1592636      -10.6943693               1
      110030      120024   52.8733253      -10.6943693               1
      110030      120025   55.0666466      -10.6943693               1
      110030      120026   58.1385155      -10.6943693               1
      110030      120027   62.9699364      -10.6943693               1
      110030      120028   72.0252304      -10.6943693               1
      110030      120029   95.6164169      -10.6943693               1
      110030      130029   72.0995560      -10.6943693               1
      110030      140029   63.0416489      -10.6943693               1
      100029      110032   64.0012360      -10.6943693               1
      100031      110032   96.4939117      -10.6943693               1
      110032      120021   47.5712547      -10.6943693               1
      110032      120022   48.6085510      -10.6943693               1
      110032      120023   49.6742592      -10.6943693               1
      110032      120024   50.8306160      -10.6943693               1
      110032      120025   52.1582642      -10.6943693               1
      110032      120026   53.7784538      -10.6943693               1
      110032      120027   55.8956566      -10.6943693               1
      110032      120028   58.9039497      -10.6943693               1
      110032      120029   63.6847076      -10.6943693               1
      110032      120030   72.6959763      -10.6943693               1
      110032      130031   72.6969223      -10.6943693               1
       90030      120031   63.9879494      -10.6943693               1
      110030      120031   95.9046249      -10.6943693               1
      110032      120031   96.1773834      -10.6943693               1
      120031      130022   48.4241676      -10.6943693               1
      120031      130023   49.7327194      -10.6943693               1
      120031      130024   51.1788445      -10.6943693               1
      120031      130025   52.8927193      -10.6943693               1
      120031      130026   55.0863342      -10.6943693               1
      120031      130027   58.1567345      -10.6943693               1
      120031      130028   62.9872932      -10.6943693               1
      120031      130029   72.0469894      -10.6943693               1
      120031      130030   95.6058426      -10.6943693               1
      120031      140023   26.1897526      -10.6943693               1
      120031      140024   27.6358776      -10.6943693               1
      120031      140030   72.0628815      -10.6943693               1
      120031      150030   63.0115662      -10.6943693               1
      120031      160030   58.1799545      -10.6943693               1
      120031      170030   55.1091270      -10.6943693               1
      120031      180030   52.9158745      -10.6943693               1
      120031      190030   50.8965912      -10.6943693               1
      120031      200030   49.7561684      -10.6943693               1
      120031      210030   48.4477234      -10.6943693               1
      110030      120033   63.9440079      -10.6943693               1
      110032      120033   96.4534378      -10.6943693               1
      120033      130022   47.5908394      -10.6943693               1
      120033      130023   48.6281357      -10.6943693               1
      120033      130024   49.6938438      -10.6943693               1
      120033      130025   50.8501358      -10.6943693               1
      120033      130026   52.1779060      -10.6943693               1
      120033      130027   53.7976875      -10.6943693               1
      120033      130028   55.9148445      -10.6943693               1
      120033      130029   58.9238358      -10.6943693               1
      120033      130030   63.7030258      -10.6943693               1
      120033      130031   72.7084961      -10.6943693               1
      120033      140031   49.2019196      -10.6943693               1
      120033      140032   72.7058868      -10.6943693               1
      120033      150032   63.6975937      -10.6943693               1
      120033      160032   58.9173241      -10.6943693               1
      120033      170031   32.4044952      -10.6943693               1
      120033      170032   55.9084625      -10.6943693               1
      120033      180032   53.7909393      -10.6943693               1
      120033      190032   51.8870430      -10.6943693               1
      120033      200032   50.8435249      -10.6943693               1
      120033      210032   49.6873207      -10.6943693               1
      120033      220031   25.1176510      -10.6943693               1
      120033      220032   48.6216202      -10.6943693               1
      120033      230032   47.5843239      -10.6943693               1
      120031      130032   95.8786087      -10.6943693               1
      120033      130032   96.2124634      -10.6943693               1
      130032      140023   48.4565659      -10.6943693               1
      130032      140024   49.7651482      -10.6943693               1
      130032      140025   51.2112007      -10.6943693               1
      130032      140026   52.9252892      -10.6943693               1
      130032      140027   55.1182327      -10.6943693               1
      130032      140028   58.1884880      -10.6943693               1
      130032      140029   63.0205841      -10.6943693               1
      130032      140030   72.0748596      -10.6943693               1
      130032      140031   95.5926666      -10.6943693               1
      130032      150031   72.0286255      -10.6943693               1
      120031      130034   63.9586945      -10.6943693               1
      120033      130034   96.4186020      -10.6943693               1
      130034      140023   47.6231728      -10.6943693               1
      130034      140024   48.6604614      -10.6943693               1
      130034      140025   49.7261276      -10.6943693               1
      130034      140026   50.8824615      -10.6943693               1
      130034      140027   52.2099380      -10.6943693               1
      130034      140028   53.8296089      -10.6943693               1
      130034      140029   55.9469376      -10.6943693               1
      130034      140030   58.9547501      -10.6943693               1
      130034      140031   63.7305641      -10.6943693               1
      130034      140032   72.7354507      -10.6943693               1
      130034      150024   25.1328220      -10.6943693               1
      130034      150032   49.2078094      -10.6943693               1
      130034      150033   72.6628265      -10.6943693               1
      130034      160033   63.6452293      -10.6943693               1
      130034      170033   58.8637619      -10.6943693               1
      130034      180033   55.8543777      -10.6943693               1
      130034      190033   53.3816681      -10.6943693               1
      130034      200033   52.1169281      -10.6943693               1
      130034      210033   50.7893715      -10.6943693               1
      130034      220033   49.6330109      -10.6943693               1
      130034      230033   48.5672989      -10.6943693               1
      130034      240033   47.5300102      -10.6943693               1
      110032      140033   63.9580841      -10.6943693               1
      130032      140033   95.9265289      -10.6943693               1
      130034      140033   96.1904755      -10.6943693               1
      140033      150024   48.4554482      -10.6943693               1
      140033      150025   49.7639771      -10.6943693               1
      140033      150026   51.2101288      -10.6943693               1
      140033      150027   52.9238243      -10.6943693               1
      140033      150028   55.1167145      -10.6943693               1
      140033      150029   58.1876564      -10.6943693               1
      140033      150030   63.0181847      -10.6943693               1
      140033      150031   72.0666656      -10.6943693               1
      140033      150032   95.6070328      -10.6943693               1
      140033      160030   39.4513359      -10.6943693               1
      140033      160031   48.4998169      -10.6943693               1
      140033      160032   72.0401840      -10.6943693               1
      140033      170031   39.4416428      -10.6943693               1
      140033      170032   62.9820061      -10.6943693               1
      140033      180031   34.6095047      -10.6943693               1
      140033      180032   58.1498680      -10.6943693               1
      140033      190031   31.0472965      -10.6943693               1
      140033      190032   54.5876617      -10.6943693               1
      140033      200031   29.3457088      -10.6943693               1
      140033      200032   52.8860741      -10.6943693               1
      140033      210031   27.6320019      -10.6943693               1
      140033      210032   51.1723671      -10.6943693               1
      140033      220031   26.1858540      -10.6943693               1
      140033      220032   49.7262192      -10.6943693               1
      140033      230032   48.4176369      -10.6943693               1
      130032      140035   63.9932861      -10.6943693               1
      130034      140035   96.4751129      -10.6943693               1
      140035      150024   47.6220627      -10.6943693               1
      140035      150025   48.6593437      -10.6943693               1
      140035      150026   49.7250519      -10.6943693               1
      140035      150027   50.8812714      -10.6943693               1
      140035      150028   52.2087898      -10.6943693               1
      140035      150029   53.8287697      -10.6943693               1
      140035      150030   55.9458961      -10.6943693               1
      140035      150031   58.9530792      -10.6943693               1
      140035      150032   63.7315979      -10.6943693               1
      140035      150033   72.7397995      -10.6943693               1
      140035      160034   72.6829758      -10.6943693               1
      140035      170034   63.6678162      -10.6943693               1
      140035      180034   58.8870239      -10.6943693               1
      140035      190034   55.4007149      -10.6943693               1
      140035      200034   53.7609329      -10.6943693               1
      140035      210034   52.1411476      -10.6943693               1
      140035      220034   50.8134003      -10.6943693               1
      140035      230034   49.6570549      -10.6943693               1
      140035      240034   48.5913658      -10.6943693               1
      140035      250034   47.5540848      -10.6943693               1
      120033      150034   63.9037323      -10.6943693               1
      140033      150034   95.8709793      -10.6943693               1
      140035      150034   96.2134247      -10.6943693               1
      150034      160025   48.4703064      -10.6943693               1
      150034      160026   49.7788582      -10.6943693               1
      150034      160027   51.2247429      -10.6943693               1
      150034      160028   52.9383202      -10.6943693               1
      150034      160029   55.1313667      -10.6943693               1
      150034      160030   58.2011375      -10.6943693               1
      150034      160031   63.0282936      -10.6943693               1
      150034      160032   72.0761948      -10.6943693               1
      150034      160033   95.5676117      -10.6943693               1
      150034      170026   26.1976395      -10.6943693               1
      150034      170027   27.6435261      -10.6943693               1
      150034      170028   29.3571033      -10.6943693               1
      150034      170029   31.5501499      -10.6943693               1
      150034      170030   34.6199188      -10.6943693               1
      150034      170031   39.4470749      -10.6943693               1
      150034      170032   48.4949799      -10.6943693               1
      150034      170033   71.9863968      -10.6943693               1
      150034      180032   39.4359894      -10.6943693               1
      150034      180033   62.9274063      -10.6943693               1
      150034      190033   57.3814163      -10.6943693               1
      150034      200033   55.0251350      -10.6943693               1
      150034      210033   52.8321495      -10.6943693               1
      150034      220033   51.1180573      -10.6943693               1
      150034      230033   49.6718941      -10.6943693               1
      150034      240033   48.3633347      -10.6943693               1
      140033      150036   63.9901733      -10.6943693               1
      140035      150036   96.5183868      -10.6943693               1
      150036      160025   47.6369209      -10.6943693               1
      150036      160026   48.6741867      -10.6943693               1
      150036      160027   49.7397919      -10.6943693               1
      150036      160028   50.8959541      -10.6943693               1
      150036      160029   52.2235260      -10.6943693               1
      150036      160030   53.8431625      -10.6943693               1
      150036      160031   55.9594917      -10.6943693               1
      150036      160032   58.9670219      -10.6943693               1
      150036      160033   63.7446213      -10.6943693               1
      150036      160034   72.7476654      -10.6943693               1
      150036      170026   25.1293678      -10.6943693               1
      150036      170027   26.1949749      -10.6943693               1
      150036      170028   27.3511391      -10.6943693               1
      150036      170029   28.6787090      -10.6943693               1
      150036      170031   32.4146767      -10.6943693               1
      150036      170032   35.4222069      -10.6943693               1
      150036      170035   72.7280121      -10.6943693               1
      150036      180035   63.7120438      -10.6943693               1
      150036      190035   58.2288628      -10.6943693               1
      150036      200035   55.9230881      -10.6943693               1
      150036      210035   53.8058472      -10.6943693               1
      150036      220035   52.1856728      -10.6943693               1
      150036      230035   50.8579178      -10.6943693               1
      150036      240035   49.7015991      -10.6943693               1
      150036      250035   48.6359100      -10.6943693               1
      150036      260035   47.5986443      -10.6943693               1
      130034      160035   63.9298744      -10.6943693               1
      150034      160035   95.9100647      -10.6943693               1
      150036      160035   96.2728271      -10.6943693               1
      160035      170026   48.4340744      -10.6943693               1
      160035      170027   49.7425385      -10.6943693               1
      160035      170028   51.1884537      -10.6943693               1
      160035      170029   52.9023170      -10.6943693               1
      160035      170030   55.0951691      -10.6943693               1
      160035      170031   58.1643219      -10.6943693               1
      160035      170032   62.9941788      -10.6943693               1
      160035      170033   72.0453949      -10.6943693               1
      160035      170034   95.5554276      -10.6943693               1
      160035      180034   72.0040207      -10.6943693               1
      160035      190034   61.7682953      -10.6943693               1
      160035      200034   58.1196823      -10.6943693               1
      160035      210034   55.0495911      -10.6943693               1
      160035      220034   52.8560905      -10.6943693               1
      160035      230034   51.1420479      -10.6943693               1
      160035      240034   49.6959534      -10.6943693               1
      160035      250034   48.3873901      -10.6943693               1
      150034      160037   63.9988518      -10.6943693               1
      150036      160037   96.4738693      -10.6943693               1
      160037      170026   47.6004448      -10.6943693               1
      160037      170027   48.6376266      -10.6943693               1
      160037      170028   49.7031288      -10.6943693               1
      160037      170029   50.8592262      -10.6943693               1
      160037      170030   52.1864662      -10.6943693               1
      160037      170031   53.8054161      -10.6943693               1
      160037      170032   55.9215431      -10.6943693               1
      160037      170033   58.9279900      -10.6943693               1
      160037      170034   63.7020416      -10.6943693               1
      160037      170035   72.7093353      -10.6943693               1
      160037      180035   49.1943359      -10.6943693               1
      160037      180036   72.6620560      -10.6943693               1
      160037      190036   62.4789009      -10.6943693               1
      160037      200036   58.8721008      -10.6943693               1
      160037      210036   55.8639984      -10.6943693               1
      160037      220036   53.7462616      -10.6943693               1
      160037      230036   52.1261597      -10.6943693               1
      160037      240036   50.7985077      -10.6943693               1
      160037      250035   26.1744976      -10.6943693               1
      160037      250036   49.6422157      -10.6943693               1
      160037      260036   48.5766068      -10.6943693               1
      160037      270036   47.5394249      -10.6943693               1
      140035      170036   63.9727745      -10.6943693               1
      160035      170036   95.9181900      -10.6943693               1
      160037      170036   96.1770554      -10.6943693               1
      170036      180027   48.4402122      -10.6943693               1
      170036      180028   49.7486038      -10.6943693               1
      170036      180029   51.1945457      -10.6943693               1
      170036      180030   52.9080734      -10.6943693               1
      170036      180031   55.1001396      -10.6943693               1
      170036      180032   58.1696320      -10.6943693               1
      170036      180033   62.9985733      -10.6943693               1
      170036      180034   72.0446396      -10.6943693               1
      170036      180035   95.6062012      -10.6943693               1
      170036      190035   69.6526489      -10.6943693               1
      170036      200035   62.9955711      -10.6943693               1
      170036      210035   58.1655159      -10.6943693               1
      170036      220035   55.0941162      -10.6943693               1
      170036      240035   51.1865921      -10.6943693               1
      170036      250035   49.7404671      -10.6943693               1
      170036      260035   48.4319687      -10.6943693               1
      160035      170038   63.9534340      -10.6943693               1
      160037      170038   96.3849564      -10.6943693               1
      170038      180027   47.6063766      -10.6943693               1
      170038      180028   48.6433945      -10.6943693               1
      170038      180029   49.7087212      -10.6943693               1
      170038      180030   50.8644485      -10.6943693               1
      170038      180031   52.1909943      -10.6943693               1
      170038      180032   53.8093758      -10.6943693               1
      170038      180033   55.9241676      -10.6943693               1
      170038      180034   58.9274330      -10.6943693               1
      170038      180035   63.6992912      -10.6943693               1
      170038      180036   72.6859131      -10.6943693               1
      170038      190037   70.2217102      -10.6943693               1
      170038      200037   63.5996361      -10.6943693               1
      170038      220037   55.8115654      -10.6943693               1
      170038      240037   52.0737991      -10.6943693               1
      170038      250037   50.7461433      -10.6943693               1
      170038      260037   49.5899811      -10.6943693               1
      170038      270037   48.5244331      -10.6943693               1
      170038      280037   47.4874153      -10.6943693               1
      150036      180037   63.9130783      -10.6943693               1
      160035      180037   49.1268463      -10.6943693               1
      170036      180037   95.8650589      -10.6943693               1
      170038      180037   96.1308060      -10.6943693               1
      180037      190028   41.1374245      -10.6943693               1
      180037      190029   42.4457130      -10.6943693               1
      180037      190030   43.8913269      -10.6943693               1
      180037      190031   45.6041794      -10.6943693               1
      180037      190032   47.7960396      -10.6943693               1
      180037      190035   64.7401581      -10.6943693               1
      180037      190036   88.2442780      -10.6943693               1
      180037      200036   71.9864578      -10.6943693               1
      180037      210036   62.9373016      -10.6943693               1
      180037      220036   58.1054268      -10.6943693               1
      180037      230036   55.0343094      -10.6943693               1
      180037      240036   52.8410454      -10.6943693               1
      180037      250035   27.6229820      -10.6943693               1
      180037      250036   51.1271057      -10.6943693               1
      180037      260036   49.6811676      -10.6943693               1
      180037      270036   48.3726997      -10.6943693               1
      170036      180039   63.9263992      -10.6943693               1
      170038      180039   96.1739273      -10.6943693               1
      180039      190028   40.3096695      -10.6943693               1
      180039      190029   41.3462677      -10.6943693               1
      180039      190030   42.4109764      -10.6943693               1
      180039      190031   43.5657120      -10.6943693               1
      180039      190032   44.8910484      -10.6943693               1
      180039      190033   46.5072632      -10.6943693               1
      180039      190036   56.3703690      -10.6943693               1
      180039      190037   65.3300476      -10.6943693               1
      180039      200038   72.3896790      -10.6943693               1
      180039      210038   63.3836021      -10.6943693               1
      180039      220038   58.6031418      -10.6943693               1
      180039      230038   55.5940895      -10.6943693               1
      180039      250037   28.5689526      -10.6943693               1
      180039      250038   51.8567886      -10.6943693               1
      180039      260037   27.2416115      -10.6943693               1
      180039      260038   50.5294495      -10.6943693               1
      180039      270037   26.0855865      -10.6943693               1
      180039      270038   49.3734245      -10.6943693               1
      180039      280037   25.0203781      -10.6943693               1
      180039      280038   48.3082161      -10.6943693               1
      180039      290038   47.2716141      -10.6943693               1
      180037      190038   88.5100174      -10.6943693               1
      180039      190038   88.6178818      -10.6943693               1
      190038      200036   82.0565262      -10.6943693               1
      190038      200037   105.542183      -10.6943693               1
      190038      210037   74.7477112      -10.6943693               1
      190038      220037   64.1445465      -10.6943693               1
      190038      250037   53.0776520      -10.6943693               1
      190038      260037   51.2773972      -10.6943693               1
      190038      270037   49.7753296      -10.6943693               1
      190038      280037   48.4286995      -10.6943693               1
      180039      190040   88.5361786      -10.6943693               1
      190040      200038   82.5751419      -10.6943693               1
      190040      210039   74.8681870      -10.6943693               1
      190040      220039   64.3080902      -10.6943693               1
      190040      230039   58.9645271      -10.6943693               1
      190040      240039   55.6918068      -10.6943693               1
      190040      250039   53.4304962      -10.6943693               1
      190040      260039   51.7242889      -10.6943693               1
      190040      270039   50.3407707      -10.6943693               1
      190040      280039   49.1465607      -10.6943693               1
      190040      290039   48.0541763      -10.6943693               1
      190040      300039   46.9975891      -10.6943693               1
      170038      200039   63.6427536      -10.6943693               1
      190038      200039   105.650009      -10.6943693               1
      190040      200039   105.626213      -10.6943693               1
      200039      210030   48.4352417      -10.6943693               1
      200039      210031   49.7422028      -10.6943693               1
      200039      210032   51.1859245      -10.6943693               1
      200039      210033   52.8960457      -10.6943693               1
      200039      210034   55.0824432      -10.6943693               1
      200039      210035   58.1419487      -10.6943693               1
      200039      210036   62.9482079      -10.6943693               1
      200039      210037   71.9509201      -10.6943693               1
      200039      210038   95.2751846      -10.6943693               1
      200039      220032   27.6348801      -10.6943693               1
      200039      220038   71.7241364      -10.6943693               1
      200039      230038   62.6673927      -10.6943693               1
      200039      250037   31.4405098      -10.6943693               1
      200039      250038   54.7647743      -10.6943693               1
      200039      260038   52.5720062      -10.6943693               1
      200039      270038   50.8582993      -10.6943693               1
      200039      280038   49.4127235      -10.6943693               1
      200039      290038   48.1049500      -10.6943693               1
      180039      210040   63.3018990      -10.6943693               1
      200039      210040   95.2513504      -10.6943693               1
      210040      220031   48.4773521      -10.6943693               1
      210040      220032   49.7837410      -10.6943693               1
      210040      220033   51.2263832      -10.6943693               1
      210040      220034   52.9342995      -10.6943693               1
      210040      220035   55.1174202      -10.6943693               1
      210040      220036   58.1673584      -10.6943693               1
      210040      220037   62.9555702      -10.6943693               1
      210040      220038   71.8922653      -10.6943693               1
      210040      220039   94.9766693      -10.6943693               1
      210040      230039   71.3884811      -10.6943693               1
      210040      240039   62.3275261      -10.6943693               1
      210040      250038   34.4098282      -10.6943693               1
      210040      250039   57.4942322      -10.6943693               1
      210040      260038   31.3392487      -10.6943693               1
      210040      260039   54.4236526      -10.6943693               1
      210040      270038   29.1458912      -10.6943693               1
      210040      270039   52.2302971      -10.6943693               1
      210040      280038   27.4323711      -10.6943693               1
      210040      280039   50.5167732      -10.6943693               1
      210040      290038   25.9870777      -10.6943693               1
      210040      290039   49.0714798      -10.6943693               1
      210040      300039   47.7639236      -10.6943693               1
