         792
       10020       20011   49.6095734      -17.1584587               1
       10020       20012   50.3411293      -17.2428570               1
       10020       20013   51.1506920      -17.2747574               1
       10020       20014   51.6888199      -17.1878910               1
       10020       20015   52.7745857      -17.0512047               1
       10020       20016   53.9060783      -16.7390919               1
       10020       20017   60.1858749      -16.8866005               1
       10020       20018   66.2270813      -15.2454958               1
       10020       20019   89.5194855      -9.79748917               1
       10020       30012   21.8801022      -17.9977474               1
       10020       30013   22.6896667      -18.0427284               1
       10020       30014   23.2277927      -17.8316326               1
       10020       30015   24.3135509      -17.5061951               1
       10020       30016   25.4450397      -16.8247433               1
       10020       30017   31.7248402      -17.0876312               1
       10020       30018   37.7660942      -14.1776104               1
       10020       30019   61.0594292      -6.59758091               1
       10022       20011   49.2834282      -17.1919403               1
       10022       20012   49.8758316      -17.2797451               1
       10022       20013   50.4943581      -17.3341579               1
       10022       20014   50.8653603      -17.2967262               1
       10022       20015   51.5144730      -17.2653141               1
       10022       20016   52.0802269      -17.1607800               1
       10022       20017   54.7517433      -17.5593605               1
       10022       20018   56.7394829      -17.2215595               1
       10022       20019   61.1481667      -16.4945145               1
       10022       20020   75.8687744      -18.2058105               1
       10022       30012   21.4257374      -18.0963020               1
       10022       30013   22.0442677      -18.1980247               1
       10022       30014   22.4152679      -18.0987854               1
       10022       30015   23.0643806      -18.0060539               1
       10022       30016   23.6301289      -17.7579288               1
       10022       30017   26.3016624      -18.5269928               1
       10022       30018   28.2893867      -17.7814846               1
       10022       30019   32.6980629      -16.3463516               1
       10022       30020   47.4187202      -19.1303825               1
       10022       30021   77.2278442      -17.4137268               1
       10022       40021   64.9962540      -17.2260647               1
       10022       50021   62.8769875      -17.5961418               1
       10022       60021   60.3600960      -17.3514938               1
       10022       70021   59.0372658      -17.3444328               1
       10022       80021   58.3015022      -17.2788582               1
       10022       90021   57.7305222      -17.3215771               1
       10022      100021   56.7636490      -17.1938725               1
       10022      110021   56.3945160      -17.2297268               1
       10022      120021   55.8021164      -17.1516476               1
       10020       20021   112.337471      -17.4633465               1
       10022       20021   105.677948      -17.2121048               1
       20021       30012   49.3012314      -12.2836847               1
       20021       30013   50.0595932      -12.4130096               1
       20021       30014   50.5297012      -12.4029512               1
       20021       30015   51.4004593      -12.4282827               1
       20021       30016   52.2229576      -12.3364496               1
       20021       30017   56.4077568      -13.1870289               1
       20021       30018   59.8835716      -12.7628908               1
       20021       30019   69.2583160      -11.5510578               1
       20021       30020   111.635612      -15.2430315               1
       20021       40020   77.1260529      -16.6409359               1
       20021       50020   72.6848221      -17.5959702               1
       20021       60020   68.3991470      -17.5549965               1
       20021       70020   66.4375458      -17.6657467               1
       20021       80020   65.4356537      -17.6324120               1
       20021       90020   64.6981735      -17.7082710               1
       20021      100020   63.5013046      -17.6028080               1
       20021      110020   63.0530701      -17.6527443               1
       10020       20023   60.3978233      -16.6698380               1
       10022       20023   95.0380859      -14.3140049               1
       20023       30012   48.7713966      -12.1611347               1
       20023       30013   49.3286438      -12.2530508               1
       20023       30014   49.6343117      -12.2423038               1
       20023       30015   50.1104927      -12.2441216               1
       20023       30016   50.4748573      -12.1872892               1
       20023       30017   52.0225220      -12.4694481               1
       20023       30018   53.0355225      -12.3002386               1
       20023       30019   54.8946457      -11.9637566               1
       20023       30020   59.7263527      -12.5128832               1
       20023       30021   66.1181259      -11.8321705               1
       10020       30022   47.4031715      -19.1354847               1
       20021       30022   104.979012      -14.8496780               1
       20023       30022   94.3714066      -11.6672182               1
       30022       40020   62.4958611      -14.4143581               1
       30022       40021   92.3131638      -14.4999304               1
       30022       50014   20.5513153      -16.6807098               1
       30022       50015   21.2432480      -16.6105423               1
       30022       50016   21.8271618      -16.3650837               1
       30022       50020   45.7102013      -18.5039597               1
       30022       50021   75.5273743      -16.9940281               1
       30022       60021   65.1227646      -16.9629498               1
       30022       70021   61.4524918      -17.2250862               1
       30022       80021   59.8726044      -17.1744461               1
       30022       90020   29.0229607      -19.9699650               1
       30022       90021   58.8400574      -17.2889137               1
       30022      100020   27.5430832      -19.8133984               1
       30022      100021   57.3601952      -17.1445637               1
       30022      110020   27.0456085      -19.9926300               1
       30022      110021   56.8627090      -17.2064629               1
       30022      120021   56.1240807      -17.1246738               1
       10022       30024   41.9099388      -16.4860897               1
       20021       30024   59.1681290      -12.4903679               1
       20023       30024   124.137596      -15.8745422               1
       30024       50023   94.7282104      -17.9034252               1
       30024       60023   84.3493423      -17.9957294               1
       30024       70023   80.7096024      -18.2437363               1
       30024       80023   79.1593628      -18.2277164               1
       30024       90023   78.1627960      -18.3254585               1
       30024      100023   76.7802429      -18.2472839               1
       30024      110023   76.3381042      -18.2974606               1
       30024      120023   75.7145538      -18.2595387               1
       30024      130023   75.1301422      -18.2391701               1
       30024      140023   74.8301010      -18.2667179               1
       30024       40023   111.504723      -15.7022495               1
       40023       50014   75.9029312      -18.5182762               1
       40023       50015   76.4575424      -18.4773903               1
       40023       50016   76.8538513      -18.4053841               1
       40023       50017   78.4785156      -18.4744759               1
       40023       50018   79.5202332      -18.2803841               1
       40023       50019   81.4047699      -17.9131527               1
       40023       50020   86.2630844      -17.9609604               1
       40023       50021   92.6671829      -17.0978394               1
       40023       50022   120.936745      -15.7391682               1
       40023       60015   23.3107681      -16.3212128               1
       40023       60016   23.7070866      -16.1238289               1
       40023       60020   33.1163788      -15.6144257               1
       20023       40025   41.2574615      -17.5824699               1
       30024       40025   95.1615753      -13.9318781               1
       40025       50014   75.4966888      -18.5353565               1
       40025       50015   75.9130249      -18.5103512               1
       40025       50016   76.1725311      -18.4667664               1
       40025       50017   77.1145096      -18.5275116               1
       40025       50018   77.6408157      -18.4419823               1
       40025       50019   78.4283295      -18.3169765               1
       40025       50020   80.0267563      -18.4059868               1
       40025       50021   81.5641785      -18.2458916               1
       40025       50022   85.8901520      -18.2513390               1
       40025       50023   102.364113      -19.0146599               1
       40025       60015   22.7843151      -16.3871212               1
       40025       60016   23.0438328      -16.2669659               1
       40025       60017   23.9857941      -16.5486526               1
       40025       60018   24.5121155      -16.3202267               1
       40025       60019   25.2996521      -15.9987612               1
       40025       60020   26.8980598      -16.4013424               1
       40025       60021   28.4355049      -16.0505142               1
       40025       60022   32.7614632      -16.3546829               1
       40025       60023   49.2353401      -18.5762959               1
       40025       60024   81.2892990      -16.2029457               1
       40025       70024   69.4488144      -16.5774479               1
       40025       80024   65.6802750      -16.3433723               1
       40025       90024   63.6770782      -16.4683266               1
       40025      100023   29.3219700      -20.1672688               1
       40025      100024   61.3758354      -16.1929874               1
       40025      110024   60.7450523      -16.2560272               1
       40025      120024   59.9437904      -16.1606598               1
       40025      130024   59.2470131      -16.0945587               1
       40025      140024   58.9213181      -16.1159878               1
       40025      150024   58.5049820      -16.1312180               1
       20023       50024   85.2220535      -18.1719208               1
       40023       50024   150.738159      -18.4011211               1
       40025       50024   134.417908      -17.4748421               1
       30024       50026   37.3243828      -15.4974566               1
       40023       50026   86.5077972      -18.4051838               1
       40025       50026   116.042015      -17.3674946               1
       50026       60015   41.8765602      -11.6294661               1
       50026       60016   42.1029091      -11.5909281               1
       50026       60017   42.8638573      -11.7762270               1
       50026       60018   43.2567825      -11.7085304               1
       50026       60019   43.7860718      -11.6208963               1
       50026       60020   44.7264748      -11.8106089               1
       50026       60021   45.5039902      -11.7333326               1
       50026       60022   47.3478584      -11.9199047               1
       50026       60023   52.7655525      -12.8685942               1
       50026       60024   59.6176834      -12.4711351               1
       50026       70024   33.2035599      -15.2418308               1
       50026      120024   19.2269688      -14.6187334               1
       50026      150024   17.7411728      -14.4578247               1
       30024       60025   68.0058289      -16.0695992               1
       40023       60025   49.2093048      -18.5762844               1
       50026       60025   82.2986526      -13.3929873               1
       60025       70016   53.6528091      -24.8798542               1
       60025       70017   54.6982040      -24.8622208               1
       60025       70018   55.2611275      -24.6723747               1
       60025       70019   56.0795784      -24.4029083               1
       60025       70020   57.7086105      -24.3585014               1
       60025       70021   59.2600098      -23.9804878               1
       60025       70022   63.6038513      -23.5976944               1
       60025       70023   80.1014404      -23.4756718               1
       60025       70024   112.165962      -20.3548832               1
       60025       80017   23.2483444      -22.2394295               1
       60025       80018   23.8112946      -21.8608418               1
       60025       80019   24.6297874      -21.3407249               1
       60025       80020   26.2588196      -21.4331036               1
       60025       80021   27.8102798      -20.7908020               1
       60025       80022   32.1541748      -20.4645138               1
       60025       80023   48.6517296      -21.3260593               1
       60025       80024   80.7168732      -17.8432617               1
       60025       90018   14.2345304      -23.8555908               1
       60025       90019   15.0530005      -22.8961143               1
       60025       90020   16.6820335      -22.8896389               1
       60025       90021   18.2334709      -21.7860470               1
       60025       90022   22.5773563      -21.1298695               1
       60025       90023   39.0749321      -21.9216537               1
       60025       90024   71.1400452      -17.7015514               1
       60025      100023   31.8885803      -20.4112377               1
       60025      100024   63.9539719      -16.4742355               1
       60025      110023   30.4422283      -20.7405128               1
       60025      110024   62.5075912      -16.5434971               1
       60025      120023   28.9386482      -20.4620667               1
       60025      120024   61.0040588      -16.3079681               1
       60025      130023   27.7791862      -20.2797203               1
       60025      130024   59.8446274      -16.1428413               1
       60025      140023   27.2980080      -20.3744125               1
       60025      140024   59.3634415      -16.1528530               1
       60025      150024   58.8203926      -16.1562309               1
       50026       60027   82.5901947      -13.1058578               1
       60027       70016   53.3255196      -24.9245300               1
       60027       70017   54.0942802      -24.8982620               1
       60027       70018   54.4679375      -24.7617168               1
       60027       70019   54.9382172      -24.5920372               1
       60027       70020   55.7116814      -24.5365791               1
       60027       70021   56.3021240      -24.3511639               1
       60027       70022   57.5860901      -24.1744213               1
       60027       70023   60.9034195      -24.0003567               1
       60027       70024   64.3524246      -23.1589928               1
       60027       70025   72.6588211      -22.1717758               1
       60027       80024   32.9150467      -19.6791458               1
       60027       80026   62.6902466      -17.3610840               1
       60027       90026   53.1277161      -17.0832539               1
       60027      100026   45.9785118      -15.2864552               1
       60027      110026   44.5518303      -15.3443289               1
       60027      120026   43.0872574      -14.9786882               1
       60027      130026   41.9749794      -14.7147665               1
       60027      140026   41.5269508      -14.7111921               1
       60027      150026   41.0493584      -14.6990194               1
       60027      160026   40.8027763      -14.7506580               1
       60027      170026   40.0340385      -14.5907869               1
       60025       70026   93.8139648      -20.7874622               1
       60027       70026   94.1270981      -20.5143604               1
       70026       80017   70.3660202      -16.7505875               1
       70026       80018   70.8247147      -16.6750469               1
       70026       80019   71.4081573      -16.5801601               1
       70026       80020   72.4006195      -16.6391239               1
       70026       80021   73.2016068      -16.5377541               1
       70026       80022   75.0749359      -16.5400906               1
       70026       80023   80.5306778      -16.8575134               1
       70026       80024   87.4011230      -16.2736912               1
       70026       80025   110.102783      -16.1808624               1
       70026       90018   30.6687870      -21.5314312               1
       70026       90019   31.2521973      -21.2239609               1
       70026       90020   32.2446671      -21.2134247               1
       70026       90021   33.0456161      -20.8780003               1
       70026       90022   34.9189224      -20.6501808               1
       70026       90023   40.3747253      -20.7279148               1
       70026       90024   47.2449684      -19.0850391               1
       70026       90025   69.9465485      -18.0264740               1
       70026      100024   27.2269268      -15.5867043               1
       70026      110024   24.1360989      -16.3154926               1
       70026      120024   21.4685955      -15.4166622               1
       70026      130024   19.6350498      -14.6462135               1
       70026      140024   18.9602947      -14.6509581               1
       70026      150024   18.3040695      -14.6180172               1
       60025       70028   65.2694244      -23.0555496               1
       60027       70028   86.3880386      -19.8613396               1
       70028       80017   70.0634232      -16.7497158               1
       70028       80018   70.4373322      -16.6885586               1
       70028       80019   70.8760681      -16.6184502               1
       70028       80020   71.5447617      -16.6574440               1
       70028       80021   72.0205612      -16.5928802               1
       70028       80022   72.9842606      -16.5962086               1
       70028       80023   75.2476654      -16.7420082               1
       70028       80024   77.3242264      -16.5106030               1
       70028       80025   81.5673904      -16.3833447               1
       70028       80026   89.3319931      -16.1793919               1
       70028       90018   30.2900314      -21.6211929               1
       70028       90020   31.3974380      -21.3763161               1
       70028       90021   31.8732109      -21.1599884               1
       70028       90023   35.1003304      -21.0597878               1
       70028       90024   37.1767998      -20.3373146               1
       70028       90027   62.5410690      -16.4166336               1
       70028      100027   42.5452461      -12.9247217               1
       70028      110027   39.4658203      -13.1607599               1
       70028      120027   36.8206139      -12.4130888               1
       70028      130027   35.0135078      -11.8277674               1
       70028      140027   34.3567123      -11.7732964               1
       70028      150027   33.7344704      -11.6991482               1
       70028      160027   33.4471207      -11.7457018               1
       70028      170027   32.6257629      -11.4564610               1
       70028      180027   32.2518311      -11.5286589               1
       50026       80027   49.8174782      -14.8268909               1
       70026       80027   110.418549      -15.9608707               1
       70028       80027   102.688873      -15.0679779               1
       80027       90018   74.0238571      -20.0613556               1
       80027       90019   74.5580292      -19.9549942               1
       80027       90020   75.3909988      -19.9627399               1
       80027       90021   76.0077820      -19.8562527               1
       80027       90022   77.3241196      -19.7991829               1
       80027       90023   80.6823120      -19.8513660               1
       80027       90024   84.1510773      -19.3764973               1
       80027       90025   92.4792938      -18.9408455               1
       80027       90026   113.965492      -18.1813412               1
       80027      100026   57.5136337      -14.9401178               1
       80027      110026   51.0736771      -15.8358917               1
       80027      120026   46.4553261      -15.2404556               1
       80027      130026   43.5812531      -14.7335777               1
       80027      140026   42.6153145      -14.7420101               1
       80027      150026   41.7710571      -14.7228422               1
       80027      160026   41.4045906      -14.7980871               1
       80027      170026   40.3956032      -14.5898018               1
       70026       80029   83.7769928      -16.8883457               1
       70028       80029   114.393105      -15.4803314               1
       80029       90018   73.7347412      -20.1040058               1
       80029       90019   74.1709061      -20.0243855               1
       80029       90020   74.7980118      -20.0420971               1
       80029       90021   75.2229919      -19.9767399               1
       80029       90022   76.0459824      -19.9669933               1
       80029       90023   77.8778305      -20.0675983               1
       80029       90024   79.4584427      -19.8918591               1
       80029       90025   82.4703217      -19.8122177               1
       80029       90026   87.3327026      -19.7454338               1
       80029       90027   93.5315247      -19.2975864               1
       80029      100028   61.5218315      -14.1098175               1
       80029      110028   55.0915070      -14.8413181               1
       80029      120028   50.4917641      -14.2029190               1
       80029      130028   47.6394844      -13.6758165               1
       80029      140028   46.6880493      -13.6583710               1
       80029      150028   45.8704796      -13.6165972               1
       80029      160028   45.5263596      -13.6689281               1
       80029      170028   44.6138992      -13.4615841               1
       80029      180028   44.2206650      -13.5275850               1
       80029      190028   43.7844734      -13.5969486               1
       60027       90028   45.3889580      -15.2553520               1
       80027       90028   106.241951      -17.4802990               1
       80029       90028   117.954811      -17.6385536               1
       90028      100020   39.5764503      -8.94032669               1
       90028      100027   70.9029922      -10.0416336               1
       90028      110027   51.8831139      -13.0382795               1
       90028      120027   42.4104042      -12.4517183               1
       90028      130027   37.3444633      -11.6668959               1
       90028      140027   35.8236771      -11.7075453               1
       90028      150027   34.6467133      -11.6664801               1
       90028      160027   34.1915970      -11.7660322               1
       90028      170027   33.0556564      -11.4253645               1
       90028      180027   32.5812950      -11.5308714               1
       80027       90030   83.9187775      -19.3438148               1
       80029       90030   108.547371      -15.1447754               1
       70028      100029   54.2493935      -14.2566347               1
       90028      100029   82.6208649      -11.3241520               1
      100029      110020   78.9139481      -21.8257790               1
      100029      110021   79.4041290      -21.7413006               1
      100029      110022   80.3032150      -21.7116890               1
      100029      110023   82.2262955      -21.7738190               1
      100029      110024   83.8488464      -21.5707626               1
      100029      110026   91.8039017      -21.2875595               1
      100029      110027   98.0175934      -20.7623043               1
      100029      110028   122.455681      -18.8715115               1
      100029      120028   73.4178467      -16.6274071               1
      100029      130028   55.2162399      -14.0889406               1
      100029      140028   50.8677406      -13.9139156               1
      100029      150028   48.1885529      -13.7350721               1
      100029      160028   47.3458557      -13.8495283               1
      100029      170028   45.5916519      -13.4662542               1
      100029      180028   44.9466095      -13.5727434               1
      100029      190028   44.3265610      -13.6667013               1
       90030      100031   100.268997      -17.4688816               1
      100031      110020   78.3770523      -21.8577862               1
      100031      110021   78.7250214      -21.7945156               1
      100031      110022   79.2990723      -21.7755852               1
      100031      110023   80.3721390      -21.8178215               1
      100031      110024   81.1552124      -21.7194424               1
      100031      110025   82.4337692      -21.6668282               1
      100031      110026   84.1038513      -21.6320724               1
      100031      110027   85.5848618      -21.5025539               1
      100031      110028   89.0986252      -21.1223583               1
      100031      110029   96.0873337      -20.0504818               1
      100031      120021   29.7097378      -21.0755520               1
      100031      120024   32.1399307      -20.9403496               1
      100031      120030   91.1300125      -22.3647404               1
      100031      130030   72.9541550      -21.8743858               1
      100031      140030   68.6227493      -22.2353973               1
      100031      150030   65.9736176      -22.4390125               1
      100031      160030   65.1549225      -22.6289635               1
      100031      170030   63.4996071      -22.5991249               1
      100031      180030   62.9133873      -22.7539978               1
      100031      190030   62.3821678      -22.8890762               1
      100031      200030   61.7682762      -22.9013271               1
      100031      210030   61.4203110      -22.9883366               1
      100029      110030   113.081421      -16.5803165               1
      100031      110030   140.145309      -22.3177223               1
      110030      120021   61.7041855      -18.7150784               1
      110030      120022   62.4041710      -18.7004566               1
      110030      120023   63.7488441      -18.7859077               1
      110030      120024   64.7691040      -18.6328125               1
      110030      120025   66.5086365      -18.5439739               1
      110030      120026   68.9323349      -18.4513187               1
      110030      120027   71.3416748      -18.1316299               1
      110030      120028   77.9924393      -17.0516586               1
      110030      120029   96.0057068      -13.6944790               1
      110030      130029   52.6743355      -7.78267097               1
      110030      140029   44.5198441      -6.75844145               1
      100029      110032   88.2513351      -20.4502659               1
      100031      110032   127.403214      -19.1686211               1
      110032      120021   61.2972336      -18.7399864               1
      110032      120022   61.8172913      -18.7268066               1
      110032      120023   62.7173080      -18.7861691               1
      110032      120024   63.3278961      -18.6919651               1
      110032      120025   64.2633438      -18.6441326               1
      110032      120026   65.3931808      -18.6127071               1
      110032      120027   66.2832794      -18.5039349               1
      110032      120028   68.1380234      -18.2098942               1
      110032      120029   71.2015533      -17.4876366               1
      110032      120030   86.0548477      -18.4191246               1
      110032      130031   67.0328369      -14.5896006               1
       90030      120031   71.8137665      -21.8394012               1
      110030      120031   123.062416      -20.8626461               1
      110032      120031   110.347305      -17.0589790               1
      120031      130022   49.0509796      -18.0348568               1
      120031      130023   50.2428818      -18.2022820               1
      120031      130024   51.0780258      -18.0957031               1
      120031      130025   52.4105110      -18.1028786               1
      120031      130026   54.1223068      -18.1628208               1
      120031      130027   55.6202164      -18.0559883               1
      120031      130028   59.1505814      -17.6873150               1
      120031      130029   66.1511307      -16.4911461               1
      120031      130030   110.232170      -20.7979546               1
      120031      140023   21.5346012      -17.6656132               1
      120031      140024   22.3697491      -17.4422951               1
      120031      140030   81.5239792      -21.5702477               1
      120031      150030   71.1063156      -21.9764786               1
      120031      160030   68.7669983      -22.4344139               1
      120031      170030   65.1298981      -22.3485985               1
      120031      180030   64.0318985      -22.6275444               1
      120031      190030   63.1704407      -22.8375645               1
      120031      200030   62.3058052      -22.8568153               1
      120031      210030   61.8611603      -22.9703960               1
      110030      120033   72.1623611      -17.8959427               1
      110032      120033   98.4309158      -17.3582745               1
      120033      130022   48.5263596      -18.0034695               1
      120033      130023   49.3427048      -18.0906849               1
      120033      130024   49.8470192      -17.9971161               1
      120033      130025   50.5606003      -17.9528942               1
      120033      130026   51.3455315      -17.9242382               1
      120033      130027   51.8833542      -17.8311253               1
      120033      130028   52.8483315      -17.5968933               1
      120033      130029   54.1705933      -17.0937176               1
      120033      130030   59.3723831      -17.1413479               1
      120033      130031   64.9867859      -16.1061745               1
      120033      140031   36.2905655      -14.1294012               1
      120033      140032   56.9439621      -15.8213139               1
      120033      150032   46.5466652      -15.1563158               1
      120033      160032   44.2228355      -15.5061102               1
      120033      170031   19.9955215      -10.6117353               1
      120033      170032   40.6487236      -14.7691936               1
      120033      180032   39.5866737      -15.0068331               1
      120033      190032   38.7771988      -15.1746597               1
      120033      200032   38.0066948      -15.0628805               1
      120033      210032   37.6358910      -15.1558342               1
      120033      220031   16.4607754      -10.5129213               1
      120033      220032   37.1140022      -15.1213245               1
      120033      230032   36.2976723      -14.9379454               1
      120031      130032   97.5158691      -16.4849606               1
      120033      130032   85.6402740      -16.7544327               1
      130032      140023   49.2666512      -16.2204628               1
      130032      140024   49.9560814      -16.1294422               1
      130032      140025   50.9718475      -16.1245461               1
      130032      140026   52.1630020      -16.1504974               1
      130032      140027   53.0775642      -16.0580215               1
      130032      140028   54.9559746      -15.7767363               1
      130032      140029   58.0359383      -15.0168486               1
      130032      140030   72.9224319      -16.6248035               1
      130032      140031   97.2312546      -15.5288601               1
      130032      150031   65.8335648      -14.8469028               1
      120031      130034   59.1924667      -16.7194786               1
      120033      130034   90.2903900      -13.6007261               1
      130034      140023   48.7258415      -16.2113228               1
      130034      140024   49.2275391      -16.1458416               1
      130034      140025   49.9032784      -16.1426125               1
      130034      140026   50.6084633      -16.1595631               1
      130034      140027   51.0568275      -16.1074734               1
      130034      140028   51.7997818      -15.9627428               1
      130034      140029   52.7247200      -15.6348763               1
      130034      140030   56.0014877      -15.7390871               1
      130034      140031   58.9284744      -15.1407700               1
      130034      140032   66.4779663      -15.4032373               1
      130034      150024   17.8434372      -14.7111139               1
      130034      150032   35.0939064      -14.0096483               1
      130034      150033   58.6369171      -10.1988020               1
      130034      160033   53.4829140      -10.4525957               1
      130034      170033   47.0869064      -8.75727844               1
      130034      180033   45.3909378      -8.88607979               1
      130034      190033   44.2183228      -8.93978977               1
      130034      200033   43.2063866      -8.66769695               1
      130034      210033   42.7540436      -8.70142365               1
      130034      220033   42.1598625      -8.57032394               1
      130034      230033   41.2954521      -8.24406147               1
      130034      240033   40.7937393      -8.22509384               1
      110032      140033   46.9734764      -14.8005562               1
      130032      140033   85.3505630      -15.6650019               1
      130034      140033   90.0205841      -12.5565042               1
      140033      150024   32.2421112      -10.8249559               1
      140033      150025   33.0326996      -10.9237967               1
      140033      150026   33.8753891      -11.0583429               1
      140033      150027   34.4358673      -11.0280609               1
      140033      150028   35.4224052      -10.8648319               1
      140033      150029   36.7594681      -10.3622208               1
      140033      150030   41.9907761      -11.2714491               1
      140033      150031   47.6197052      -10.5497541               1
      140033      150032   68.2888641      -13.0468998               1
      140033      160030   29.1148949      -14.3609905               1
      140033      160031   34.7437172      -12.8712978               1
      140033      160032   55.4131355      -15.0827389               1
      140033      170031   23.6473141      -9.82628536               1
      140033      170032   44.3165169      -14.0116520               1
      140033      180031   21.0963860      -10.7320137               1
      140033      180032   41.7656937      -14.7247734               1
      140033      190031   19.4949780      -11.2389145               1
      140033      190032   40.1643372      -15.1300077               1
      140033      200031   18.2132874      -10.7246656               1
      140033      200032   38.8826180      -15.0173893               1
      140033      210031   17.6638470      -10.9430485               1
      140033      210032   38.3331985      -15.1795464               1
      140033      220031   16.9626026      -10.7076139               1
      140033      220032   37.6319427      -15.1523695               1
      140033      230032   36.6285477      -14.9354925               1
      130032      140035   60.7923660      -16.2006588               1
      130034      140035   86.4292908      -13.0424376               1
      140035      150024   31.9162426      -10.8894148               1
      140035      150025   32.5682373      -11.0111780               1
      140035      150026   33.2236099      -11.1685715               1
      140035      150027   33.6193085      -11.1834517               1
      140035      150028   34.2407722      -11.1368208               1
      140035      150029   34.9694405      -10.9051971               1
      140035      150030   37.3988533      -11.5209303               1
      140035      150031   39.3738213      -11.2838984               1
      140035      150032   43.7356377      -12.3128147               1
      140035      150033   53.6774178      -11.6798391               1
      140035      160034   56.5029182      -11.0746965               1
      140035      170034   45.4279289      -9.05039692               1
      140035      180034   42.8888664      -9.44522953               1
      140035      190034   41.3040009      -9.62801075               1
      140035      200034   40.0509605      -9.34246635               1
      140035      210034   39.5229607      -9.41362476               1
      140035      220034   38.8653412      -9.27987576               1
      140035      230034   37.9593315      -8.92150879               1
      140035      240034   37.4573746      -8.90148640               1
      140035      250034   36.8053894      -8.75852585               1
      120033      150034   51.1975327      -9.73966312               1
      140033      150034   72.9610901      -9.38054180               1
      140035      150034   69.3735809      -9.81605911               1
      150034      160025   56.1075287      -15.8807878               1
      150034      160026   56.8845825      -15.8996964               1
      150034      160027   57.3600349      -15.8534412               1
      150034      160028   58.1278038      -15.7247877               1
      150034      160029   59.0691414      -15.4312105               1
      150034      160030   62.3782883      -15.5366955               1
      150034      160031   65.3205872      -15.0032263               1
      150034      160032   72.8871307      -15.2585506               1
      150034      160033   96.4454346      -12.6363115               1
      150034      170026   16.4024887      -7.73716545               1
      150034      170027   16.8779469      -7.80990839               1
      150034      170028   17.6457500      -7.73608828               1
      150034      170029   18.5871964      -7.20772314               1
      150034      170030   21.8962059      -8.75101185               1
      150034      170031   24.8386707      -8.15192890               1
      150034      170032   32.4049759      -10.3259668               1
      150034      170033   55.9640770      -7.88335562               1
      150034      180032   26.0751915      -12.4850883               1
      150034      180033   49.6341324      -8.70613575               1
      150034      190033   46.5396767      -9.04715538               1
      150034      200033   44.5084724      -8.68485260               1
      150034      210033   43.7394867      -8.80349445               1
      150034      220033   42.8579292      -8.66232204               1
      150034      230033   41.7205620      -8.27258778               1
      150034      240033   41.1138535      -8.26164627               1
      140033      150036   42.8545990      -10.7783728               1
      140035      150036   62.1827507      -5.26341343               1
      150036      160025   55.5907326      -15.9181948               1
      150036      160026   56.1843910      -15.9473467               1
      150036      160027   56.5123634      -15.9254608               1
      150036      160028   56.9837608      -15.8603678               1
      150036      160029   57.4892464      -15.7097664               1
      150036      160030   59.0450974      -15.7843781               1
      150036      160031   60.1866150      -15.5644121               1
      150036      160032   62.3731461      -15.6773415               1
      150036      160033   66.3574524      -15.0131226               1
      150036      160034   70.4518356      -13.8677740               1
      150036      170026   15.7305250      -7.56394911               1
      150036      170027   16.0584946      -7.65814781               1
      150036      170028   16.5299091      -7.66952467               1
      150036      170029   17.0354462      -7.40435076               1
      150036      170031   19.7327976      -8.09631538               1
      150036      170032   21.9192295      -9.16262341               1
      150036      170035   45.2421036      -1.87873256               1
      150036      180035   38.9274979      -1.95106614               1
      150036      190035   35.8541107      -1.81027603               1
      150036      200035   33.8585892     -0.916059732               1
      150036      210035   33.1154518     -0.894349873               1
      150036      220035   32.2850685     -0.511292934               1
      150036      230035   31.2575874      0.241684392               1
      150036      240035   30.7370396      0.409238756               1
      150036      250035   30.1055164      0.760617137               1
      150036      260035   29.5119686       1.15160060               1
      130034      160035   49.8915405      -11.1429539               1
      150034      160035   92.8657990      -13.0898666               1
      150036      160035   85.6935349      -10.0588980               1
      160035      170026   33.2608795      -3.09145975               1
      160035      170027   33.6901512      -3.20757818               1
      160035      170028   34.3414879      -3.30852532               1
      160035      170029   35.0894699      -3.23665619               1
      160035      170030   37.5559807      -4.35804176               1
      160035      170031   39.5483971      -4.47846699               1
      160035      170032   43.9290161      -6.18532372               1
      160035      170033   53.8882713      -6.68661308               1
      160035      170034   69.5916061      -5.95424223               1
      160035      180034   51.3689766      -8.44176483               1
      160035      190034   45.2178192      -9.49702740               1
      160035      200034   42.0021553      -9.17277527               1
      160035      210034   40.9262199      -9.44825649               1
      160035      220034   39.8136635      -9.33774281               1
      160035      230034   38.5083122      -8.91260529               1
      160035      240034   37.8617554      -8.91668129               1
      160035      250034   37.0783157      -8.77231216               1
      150034      160037   65.9703445      -15.3006830               1
      150036      160037   117.275330      -18.7297478               1
      160037      170026   32.6799545      -2.89860964               1
      160037      170027   32.9919014      -2.99870825               1
      160037      170028   33.4178734      -3.08814526               1
      160037      170029   33.8531837      -3.06300497               1
      160037      170030   35.1392059      -3.73355722               1
      160037      170031   36.0397301      -3.82986474               1
      160037      170032   37.6607666      -4.66865158               1
      160037      170033   40.3607674      -5.04805040               1
      160037      170034   42.7323875      -4.88423634               1
      160037      170035   49.2773705      -4.32620144               1
      160037      180035   31.0690689      -7.48337412               1
      160037      180036   75.8265839      -18.6636429               1
      160037      190036   69.6959000      -20.2459717               1
      160037      200036   66.5128708      -20.5602779               1
      160037      210036   65.4605942      -20.9141922               1
      160037      220036   64.3938370      -21.0402584               1
      160037      230036   63.1850395      -21.0225601               1
      160037      240036   62.6130142      -21.1337719               1
      160037      250035   17.1929531      -7.55411100               1
      160037      250036   61.9515495      -21.1874180               1
      160037      260036   61.3560715      -21.2069206               1
      160037      270036   61.0441170      -21.2463837               1
      140035      170036   38.2377586      -1.50278139               1
      160035      170036   62.4196281     -0.973881483               1
      160037      170036   94.0324554      -14.8443794               1
      170036      180027   62.5035744      -14.6955576               1
      170036      180028   63.0480347      -14.6488476               1
      170036      180029   63.5987091      -14.5168858               1
      170036      180030   65.2391281      -14.6269550               1
      170036      180031   66.4192657      -14.4455204               1
      170036      180032   68.6473618      -14.5930281               1
      170036      180033   72.6688614      -14.0487766               1
      170036      180034   76.7775803      -13.0484486               1
      170036      180035   92.0316391      -9.63607121               1
      170036      190035   53.2452278      -7.71489143               1
      170036      200035   40.8844032      -3.43035245               1
      170036      210035   37.7125397      -3.37276578               1
      170036      220035   35.1376228      -2.31348872               1
      170036      240035   31.7953377     -0.287530333               1
      170036      250035   30.7878361      0.285123229               1
      170036      260035   29.9448681      0.866789579               1
      160035      170038   42.1543694      -4.17947292               1
      160037      170038   78.4453049      -11.0217667               1
      170038      180027   62.0766449      -14.7315092               1
      170038      180028   62.4971581      -14.7110767               1
      170038      180029   62.8858795      -14.6329212               1
      170038      180030   63.9508171      -14.7530556               1
      170038      180031   64.6455841      -14.6790962               1
      170038      180032   65.7976761      -14.8421602               1
      170038      180033   67.5287628      -14.7501984               1
      170038      180034   68.8447189      -14.5184240               1
      170038      180035   71.7977676      -13.9625168               1
      170038      180036   86.9967346      -16.3580818               1
      170038      190037   69.3138123      -17.5266685               1
      170038      200037   56.9737473      -16.5801697               1
      170038      220037   51.2729721      -17.2813873               1
      170038      240037   48.0399551      -16.9682198               1
      170038      250037   47.1080360      -16.9393253               1
      170038      260037   46.3565826      -16.8654194               1
      170038      270037   46.0099716      -16.8747234               1
      170038      280037   45.5894623      -16.9225025               1
      150036      180037   70.5070877      -20.0048676               1
      160035      180037   31.0240421      -7.47436285               1
      170036      180037   123.646599      -17.9700089               1
      170038      180037   108.086555      -15.6438255               1
      180037      190028   44.5874367      -12.6812067               1
      180037      190029   45.0816765      -12.5579433               1
      180037      190030   46.4766159      -12.8247900               1
      180037      190031   47.4263229      -12.7204752               1
      180037      190032   49.1000824      -13.0853825               1
      180037      190035   60.7956314      -11.1977282               1
      180037      190036   105.582138      -17.6547966               1
      180037      200036   78.4352188      -18.7162933               1
      180037      210036   72.6986084      -20.3863010               1
      180037      220036   68.6559143      -20.8498936               1
      180037      230036   65.3228149      -20.7958374               1
      180037      240036   64.0914078      -21.0300446               1
      180037      250035   18.1041527      -8.03769112               1
      180037      250036   62.8914680      -21.1282787               1
      180037      260036   61.9481239      -21.1522026               1
      180037      270036   61.5187035      -21.2004509               1
      170036      180039   72.3895111      -14.2300367               1
      170038      180039   91.4951324      -12.3372660               1
      180039      190028   44.0134544      -12.6090813               1
      180039      190029   44.3509064      -12.5157804               1
      180039      190030   45.2089462      -12.6507978               1
      180039      190031   45.7291145      -12.5660906               1
      180039      190032   46.5174904      -12.7132540               1
      180039      190033   47.5729866      -12.6086445               1
      180039      190036   54.3586807      -12.3744621               1
      180039      190037   58.7045937      -11.3957043               1
      180039      200038   46.3454742      -8.11575508               1
      180039      210038   40.6258430      -9.60854530               1
      180039      220038   36.6172600      -9.29928398               1
      180039      230038   33.3543205      -8.07643127               1
      180039      250037   16.2948570      -8.56410122               1
      180039      250038   31.0569019      -7.79444599               1
      180039      260037   15.4491730      -7.97454023               1
      180039      260038   30.2112236      -7.47141647               1
      180039      270037   15.0898771      -7.82927036               1
      180039      270038   29.8519287      -7.39192820               1
      180039      280037   14.6912699      -7.76055336               1
      180039      280038   29.4533215      -7.35173368               1
      180039      290038   29.1158524      -7.43291950               1
      180037      190038   90.0229950      -14.8081827               1
      180039      190038   73.4665298      -10.5013762               1
      190038      200036   64.9612274      -8.25893116               1
      190038      200037   86.0614777      -9.34452343               1
      190038      210037   66.4086990      -14.8569832               1
      190038      220037   57.4230270      -16.2318497               1
      190038      250037   48.1052322      -16.7184258               1
      190038      260037   46.9448357      -16.7078800               1
      190038      270037   46.4691353      -16.7473736               1
      190038      280037   45.9482841      -16.8237171               1
      180039      190040   85.3751831      -13.7140961               1
      190040      200038   57.2066994      -3.73472309               1
      190040      210039   61.7957573      -13.3473644               1
      190040      220039   52.8333397      -14.5879564               1
      190040      230039   47.0250740      -14.3040237               1
      190040      240039   45.2111816      -14.7014475               1
      190040      250039   43.6515694      -14.7881136               1
      190040      260039   42.5547028      -14.7320356               1
      190040      270039   42.1236610      -14.7525539               1
      190040      280039   41.6802216      -14.8046284               1
      190040      290039   41.3283195      -14.9280548               1
      190040      300039   40.4764824      -14.8238287               1
      170038      200039   40.3825722      -9.47314167               1
      190038      200039   69.5012360      -3.48779297               1
      190040      200039   81.4367371      -7.88673782               1
      200039      210030   63.4765739      -17.6286888               1
      200039      210031   64.0745697      -17.5154285               1
      200039      210032   64.9422073      -17.5712700               1
      200039      210033   66.0651093      -17.4176750               1
      200039      210034   66.7722092      -17.2090740               1
      200039      210035   68.0141144      -16.7651405               1
      200039      210036   72.9322205      -16.7872658               1
      200039      210037   77.2935944      -15.7925234               1
      200039      210038   92.0752716      -14.3740587               1
      200039      220032   28.3237076      -19.7030811               1
      200039      220038   55.4567337      -13.3516998               1
      200039      230038   39.7418785      -9.06105709               1
      200039      250037   18.3050117      -9.57970428               1
      200039      250038   33.0871506      -8.40800190               1
      200039      260038   31.3095570      -7.74279499               1
      200039      270038   30.6786652      -7.58715963               1
      200039      280038   30.0838814      -7.50655746               1
      200039      290038   29.6392860      -7.60105371               1
      180039      210040   52.5345764      -15.0320082               1
      200039      210040   104.013763      -16.5684357               1
      210040      220031   56.8241081      -17.1555786               1
      210040      220032   57.6369019      -17.2364025               1
      210040      220033   58.6334686      -17.1208458               1
      210040      220034   59.2200317      -16.9502640               1
      210040      220035   60.1616364      -16.6086292               1
      210040      220036   63.5559311      -16.7635517               1
      210040      220037   66.1635666      -16.1803665               1
      210040      220038   72.8683701      -15.7582388               1
      210040      220039   97.1227722      -16.2414913               1
      210040      230039   57.9972649      -13.6984482               1
      210040      240039   50.9146843      -14.7341213               1
      210040      250038   22.2424068      -11.8535795               1
      210040      250039   46.4966469      -14.8998117               1
      210040      260038   19.7159920      -11.0772924               1
      210040      260039   43.9701920      -14.7267590               1
      210040      270038   18.8981152      -10.9510822               1
      210040      270039   43.1523132      -14.7406559               1
      210040      280038   18.1931877      -10.9438457               1
      210040      280039   42.4473877      -14.8004875               1
      210040      290038   17.7055988      -11.2142096               1
      210040      290039   41.9598236      -14.9593868               1
      210040      300039   40.8873901      -14.8236065               1
