         792
       10020       20011   50.3023911      -17.8580322               1
       10020       20012   50.8652229      -17.8539352               1
       10020       20013   51.4882469      -17.8308792               1
       10020       20014   52.0430603      -17.7222042               1
       10020       20015   53.1804848      -17.5631199               1
       10020       20016   54.3129463      -17.2742043               1
       10020       20017   59.1087227      -17.0376415               1
       10020       20018   65.3902359      -15.5439701               1
       10020       20019   91.0931244      -9.29658222               1
       10020       30012   21.5972672      -18.8801537               1
       10020       30013   22.2202873      -18.7979584               1
       10020       30014   22.7750969      -18.5260677               1
       10020       30015   23.9125156      -18.1340313               1
       10020       30016   25.0449696      -17.4816704               1
       10020       30017   29.8407478      -16.9797440               1
       10020       30018   36.1223259      -14.2858992               1
       10020       30019   61.8264618      -5.60413361               1
       10022       20011   50.0326881      -17.9216690               1
       10022       20012   50.4940300      -17.9327106               1
       10022       20013   50.9731674      -17.9367828               1
       10022       20014   51.3552361      -17.8836193               1
       10022       20015   52.0230789      -17.8370304               1
       10022       20016   52.5624390      -17.7458305               1
       10022       20017   54.3884239      -17.8634014               1
       10022       20018   56.1346588      -17.6289101               1
       10022       20019   59.6482430      -16.8706551               1
       10022       20020   74.6355438      -18.5955677               1
       10022       30012   21.2333736      -19.0800915               1
       10022       30013   21.7125130      -19.0643311               1
       10022       30014   22.0945778      -18.9212646               1
       10022       30015   22.7624168      -18.7843418               1
       10022       30016   23.3017731      -18.5566921               1
       10022       30017   25.1277618      -18.7522488               1
       10022       30018   26.8739891      -18.2046852               1
       10022       30019   30.3875637      -16.6497192               1
       10022       30020   45.3749199      -19.5599422               1
       10022       30021   75.8539352      -17.5219555               1
       10022       40021   63.5953026      -17.0147896               1
       10022       50021   60.8774796      -17.1766624               1
       10022       60021   58.8033562      -16.9938278               1
       10022       70021   57.6051674      -16.9731388               1
       10022       80021   56.8287392      -16.9341640               1
       10022       90021   56.3470573      -16.9748573               1
       10022      100021   55.4202271      -16.8685055               1
       10022      110021   55.0819359      -16.9347839               1
       10022      120021   54.6205978      -16.9162407               1
       10020       20021   112.261322      -18.4338818               1
       10022       20021   105.114616      -17.4045238               1
       20021       30012   50.0934029      -14.0873747               1
       20021       30013   50.6667099      -14.1278553               1
       20021       30014   51.1349068      -14.0915728               1
       20021       30015   51.9934998      -14.0849466               1
       20021       30016   52.7410622      -14.0025930               1
       20021       30017   55.5013313      -14.3118134               1
       20021       30018   58.4770699      -14.0282774               1
       20021       30019   66.1286316      -12.6487169               1
       20021       30020   111.824722      -16.7070751               1
       20021       40020   76.6664810      -17.8388176               1
       20021       50020   70.8860016      -18.5769176               1
       20021       60020   67.3049316      -18.6033936               1
       20021       70020   65.5258942      -18.7028923               1
       20021       80020   64.4586945      -18.7208691               1
       20021       90020   63.8296013      -18.8009892               1
       20021      100020   62.6867104      -18.7398186               1
       20021      110020   62.2808495      -18.8285542               1
       10020       20023   59.8315544      -17.3651009               1
       10022       20023   86.3971710      -16.2963085               1
       20023       30012   49.7084122      -14.0591249               1
       20023       30013   50.1496353      -14.0877552               1
       20023       30014   50.4729652      -14.0584469               1
       20023       30015   50.9802208      -14.0418510               1
       20023       30016   51.3419800      -13.9887667               1
       20023       30017   52.4282036      -14.0803699               1
       20023       30018   53.3371773      -13.9622793               1
       20023       30019   54.7884445      -13.6227818               1
       20023       30020   59.4155655      -14.1068249               1
       20023       30021   65.5863037      -13.4525356               1
       10020       30022   45.3646164      -19.5663261               1
       20021       30022   104.682419      -15.5560369               1
       20023       30022   85.9866943      -14.0405502               1
       30022       40020   58.3663368      -15.1713066               1
       30022       40021   88.8533173      -14.9352961               1
       30022       50014   16.3037262      -15.4547567               1
       30022       50015   17.0149250      -15.3893166               1
       30022       50016   17.5727901      -15.1776724               1
       30022       50020   39.7227898      -18.1898479               1
       30022       50021   70.2096558      -16.5804348               1
       30022       60021   62.5651703      -16.6320648               1
       30022       70021   59.6261749      -16.7991714               1
       30022       80021   58.0800972      -16.8077545               1
       30022       90020   26.7582912      -19.6679802               1
       30022       90021   57.2450829      -16.9068737               1
       30022      100020   25.4067059      -19.5596809               1
       30022      100021   55.8935127      -16.7908783               1
       30022      110020   24.9657803      -19.8242531               1
       30022      110021   55.4525681      -16.8879757               1
       30022      120021   54.8889046      -16.8772202               1
       10022       30024   37.0995865      -16.9310875               1
       20021       30024   58.9671555      -13.7596111               1
       20023       30024   119.788078      -16.7982407               1
       30024       50023   85.3544159      -18.1418743               1
       30024       60023   77.7293243      -18.3383427               1
       30024       70023   74.8155365      -18.5379925               1
       30024       80023   73.2956619      -18.5808678               1
       30024       90023   72.4856796      -18.6760540               1
       30024      100023   71.2197723      -18.6227093               1
       30024      110023   70.8256378      -18.7026749               1
       30024      120023   70.3443375      -18.7111473               1
       30024      130023   69.8930130      -18.7202797               1
       30024      140023   69.5801468      -18.7610493               1
       30024       40023   103.987648      -16.4568081               1
       40023       50014   74.8955154      -20.7988529               1
       40023       50015   75.4847717      -20.7355652               1
       40023       50016   75.8798599      -20.6622219               1
       40023       50017   77.0223160      -20.6299210               1
       40023       50018   77.9591904      -20.4687767               1
       40023       50019   79.4313889      -20.1117954               1
       40023       50020   84.0826950      -20.0963917               1
       40023       50021   90.2652512      -19.2091370               1
       40023       50022   110.676064      -18.6044407               1
       40023       60015   22.6341362      -17.9017372               1
       40023       60016   23.0292397      -17.7086926               1
       40023       60020   31.2321720      -16.9610977               1
       20023       40025   40.1314964      -17.0914097               1
       30024       40025   90.3095474      -14.6089697               1
       40025       50014   74.5756836      -20.8361015               1
       40025       50015   75.0340805      -20.7891541               1
       40025       50016   75.3080978      -20.7393398               1
       40025       50017   76.0105896      -20.7238274               1
       40025       50018   76.5181808      -20.6399651               1
       40025       50019   77.1667786      -20.4892635               1
       40025       50020   78.7304993      -20.4855862               1
       40025       50021   80.2505798      -20.2290134               1
       40025       50022   83.2450027      -20.1286812               1
       40025       50023   100.004692      -20.3846169               1
       40025       60015   22.1965332      -18.0260448               1
       40025       60016   22.4705639      -17.8927956               1
       40025       60017   23.1730576      -17.9282036               1
       40025       60018   23.6806622      -17.7171497               1
       40025       60019   24.3292904      -17.3170815               1
       40025       60020   25.8930035      -17.4974709               1
       40025       60021   27.4131451      -16.9120674               1
       40025       60022   30.4075794      -16.9640331               1
       40025       60023   47.1671600      -18.6311493               1
       40025       60024   78.0094910      -16.8307095               1
       40025       70024   66.6861115      -16.7143326               1
       40025       80024   62.4369698      -16.4668846               1
       40025       90024   60.5945587      -16.5382290               1
       40025      100023   27.5308208      -18.6523132               1
       40025      100024   58.3731918      -16.2350349               1
       40025      110024   57.7962036      -16.3395500               1
       40025      120024   57.1644440      -16.3157463               1
       40025      130024   56.6177330      -16.2946453               1
       40025      140024   56.2713852      -16.3292294               1
       40025      150024   55.8129807      -16.3553314               1
       20023       50024   78.8793106      -18.5262642               1
       40023       50024   144.505508      -19.8226738               1
       40025       50024   130.846741      -18.8979015               1
       30024       50026   33.6268044      -15.3537273               1
       40023       50026   85.4042435      -20.3403282               1
       40025       50026   114.289558      -18.9325790               1
       50026       60015   44.8403549      -14.5761261               1
       50026       60016   45.0884628      -14.5318527               1
       50026       60017   45.6764412      -14.5820522               1
       50026       60018   46.0721512      -14.5209999               1
       50026       60019   46.5274734      -14.4006310               1
       50026       60020   47.4840355      -14.4914255               1
       50026       60021   48.2989197      -14.3308821               1
       50026       60022   49.6459885      -14.3770952               1
       50026       60023   55.4913292      -15.0369129               1
       50026       60024   62.8873405      -14.7866955               1
       50026       70024   35.0705681      -15.9716644               1
       50026      120024   19.4760571      -15.2340689               1
       50026      150024   18.0469894      -15.3098860               1
       30024       60025   64.0509415      -16.1347675               1
       40023       60025   47.1468315      -18.6331711               1
       50026       60025   84.3769913      -14.9460001               1
       60025       70016   53.7303619      -21.8162041               1
       60025       70017   54.5111046      -21.7809582               1
       60025       70018   55.0558281      -21.6478291               1
       60025       70019   55.7312355      -21.4208469               1
       60025       70020   57.3241310      -21.3901653               1
       60025       70021   58.8584824      -21.0128136               1
       60025       70022   61.8648300      -20.8389797               1
       60025       70023   78.6441727      -21.0134563               1
       60025       70024   109.496277      -19.0590763               1
       60025       80017   21.2781734      -20.3107395               1
       60025       80018   21.8229084      -20.0115719               1
       60025       80019   22.4983387      -19.4984283               1
       60025       80020   24.0912342      -19.5525360               1
       60025       80021   25.6256294      -18.7958412               1
       60025       80022   28.6319904      -18.6530209               1
       60025       80023   45.4112892      -19.7628880               1
       60025       80024   76.2636337      -17.4627781               1
       60025       90018   12.8840265      -21.4633884               1
       60025       90019   13.5594425      -20.5396442               1
       60025       90020   15.1523390      -20.5162125               1
       60025       90021   16.6867199      -19.2655525               1
       60025       90022   19.6930790      -18.9861984               1
       60025       90023   36.4723930      -20.2147980               1
       60025       90024   67.3247147      -17.4022026               1
       60025      100023   29.6598873      -18.4688110               1
       60025      100024   60.5123825      -16.2297726               1
       60025      110023   28.3758602      -18.9541492               1
       60025      110024   59.2283249      -16.4137535               1
       60025      120023   27.2176361      -18.9203186               1
       60025      120024   58.0701065      -16.3472271               1
       60025      130023   26.3315411      -18.8819294               1
       60025      130024   57.1840172      -16.2896786               1
       60025      140023   25.8309231      -19.0144367               1
       60025      140024   56.6833916      -16.3271694               1
       60025      150024   56.0905037      -16.3518009               1
       50026       60027   88.3124390      -14.8532810               1
       60027       70016   53.4206886      -21.8656826               1
       60027       70017   54.0033607      -21.8342819               1
       60027       70018   54.3741646      -21.7389317               1
       60027       70019   54.7715378      -21.5994759               1
       60027       70020   55.5359268      -21.5557079               1
       60027       70021   56.1388588      -21.3669662               1
       60027       70022   57.0426254      -21.2687359               1
       60027       70023   60.4483757      -21.1858196               1
       60027       70024   64.0661850      -20.6556301               1
       60027       70025   71.8564072      -19.9572601               1
       60027       80024   30.8452625      -18.4268837               1
       60027       80026   63.6932182      -16.8677769               1
       60027       90026   54.7652893      -16.6941738               1
       60027      100026   47.9885330      -15.1178837               1
       60027      110026   46.7227974      -15.3166428               1
       60027      120026   45.5953293      -15.2062235               1
       60027      130026   44.7468262      -15.1117868               1
       60027      140026   44.2815285      -15.1424026               1
       60027      150026   43.7585297      -15.1559010               1
       60027      160026   43.4937553      -15.2029686               1
       60027      170026   42.9110832      -15.1520157               1
       60025       70026   92.9585266      -19.1299820               1
       60027       70026   96.9139099      -18.8755569               1
       70026       80017   65.5702591      -16.7158909               1
       70026       80018   66.0284195      -16.6550217               1
       70026       80019   66.5276794      -16.5502014               1
       70026       80020   67.5306473      -16.5864067               1
       70026       80021   68.3678284      -16.4438801               1
       70026       80022   69.7332230      -16.4359074               1
       70026       80023   75.6082153      -16.7633457               1
       70026       80024   83.0192413      -16.4195251               1
       70026       80025   104.523636      -16.2123737               1
       70026       90018   27.8401031      -20.9362411               1
       70026       90019   28.3393326      -20.6147518               1
       70026       90020   29.3423023      -20.5591412               1
       70026       90021   30.1794395      -20.1260662               1
       70026       90022   31.5448246      -19.9490585               1
       70026       90023   37.4198608      -20.0590858               1
       70026       90024   44.8307800      -18.8775692               1
       70026       90025   66.3350983      -17.7543182               1
       70026      100024   25.9567814      -14.5511980               1
       70026      110024   23.2719803      -15.5934649               1
       70026      120024   21.2643032      -15.3758411               1
       70026      130024   19.9037037      -15.1149206               1
       70026      140024   19.2206173      -15.2378130               1
       70026      150024   18.5118828      -15.2991705               1
       60025       70028   63.6786270      -20.4321346               1
       60027       70028   87.5992737      -17.8549633               1
       70028       80017   65.2682190      -16.7254372               1
       70028       80018   65.6328506      -16.6762638               1
       70028       80019   65.9940338      -16.5998096               1
       70028       80020   66.6250305      -16.6121712               1
       70028       80021   67.0858383      -16.5183868               1
       70028       80022   67.7155075      -16.4965057               1
       70028       80023   69.8056564      -16.5599003               1
       70028       80024   71.7519684      -16.3846035               1
       70028       80025   75.2575684      -16.1784420               1
       70028       80026   83.1212616      -15.8577089               1
       70028       90018   27.4522419      -21.0443592               1
       70028       90020   28.4443970      -20.7418728               1
       70028       90021   28.9051762      -20.4583759               1
       70028       90023   31.6249809      -20.2111588               1
       70028       90024   33.5712395      -19.6248169               1
       70028       90027   60.9983673      -15.7993317               1
       70028      100027   42.1493568      -11.7583694               1
       70028      110027   39.4768944      -12.1803083               1
       70028      120027   37.4897575      -11.8767681               1
       70028      130027   36.1538200      -11.6041622               1
       70028      140027   35.4932480      -11.6012831               1
       70028      150027   34.8275032      -11.5609989               1
       70028      160027   34.5231400      -11.5989103               1
       70028      170027   33.9114532      -11.4681330               1
       70028      180027   33.5468140      -11.5071955               1
       50026       80027   52.5307045      -15.3110781               1
       70026       80027   108.480080      -16.0912666               1
       70028       80027   99.1793671      -14.9278650               1
       80027       90018   69.4206543      -20.4099312               1
       80027       90019   69.8733139      -20.2956905               1
       80027       90020   70.6943893      -20.2733078               1
       80027       90021   71.3241272      -20.1283150               1
       80027       90022   72.2495499      -20.0641994               1
       80027       90023   75.6896057      -20.0519466               1
       80027       90024   79.3246841      -19.6735497               1
       80027       90025   87.1316986      -19.1841831               1
       80027       90026   112.204826      -18.4220257               1
       80027      100026   57.5542030      -14.1075525               1
       80027      110026   51.8856087      -15.2164602               1
       80027      120026   48.3869095      -15.1382961               1
       80027      130026   46.2641525      -14.9914427               1
       80027      140026   45.2965698      -15.0725317               1
       80027      150026   44.3912277      -15.1094790               1
       80027      160026   43.9988518      -15.1819382               1
       80027      170026   43.2359619      -15.1198664               1
       70026       80029   77.3749161      -16.6328964               1
       70028       80029   112.419441      -16.1878414               1
       80029       90018   69.1336212      -20.4592762               1
       80029       90019   69.4945145      -20.3733349               1
       80029       90020   70.0832901      -20.3630238               1
       80029       90021   70.4925537      -20.2699432               1
       80029       90022   71.0221405      -20.2388840               1
       80029       90023   72.6613083      -20.2612820               1
       80029       90024   74.0922318      -20.1242447               1
       80029       90025   76.4745407      -19.9819012               1
       80029       90026   81.1097488      -19.8295345               1
       80029       90027   88.0678406      -19.5099907               1
       80029      100028   61.5262718      -14.4075880               1
       80029      110028   55.8676758      -15.4650726               1
       80029      120028   52.3853264      -15.4084101               1
       80029      130028   50.2819901      -15.2829599               1
       80029      140028   49.3318558      -15.3590555               1
       80029      150028   48.4590797      -15.3930426               1
       80029      160028   48.0925293      -15.4546070               1
       80029      170028   47.4099770      -15.4008837               1
       80029      180028   47.0237808      -15.4569941               1
       80029      190028   46.6628647      -15.5462980               1
       60027       90028   45.4509583      -14.2800951               1
       80027       90028   102.906975      -17.5114002               1
       80029       90028   116.157051      -18.4342136               1
       90028      100020   31.6222534      -5.88496828               1
       90028      100027   64.3179703      -8.72276688               1
       90028      110027   48.4413986      -11.6173096               1
       90028      120027   41.6601257      -11.6250916               1
       90028      130027   38.1650391      -11.3389091               1
       90028      140027   36.7461052      -11.4546099               1
       90028      150027   35.5575142      -11.4732962               1
       90028      160027   35.0913963      -11.5569353               1
       90028      170027   34.2661743      -11.4170322               1
       90028      180027   33.8096504      -11.4772902               1
       80027       90030   77.9794006      -19.4000053               1
       80029       90030   101.680054      -15.1430407               1
       70028      100029   55.3891335      -15.0732698               1
       90028      100029   77.5704880      -11.6071491               1
      100029      110020   75.6829529      -22.0335274               1
      100029      110021   76.1584167      -21.9220829               1
      100029      110022   76.7384262      -21.8777142               1
      100029      110023   78.4522018      -21.8640709               1
      100029      110024   79.9190598      -21.7045059               1
      100029      110026   87.0012360      -21.2982903               1
      100029      110027   93.9747543      -20.8892250               1
      100029      110028   122.080162      -19.5475044               1
      100029      120028   74.3163681      -17.5121326               1
      100029      130028   58.4747925      -15.5876732               1
      100029      140028   53.6725998      -15.4879618               1
      100029      150028   50.6090775      -15.3942728               1
      100029      160028   49.6599159      -15.5029631               1
      100029      170028   48.3100281      -15.3642244               1
      100029      180028   47.6601982      -15.4409809               1
      100029      190028   47.1360703      -15.5539932               1
       90030      100031   90.1309586      -15.9483690               1
      100031      110020   75.1994858      -22.0723629               1
      100031      110021   75.5335770      -21.9865551               1
      100031      110022   75.8929520      -21.9507599               1
      100031      110023   76.7815628      -21.9219360               1
      100031      110024   77.4336929      -21.8295021               1
      100031      110025   78.3468781      -21.7260361               1
      100031      110026   79.7298737      -21.6010704               1
      100031      110027   81.1447449      -21.4412403               1
      100031      110028   84.5224533      -21.0259438               1
      100031      110029   90.2953644      -19.8069191               1
      100031      120021   27.7875023      -20.7338276               1
      100031      120024   29.6876373      -20.4043674               1
      100031      120030   86.9325409      -21.1599293               1
      100031      130030   71.1115952      -20.3892269               1
      100031      140030   66.3276978      -20.6535664               1
      100031      150030   63.2969017      -20.8255043               1
      100031      160030   62.3724747      -20.9900131               1
      100031      170030   61.0957756      -21.0017605               1
      100031      180030   60.5024109      -21.1126270               1
      100031      190030   60.0514374      -21.2308884               1
      100031      200030   59.4791374      -21.2551537               1
      100031      210030   59.1450462      -21.3601208               1
      100029      110030   107.633011      -16.5871124               1
      100031      110030   134.678619      -21.7114525               1
      110030      120021   58.1179619      -17.7941074               1
      110030      120022   58.5605507      -17.7586632               1
      110030      120023   59.6975517      -17.7626228               1
      110030      120024   60.5691910      -17.6405926               1
      110030      120025   61.8542747      -17.5037060               1
      110030      120026   63.9657059      -17.3261909               1
      110030      120027   66.4245987      -17.0329151               1
      110030      120028   73.3819427      -16.1152363               1
      110030      120029   90.1603851      -12.8525066               1
      110030      130029   51.7025642      -7.29805946               1
      110030      140029   42.5466423      -6.01072836               1
      100029      110032   83.9818039      -20.5881271               1
      100031      110032   122.897408      -19.4487648               1
      110032      120021   57.7940559      -17.8441772               1
      110032      120022   58.1316032      -17.8170662               1
      110032      120023   58.9000931      -17.8244057               1
      110032      120024   59.4302063      -17.7526932               1
      110032      120025   60.1305313      -17.6818581               1
      110032      120026   61.1101608      -17.6097088               1
      110032      120027   62.0062904      -17.5134773               1
      110032      120028   63.8879204      -17.2748814               1
      110032      120029   66.5249710      -16.5746288               1
      110032      120030   81.8099823      -17.8677940               1
      110032      130031   66.9880066      -14.6646042               1
       90030      120031   67.5046310      -20.1630840               1
      110030      120031   117.199242      -19.6023560               1
      110032      120031   105.434738      -16.7274685               1
      120031      130022   49.1813736      -17.8394318               1
      120031      130023   50.1587410      -17.8694363               1
      120031      130024   50.8517647      -17.7744122               1
      120031      130025   51.8024025      -17.6851406               1
      120031      130026   53.2184067      -17.6006908               1
      120031      130027   54.6494675      -17.4654694               1
      120031      130028   58.0439644      -17.0903549               1
      120031      130029   63.8268318      -15.7190180               1
      120031      130030   108.229477      -19.7658691               1
      120031      140023   21.1192589      -16.4259434               1
      120031      140024   21.8122864      -16.2502747               1
      120031      140030   79.1899719      -20.0763397               1
      120031      150030   67.8291931      -20.3715630               1
      120031      160030   65.2478867      -20.7594643               1
      120031      170030   62.5061951      -20.7736187               1
      120031      180030   61.4141769      -20.9693165               1
      120031      190030   60.6894722      -21.1490021               1
      120031      200030   59.8970413      -21.1831093               1
      120031      210030   59.4723015      -21.3187523               1
      110030      120033   68.7884827      -17.3477917               1
      110032      120033   96.8049698      -16.9222755               1
      120033      130022   48.8178940      -17.8711700               1
      120033      130023   49.5105743      -17.8793278               1
      120033      130024   49.9527054      -17.8060303               1
      120033      130025   50.4976463      -17.7349453               1
      120033      130026   51.1943054      -17.6641541               1
      120033      130027   51.7585564      -17.5802574               1
      120033      130028   52.7967529      -17.3922157               1
      120033      130029   54.0193558      -16.9362068               1
      120033      130030   59.8426819      -17.3059025               1
      120033      130031   66.2696915      -16.5475349               1
      120033      140031   37.2408524      -14.6962366               1
      120033      140032   58.8325157      -15.8283577               1
      120033      150032   47.4900665      -15.2328415               1
      120033      160032   44.9220123      -15.4987583               1
      120033      170031   20.6270790      -12.4617176               1
      120033      170032   42.2186584      -15.1821337               1
      120033      180032   41.1551285      -15.3214731               1
      120033      190032   40.4654884      -15.4796925               1
      120033      200032   39.7474785      -15.4272976               1
      120033      210032   39.3821373      -15.5557594               1
      120033      220031   17.4519634      -12.8449574               1
      120033      220032   39.0435753      -15.5746660               1
      120033      230032   38.3508949      -15.5226574               1
      120031      130032   96.4667358      -16.6437702               1
      120033      130032   87.8614120      -16.8506584               1
      130032      140023   51.1074104      -17.0736923               1
      130032      140024   51.6963539      -16.9955444               1
      130032      140025   52.4496803      -16.9233627               1
      130032      140026   53.4753304      -16.8559265               1
      130032      140027   54.3937073      -16.7586517               1
      130032      140028   56.2980423      -16.5127296               1
      130032      140029   58.9480247      -15.7536345               1
      130032      140030   74.2598572      -17.3498764               1
      130032      140031   97.8970718      -16.2457333               1
      130032      150031   63.0010757      -15.1060333               1
      120031      130034   58.3430862      -16.6922550               1
      120033      130034   94.3182449      -13.9060154               1
      130034      140023   50.6405449      -17.0975952               1
      130034      140024   51.0605164      -17.0388985               1
      130034      140025   51.5510139      -16.9857731               1
      130034      140026   52.1373596      -16.9373875               1
      130034      140027   52.5711517      -16.8791428               1
      130034      140028   53.2925072      -16.7521172               1
      130034      140029   54.0356674      -16.4611435               1
      130034      140030   57.0776329      -16.5418873               1
      130034      140031   59.7925987      -16.0371017               1
      130034      140032   66.0307693      -15.7968464               1
      130034      150024   16.1794262      -14.3057079               1
      130034      150032   31.1498260      -12.9863749               1
      130034      150033   60.8859978      -10.8073082               1
      130034      160033   55.0893707      -10.7676687               1
      130034      170033   50.2382812      -9.79369926               1
      130034      180033   48.5498924      -9.77218723               1
      130034      190033   47.5593071      -9.82787895               1
      130034      200033   46.6388664      -9.64706135               1
      130034      210033   46.2029457      -9.72064781               1
      130034      220033   45.8276596      -9.68812656               1
      130034      230033   45.1266899      -9.54514599               1
      130034      240033   44.7067070      -9.54123402               1
      110032      140033   49.2129021      -14.9418526               1
      130032      140033   89.2906036      -16.4107151               1
      130034      140033   95.7665558      -13.5387897               1
      140033      150024   35.4924660      -11.7636366               1
      140033      150025   36.0956612      -11.7554493               1
      140033      150026   36.8418770      -11.7733955               1
      140033      150027   37.4296608      -11.7469006               1
      140033      150028   38.4915047      -11.6464243               1
      140033      150029   39.7274513      -11.1990852               1
      140033      150030   45.5777969      -12.4222126               1
      140033      150031   52.0174141      -12.0578365               1
      140033      150032   73.6198959      -13.7368965               1
      140033      160030   27.8823338      -14.7028246               1
      140033      160031   34.3219032      -13.7226896               1
      140033      160032   55.9245262      -15.2899313               1
      140033      170031   24.4890976      -11.8974314               1
      140033      170032   46.0916328      -14.6544924               1
      140033      180031   21.6281376      -12.3593903               1
      140033      180032   43.2307129      -15.0680666               1
      140033      190031   20.1392536      -12.8385181               1
      140033      190032   41.7418594      -15.3958473               1
      140033      200031   18.8994408      -12.5132036               1
      140033      200032   40.5020332      -15.3223286               1
      140033      210031   18.3419743      -12.8718376               1
      140033      210032   39.9445877      -15.5262117               1
      140033      220031   17.8792038      -12.8724298               1
      140033      220032   39.4818192      -15.5575924               1
      140033      230032   38.6359215      -15.4956503               1
      130032      140035   60.0363617      -16.5179710               1
      130034      140035   90.3350906      -13.8199053               1
      140035      150024   35.1563263      -11.8008232               1
      140035      150025   35.6297607      -11.8069315               1
      140035      150026   36.1697235      -11.8379383               1
      140035      150027   36.5457344      -11.8347540               1
      140035      150028   37.1306648      -11.7981844               1
      140035      150029   37.6837502      -11.5906057               1
      140035      150030   39.7356911      -12.0229483               1
      140035      150031   41.3525658      -11.8382816               1
      140035      150032   44.3764381      -12.1135626               1
      140035      150033   54.2820282      -11.8468533               1
      140035      160034   56.9859924      -11.1972198               1
      140035      170034   47.1717491      -9.72321606               1
      140035      180034   44.3241768      -9.80543995               1
      140035      190034   42.8512077      -9.93645191               1
      140035      200034   41.6436920      -9.70389557               1
      140035      210034   41.1109467      -9.81837749               1
      140035      220034   40.6819801      -9.78308487               1
      140035      230034   39.9408073      -9.61115074               1
      140035      240034   39.5187569      -9.60173130               1
      140035      250034   39.0453224      -9.56949329               1
      120033      150034   53.9475975      -10.2782450               1
      140033      150034   80.0966949      -10.5197411               1
      140035      150034   74.6750412      -10.6370430               1
      150034      160025   59.1813583      -17.3979340               1
      150034      160026   59.8399124      -17.3464870               1
      150034      160027   60.3068542      -17.2896824               1
      150034      160028   61.0604973      -17.1704712               1
      150034      160029   61.8212929      -16.9056244               1
      150034      160030   64.8986740      -16.9561520               1
      150034      160031   67.6296005      -16.4901619               1
      150034      160032   73.8816910      -16.2367115               1
      150034      160033   103.632469      -14.0229816               1
      150034      170026   17.9124126      -10.7770977               1
      150034      170027   18.3793621      -10.7576122               1
      150034      170028   19.1330376      -10.6344633               1
      150034      170029   19.8939285      -10.0614147               1
      150034      170030   22.9712276      -11.1210518               1
      150034      170031   25.7022839      -10.5149145               1
      150034      170032   31.9543781      -11.0980129               1
      150034      170033   61.7057381      -9.85772610               1
      150034      180032   23.7015362      -11.5179176               1
      150034      180033   53.4528847      -9.85242176               1
      150034      190033   50.1263542      -9.99586487               1
      150034      200033   47.9696083      -9.61724472               1
      150034      210033   47.1282425      -9.77907944               1
      150034      220033   46.5163918      -9.74083042               1
      150034      230033   45.5552902      -9.55574036               1
      150034      240033   45.0305252      -9.55310249               1
      140033      150036   44.6337204      -11.3708582               1
      140035      150036   68.8280563      -6.83126879               1
      150036      160025   58.7946129      -17.4533405               1
      150036      160026   59.3038025      -17.4212761               1
      150036      160027   59.6304054      -17.3881168               1
      150036      160028   60.0973930      -17.3247662               1
      150036      160029   60.4981003      -17.1889286               1
      150036      160030   61.8403168      -17.2155323               1
      150036      160031   62.7884369      -17.0332737               1
      150036      160032   64.3006821      -16.9493694               1
      150036      160033   68.1853409      -16.3991375               1
      150036      160034   73.7626495      -15.3563452               1
      150036      170026   17.3947372      -10.8328228               1
      150036      170027   17.7213478      -10.8426733               1
      150036      170028   18.1883488      -10.8014116               1
      150036      170029   18.5891037      -10.4999561               1
      150036      170031   20.8794556      -10.7656097               1
      150036      170032   22.3917007      -10.9479628               1
      150036      170035   50.4768219      -4.68194103               1
      150036      180035   42.2373276      -3.66333055               1
      150036      190035   38.9261703      -3.31673217               1
      150036      200035   36.7997322      -2.44028783               1
      150036      210035   35.9808044      -2.48221898               1
      150036      220035   35.3987007      -2.31231260               1
      150036      230035   34.5255089      -1.89295030               1
      150036      240035   34.0702667      -1.78009892               1
      150036      250035   33.5917397      -1.63384032               1
      150036      260035   33.0825844      -1.44783807               1
      130034      160035   49.6578560      -10.9759588               1
      150034      160035   98.2156601      -14.3066568               1
      150036      160035   92.3836823      -11.7014017               1
      160035      170026   39.1386032      -8.53439045               1
      160035      170027   39.5546074      -8.56493187               1
      160035      170028   40.1775818      -8.57974434               1
      160035      170029   40.7510605      -8.42565441               1
      160035      170030   42.8430252      -8.98573875               1
      160035      170031   44.4777908      -8.92200565               1
      160035      170032   47.5170288      -9.36597919               1
      160035      170033   57.4391327      -9.58777046               1
      160035      170034   77.8416595      -9.01860332               1
      160035      180034   54.1203270      -9.61429977               1
      160035      190034   47.1653786      -10.1015339               1
      160035      200034   43.6142235      -9.55179977               1
      160035      210034   42.3884621      -9.86170673               1
      160035      220034   41.5899391      -9.83265305               1
      160035      230034   40.4804649      -9.60781193               1
      160035      240034   39.9189186      -9.60510445               1
      160035      250034   39.3326187      -9.57359219               1
      150034      160037   67.7726517      -16.6222916               1
      150036      160037   118.418633      -18.8609047               1
      160037      170026   38.7000504      -8.50364685               1
      160037      170027   39.0097198      -8.53236008               1
      160037      170028   39.4281960      -8.55261326               1
      160037      170029   39.7652855      -8.46566677               1
      160037      170030   40.8210297      -8.76622009               1
      160037      170031   41.5180626      -8.73911667               1
      160037      170032   42.5263290      -8.91911316               1
      160037      170033   44.7625771      -9.03028488               1
      160037      170034   47.4234161      -8.93461418               1
      160037      170035   53.5775108      -8.15251446               1
      160037      180035   29.8686619      -8.54268742               1
      160037      180036   74.3604889      -18.1423149               1
      160037      190036   67.4203720      -19.3589687               1
      160037      200036   63.8968315      -19.4967422               1
      160037      210036   62.6916199      -19.8947220               1
      160037      220036   61.9195633      -20.0014133               1
      160037      230036   60.8862305      -20.0335960               1
      160037      240036   60.3836403      -20.1175308               1
      160037      250035   15.3877382      -7.46319199               1
      160037      250036   59.8801880      -20.1863842               1
      160037      260036   59.3699150      -20.2395916               1
      160037      270036   59.0602531      -20.2821598               1
      140035      170036   41.3253708      -3.25530624               1
      160035      170036   72.0115128      -5.24873734               1
      160037      170036   98.0683517      -15.6084042               1
      170036      180027   59.6212425      -15.9868107               1
      170036      180028   60.1580467      -15.9342194               1
      170036      180029   60.5948029      -15.8001289               1
      170036      180030   62.0054054      -15.8638458               1
      170036      180031   62.9834061      -15.6990509               1
      170036      180032   64.5209045      -15.6478395               1
      170036      180033   68.4320908      -15.1732521               1
      170036      180034   74.0243530      -14.2258520               1
      170036      180035   92.6556549      -10.8074532               1
      170036      190035   54.4056511      -8.04013348               1
      170036      200035   42.4034996      -3.72009873               1
      170036      210035   39.1397896      -3.73006344               1
      170036      220035   37.4401474      -3.21538305               1
      170036      240035   34.8494682      -2.09733152               1
      170036      250035   34.1297798      -1.86065483               1
      170036      260035   33.4399490      -1.59222472               1
      160035      170038   47.1102028      -8.51132774               1
      160037      170038   84.6939850      -13.0165710               1
      170038      180027   59.2857780      -16.0346661               1
      170038      180028   59.7081718      -16.0044441               1
      170038      180029   60.0207405      -15.9170055               1
      170038      180030   60.9235039      -15.9848623               1
      170038      180031   61.4799500      -15.9071846               1
      170038      180032   62.2150192      -15.9174089               1
      170038      180033   63.6478462      -15.8241806               1
      170038      180034   65.1216125      -15.6474400               1
      170038      180035   67.7761765      -15.1157904               1
      170038      180036   81.3798599      -16.7498493               1
      170038      190037   67.1183014      -17.3120518               1
      170038      200037   55.1336594      -16.0064335               1
      170038      220037   50.2019577      -16.8371773               1
      170038      240037   47.6985893      -16.7475262               1
      170038      250037   47.0309448      -16.7890778               1
      170038      260037   46.4139328      -16.8042545               1
      170038      270037   46.0729523      -16.8279076               1
      170038      280037   45.6505623      -16.8747768               1
      150036      180037   68.2697754      -19.1470547               1
      160035      180037   29.8367043      -8.54001522               1
      170036      180037   118.714127      -18.1455173               1
      170038      180037   105.358727      -16.3815479               1
      180037      190028   45.4442139      -14.6233206               1
      180037      190029   45.8300171      -14.4889679               1
      180037      190030   46.9765625      -14.6263437               1
      180037      190031   47.7127724      -14.5107994               1
      180037      190032   48.7538757      -14.5501108               1
      180037      190035   59.8703804      -12.8198509               1
      180037      190036   104.381744      -17.8358231               1
      180037      200036   74.6353607      -17.6700344               1
      180037      210036   68.0657425      -19.4468479               1
      180037      220036   65.1542358      -19.8015709               1
      180037      230036   62.5195045      -19.8476944               1
      180037      240036   61.5117683      -19.9997501               1
      180037      250035   16.1329422      -7.76490784               1
      180037      250036   60.6443977      -20.1086845               1
      180037      260036   59.8709145      -20.1806469               1
      180037      270036   59.4527321      -20.2328243               1
      170036      180039   68.7444458      -15.4088936               1
      170038      180039   89.7679443      -13.5835848               1
      180039      190028   45.0357437      -14.6259766               1
      180039      190029   45.3210831      -14.5224676               1
      180039      190030   46.0814857      -14.5943766               1
      180039      190031   46.5193634      -14.5079851               1
      180039      190032   47.0479355      -14.5085878               1
      180039      190033   47.9543266      -14.4064169               1
      180039      190036   54.4345551      -14.0920048               1
      180039      190037   59.8488121      -13.3681479               1
      180039      200038   45.7350349      -8.41322613               1
      180039      210038   39.1787071      -9.94639778               1
      180039      220038   36.2849731      -9.82406712               1
      180039      230038   33.6996002      -9.14575863               1
      180039      250037   16.2986183      -9.86199856               1
      180039      250038   31.9107094      -9.02440643               1
      180039      260037   15.5926914      -9.65528679               1
      180039      260038   31.2047863      -8.90216637               1
      180039      270037   15.2301435      -9.58336067               1
      180039      270038   30.8422375      -8.85779572               1
      180039      280037   14.8132095      -9.54403687               1
      180039      280038   30.4253044      -8.82870770               1
      180039      290038   30.1399460      -8.92946720               1
      180037      190038   91.0281601      -15.7492771               1
      180039      190038   75.4607468      -12.2885647               1
      190038      200036   62.9006538      -5.69381857               1
      190038      200037   86.8887558      -8.29723167               1
      190038      210037   62.2668953      -14.6380806               1
      190038      220037   55.2319984      -15.9083776               1
      190038      250037   47.8920021      -16.5717354               1
      190038      260037   46.9484215      -16.6573544               1
      190038      270037   46.4814529      -16.7107258               1
      190038      280037   45.9532204      -16.7840290               1
      180039      190040   91.0544891      -15.8901691               1
      190040      200038   56.9960480      -1.93156230               1
      190040      210039   62.3271942      -14.8419237               1
      190040      220039   55.3063698      -16.1367588               1
      190040      230039   50.6632652      -16.3688622               1
      190040      240039   49.1910553      -16.6584740               1
      190040      250039   48.0700836      -16.8327217               1
      190040      260039   47.1765862      -16.9221439               1
      190040      270039   46.7497902      -16.9750175               1
      190040      280039   46.2901535      -17.0432320               1
      190040      290039   45.9939919      -17.1676884               1
      190040      300039   45.2485352      -17.1448078               1
      170038      200039   39.5434570      -9.50681973               1
      190038      200039   71.3214493      -3.00788999               1
      190040      200039   86.9376831      -8.44825554               1
      200039      210030   62.5807419      -18.7974548               1
      200039      210031   63.0880394      -18.6914120               1
      200039      210032   63.6718445      -18.6554546               1
      200039      210033   64.6326065      -18.5170345               1
      200039      210034   65.4742126      -18.3405552               1
      200039      210035   66.6550751      -17.9517231               1
      200039      210036   71.1874542      -17.8924503               1
      200039      210037   76.6168671      -17.0556488               1
      200039      210038   92.2421188      -15.5473413               1
      200039      220032   25.9451199      -19.4662628               1
      200039      220038   54.5155907      -13.7822981               1
      200039      230038   39.4938622      -10.0813179               1
      200039      250037   18.1679993      -10.4589262               1
      200039      250038   33.7937431      -9.39208889               1
      200039      260038   32.2686043      -9.06936073               1
      200039      270038   31.6188393      -8.96158791               1
      200039      280038   30.9794750      -8.88895512               1
      200039      290038   30.5928879      -9.01035595               1
      180039      210040   54.7722588      -16.6005878               1
      200039      210040   107.861183      -18.1162529               1
      210040      220031   55.4202957      -16.8893929               1
      210040      220032   55.9625626      -16.8705616               1
      210040      220033   56.7920303      -16.7709103               1
      210040      220034   57.4708214      -16.6414967               1
      210040      220035   58.3265419      -16.3572826               1
      210040      220036   61.2220840      -16.4182987               1
      210040      220037   64.2304382      -15.9744329               1
      210040      220038   70.5659485      -15.4179468               1
      210040      220039   100.529510      -17.0368538               1
      210040      230039   61.2059288      -15.7208138               1
      210040      240039   54.4603844      -16.3436165               1
      210040      250038   20.8993835      -10.6809340               1
      210040      250039   50.8626175      -16.6712761               1
      210040      260038   18.6787262      -10.2854939               1
      210040      260039   48.6419563      -16.7929058               1
      210040      270038   17.8193474      -10.1663513               1
      210040      270039   47.7825813      -16.8655109               1
      210040      280038   17.0444260      -10.1032858               1
      210040      280039   47.0076714      -16.9530792               1
      210040      290038   16.6112270      -10.3989964               1
      210040      290039   46.5745125      -17.1222553               1
      210040      300039   45.6089668      -17.0881081               1
