         792
       10020       20011   50.2939262      -18.4668827               1
       10020       20012   50.8585625      -18.5092220               1
       10020       20013   51.4813957      -18.4852772               1
       10020       20014   52.0369339      -18.3826370               1
       10020       20015   53.1726685      -18.2457085               1
       10020       20016   54.2992668      -17.9657288               1
       10020       20017   59.0673485      -17.6017799               1
       10020       20018   65.3308792      -15.8141193               1
       10020       20019   91.0848312      -9.11602306               1
       10020       30012   21.5758228      -19.0572948               1
       10020       30013   22.1986523      -18.9863853               1
       10020       30014   22.7541885      -18.7394218               1
       10020       30015   23.8899212      -18.4176960               1
       10020       30016   25.0165215      -17.8022442               1
       10020       30017   29.7846088      -17.1066475               1
       10020       30018   36.0482712      -13.9528685               1
       10020       30019   61.8038254      -4.85688829               1
       10022       20011   50.0247345      -18.5085773               1
       10022       20012   50.4886017      -18.5594711               1
       10022       20013   50.9689751      -18.5657368               1
       10022       20014   51.3527603      -18.5193233               1
       10022       20015   52.0217209      -18.4929543               1
       10022       20016   52.5595245      -18.4116783               1
       10022       20017   54.3753738      -18.4993877               1
       10022       20018   56.1130371      -18.1846962               1
       10022       20019   59.6019173      -17.3319283               1
       10022       20020   74.5888138      -18.9359894               1
       10022       30012   21.2131481      -19.1824856               1
       10022       30013   21.6935215      -19.1834106               1
       10022       30014   22.0773067      -19.0647144               1
       10022       30015   22.7462673      -18.9883652               1
       10022       30016   23.2840672      -18.7934570               1
       10022       30017   25.0999184      -18.9558506               1
       10022       30018   26.8375778      -18.2683239               1
       10022       30019   30.3264771      -16.5827217               1
       10022       30020   45.3133736      -19.4709072               1
       10022       30021   75.7185974      -17.3431187               1
       10022       40021   63.4661903      -16.5753212               1
       10022       50021   60.7556725      -17.0037594               1
       10022       60021   58.6967697      -16.8706379               1
       10022       70021   57.5004730      -16.8637066               1
       10022       80021   56.7229767      -16.7703743               1
       10022       90021   56.2412071      -16.7947502               1
       10022      100021   55.3093987      -16.6527653               1
       10022      110021   54.9693604      -16.6898727               1
       10022      120021   54.5055008      -16.6272507               1
       10020       20021   112.200127      -19.1719494               1
       10022       20021   104.994049      -17.5564003               1
       20021       30012   50.0333252      -13.8855114               1
       20021       30013   50.6070023      -13.9359980               1
       20021       30014   51.0762634      -13.9137335               1
       20021       30015   51.9340591      -13.9418974               1
       20021       30016   52.6773682      -13.8806686               1
       20021       30017   55.4153824      -14.1701880               1
       20021       30018   58.3700562      -13.7894869               1
       20021       30019   65.9681473      -12.3425989               1
       20021       30020   111.709747      -17.0720768               1
       20021       40020   76.5619812      -17.9782143               1
       20021       50020   70.7990265      -19.3009186               1
       20021       60020   67.2498856      -19.4821625               1
       20021       70020   65.4771729      -19.6437035               1
       20021       80020   64.4105377      -19.6216393               1
       20021       90020   63.7824020      -19.6960468               1
       20021      100020   62.6353951      -19.6211605               1
       20021      110020   62.2281532      -19.6875267               1
       10020       20023   59.8130074      -17.7887230               1
       10022       20023   86.1722641      -13.6586962               1
       20023       30012   49.6489601      -13.8256426               1
       20023       30013   50.0917778      -13.8660326               1
       20023       30014   50.4171104      -13.8498278               1
       20023       30015   50.9264641      -13.8617849               1
       20023       30016   51.2882538      -13.8245201               1
       20023       30017   52.3714943      -13.9264498               1
       20023       30018   53.2785797      -13.7847137               1
       20023       30019   54.7209053      -13.4267788               1
       20023       30020   59.3434753      -13.8239098               1
       20023       30021   65.4829178      -12.8839350               1
       10020       30022   45.3031540      -19.4771557               1
       20021       30022   104.508347      -15.3049984               1
       20023       30022   85.7090759      -10.8923235               1
       30022       40020   58.2215080      -13.1978216               1
       30022       40021   88.6347351      -13.5309315               1
       30022       50014   16.2177181      -15.3582773               1
       30022       50015   16.9300556      -15.3956404               1
       30022       50016   17.4863396      -15.2366991               1
       30022       50020   39.5924187      -17.9851303               1
       30022       50021   70.0055313      -16.3270874               1
       30022       60021   62.4333916      -16.5520935               1
       30022       70021   59.5102882      -16.7815628               1
       30022       80021   57.9682312      -16.6987286               1
       30022       90020   26.7228985      -19.7324886               1
       30022       90021   57.1359138      -16.7708740               1
       30022      100020   25.3685436      -19.5371132               1
       30022      100021   55.7815781      -16.6101131               1
       30022      110020   24.9264622      -19.7246532               1
       30022      110021   55.3394852      -16.6712036               1
       30022      120021   54.7735176      -16.6055050               1
       10022       30024   37.0424232      -16.5967121               1
       20021       30024   58.9101601      -13.9339685               1
       20023       30024   119.756615      -17.0043011               1
       30024       50023   85.2931900      -18.5301304               1
       30024       60023   77.7405472      -18.9270420               1
       30024       70023   74.8428192      -19.2022858               1
       30024       80023   73.3271103      -19.1889858               1
       30024       90023   72.5198441      -19.2714024               1
       30024      100023   71.2514954      -19.1993217               1
       30024      110023   70.8562546      -19.2580776               1
       30024      120023   70.3724823      -19.2326469               1
       30024      130023   69.9195938      -19.2337303               1
       30024      140023   69.6046524      -19.2650394               1
       30024       40023   103.911613      -15.7510147               1
       40023       50014   74.7370224      -21.5968647               1
       40023       50015   75.3283997      -21.5521412               1
       40023       50016   75.7234726      -21.4869137               1
       40023       50017   76.8627090      -21.4507465               1
       40023       50018   77.7976837      -21.2627869               1
       40023       50019   79.2608337      -20.8769150               1
       40023       50020   83.9076080      -20.7487602               1
       40023       50021   90.0586929      -19.5915298               1
       40023       50022   110.293922      -16.8136501               1
       40023       60015   22.5981045      -19.1823330               1
       40023       60016   22.9931870      -19.0082378               1
       40023       60020   31.1774578      -17.6723099               1
       20023       40025   40.0936394      -16.5350208               1
       30024       40025   90.2045746      -13.2721872               1
       40025       50014   74.4165878      -21.6290989               1
       40025       50015   74.8774719      -21.6019726               1
       40025       50016   75.1522598      -21.5622826               1
       40025       50017   75.8551636      -21.5611439               1
       40025       50018   76.3639679      -21.4777317               1
       40025       50019   77.0114059      -21.3432827               1
       40025       50020   78.5800171      -21.3908882               1
       40025       50021   80.0992050      -21.1609325               1
       40025       50022   83.0775604      -20.8794746               1
       40025       50023   99.8537445      -21.1790485               1
       40025       60015   22.1603260      -19.3037834               1
       40025       60016   22.4351254      -19.1989822               1
       40025       60017   23.1380215      -19.2670441               1
       40025       60018   23.6468391      -19.0470390               1
       40025       60019   24.2943077      -18.6856232               1
       40025       60020   25.8628998      -18.9914532               1
       40025       60021   27.3821316      -18.4519024               1
       40025       60022   30.3605385      -17.9474888               1
       40025       60023   47.1366234      -19.6256065               1
       40025       60024   77.9665070      -17.0438461               1
       40025       70024   66.6700745      -17.0644379               1
       40025       80024   62.4300423      -16.5878563               1
       40025       90024   60.5941963      -16.5885620               1
       40025      100023   27.5441189      -19.7072010               1
       40025      100024   58.3740807      -16.2158127               1
       40025      110024   57.7972641      -16.2765579               1
       40025      120024   57.1634827      -16.1856308               1
       40025      130024   56.6155510      -16.1404343               1
       40025      140024   56.2671471      -16.1552486               1
       40025      150024   55.8062592      -16.1464386               1
       20023       50024   78.8758316      -18.9707642               1
       40023       50024   144.371323      -20.4877491               1
       40025       50024   130.683258      -19.2722797               1
       30024       50026   33.5539856      -14.9169216               1
       40023       50026   85.2591019      -21.1052055               1
       40025       50026   114.085213      -19.4503002               1
       50026       60015   44.7694702      -13.0919981               1
       50026       60016   45.0184059      -13.0742798               1
       50026       60017   45.6072006      -13.1712198               1
       50026       60018   46.0044479      -13.1283598               1
       50026       60019   46.4597206      -13.0483007               1
       50026       60020   47.4208183      -13.2376041               1
       50026       60021   48.2367058      -13.1378632               1
       50026       60022   49.5779877      -13.1159964               1
       50026       60023   55.4327126      -13.9372301               1
       50026       60024   62.8282471      -13.5521307               1
       50026       70024   35.0575562      -16.2959843               1
       50026      120024   19.4930820      -14.8592005               1
       50026      150024   18.0587921      -14.6928425               1
       30024       60025   64.0328445      -16.1149578               1
       40023       60025   47.1161613      -19.6283360               1
       50026       60025   84.2592773      -14.1495380               1
       60025       70016   53.7231483      -22.2349319               1
       60025       70017   54.5039139      -22.2277966               1
       60025       70018   55.0498314      -22.0992451               1
       60025       70019   55.7239952      -21.9008636               1
       60025       70020   57.3218307      -21.9526100               1
       60025       70021   58.8553085      -21.6216183               1
       60025       70022   61.8455276      -21.2204628               1
       60025       70023   78.6414337      -21.5287590               1
       60025       70024   109.481079      -19.1532974               1
       60025       80017   21.2557087      -20.9390202               1
       60025       80018   21.8016357      -20.6466942               1
       60025       80019   22.4758167      -20.1984215               1
       60025       80020   24.0736465      -20.4346275               1
       60025       80021   25.6071548      -19.7647858               1
       60025       80022   28.5974140      -19.0913887               1
       60025       80023   45.3932648      -20.4132710               1
       60025       80024   76.2332077      -17.4530506               1
       60025       90018   12.8734455      -22.5543423               1
       60025       90019   13.5476074      -21.7157173               1
       60025       90020   15.1454439      -21.9310932               1
       60025       90021   16.6789303      -20.7650967               1
       60025       90022   19.6691761      -19.6339588               1
       60025       90023   36.4650497      -21.0295849               1
       60025       90024   67.3049622      -17.3942795               1
       60025      100023   29.6644573      -19.5949039               1
       60025      100024   60.5045700      -16.2822800               1
       60025      110023   28.3858204      -20.0405750               1
       60025      110024   59.2258987      -16.4243641               1
       60025      120023   27.2271576      -19.8372002               1
       60025      120024   58.0672607      -16.2568474               1
       60025      130023   26.3411312      -19.7599754               1
       60025      130024   57.1812477      -16.1657944               1
       60025      140023   25.8385105      -19.8524208               1
       60025      140024   56.6786232      -16.1760654               1
       60025      150024   56.0832863      -16.1555538               1
       50026       60027   88.2713242      -14.0978670               1
       60027       70016   53.4123573      -22.2586861               1
       60027       70017   53.9957161      -22.2481480               1
       60027       70018   54.3680687      -22.1554718               1
       60027       70019   54.7656326      -22.0343914               1
       60027       70020   55.5342674      -22.0367737               1
       60027       70021   56.1385689      -21.8713055               1
       60027       70022   57.0390816      -21.7167702               1
       60027       70023   60.4520950      -21.6175404               1
       60027       70024   64.0706863      -20.9065189               1
       60027       70025   71.8458786      -20.2416039               1
       60027       80024   30.8346462      -18.5948792               1
       60027       80026   63.6990128      -17.0230103               1
       60027       90026   54.7818222      -16.8798218               1
       60027      100026   48.0173454      -15.4128027               1
       60027      110026   46.7571335      -15.5681038               1
       60027      120026   45.6294098      -15.3398819               1
       60027      130026   44.7810516      -15.2092180               1
       60027      140026   44.3138962      -15.2101259               1
       60027      150026   43.7885895      -15.1754112               1
       60027      160026   43.5230560      -15.2010307               1
       60027      170026   42.9397087      -15.1184025               1
       60025       70026   92.9026031      -19.3510818               1
       60027       70026   96.9348145      -19.0898685               1
       70026       80017   65.5441895      -16.7782822               1
       70026       80018   66.0039062      -16.7234974               1
       70026       80019   66.5029984      -16.6400681               1
       70026       80020   67.5106506      -16.7289238               1
       70026       80021   68.3488693      -16.6143093               1
       70026       80022   69.7084045      -16.5324268               1
       70026       80023   75.5929642      -16.8736629               1
       70026       80024   83.0035248      -16.3198776               1
       70026       80025   104.449455      -16.2347851               1
       70026       90018   27.8013763      -21.0489807               1
       70026       90019   28.3004417      -20.7766533               1
       70026       90020   29.3081074      -20.8391075               1
       70026       90021   30.1462917      -20.4649677               1
       70026       90022   31.5057907      -20.1176376               1
       70026       90023   37.3903999      -20.2432728               1
       70026       90024   44.8008118      -18.6598969               1
       70026       90025   66.2466888      -17.7682056               1
       70026      100024   25.9523048      -14.9589272               1
       70026      110024   23.2839241      -15.9729929               1
       70026      120024   21.2784157      -15.3456593               1
       70026      130024   19.9195824      -14.9278736               1
       70026      140024   19.2344971      -14.9270935               1
       70026      150024   18.5232449      -14.8026705               1
       60025       70028   63.6757011      -20.8261127               1
       60027       70028   87.6218262      -18.0263577               1
       70028       80017   65.2413330      -16.7734299               1
       70028       80018   65.6075211      -16.7299004               1
       70028       80019   65.9690247      -16.6708546               1
       70028       80020   66.6038971      -16.7222958               1
       70028       80021   67.0661697      -16.6487122               1
       70028       80022   67.6940155      -16.6045189               1
       70028       80023   69.7895660      -16.6780586               1
       70028       80024   71.7366333      -16.4251919               1
       70028       80025   75.2365341      -16.2732716               1
       70028       80026   83.1060562      -15.9668970               1
       70028       90018   27.4127560      -21.1238232               1
       70028       90020   28.4091167      -20.9518948               1
       70028       90021   28.8713684      -20.7132416               1
       70028       90023   31.5947495      -20.4277115               1
       70028       90024   33.5417404      -19.6692410               1
       70028       90027   60.9886894      -15.7269707               1
       70028      100027   42.1653671      -12.1428413               1
       70028      110027   39.5094414      -12.5498371               1
       70028      120027   37.5246429      -12.0170355               1
       70028      130027   36.1905632      -11.6659718               1
       70028      140027   35.5281334      -11.6024561               1
       70028      150027   34.8600426      -11.4739733               1
       70028      160027   34.5549622      -11.4764338               1
       70028      170027   33.9428558      -11.2955503               1
       70028      180027   33.5766602      -11.3208618               1
       50026       80027   52.5506897      -15.5426502               1
       70026       80027   108.482697      -16.1169987               1
       70028       80027   99.1838608      -14.8987894               1
       80027       90018   69.3441086      -20.7351646               1
       80027       90019   69.7968521      -20.6409988               1
       80027       90020   70.6223679      -20.6623516               1
       80027       90021   71.2535553      -20.5388813               1
       80027       90022   72.1756744      -20.4326172               1
       80027       90023   75.6231918      -20.4133434               1
       80027       90024   79.2591782      -19.8918285               1
       80027       90025   87.0513153      -19.4340439               1
       80027       90026   112.156044      -18.6198597               1
       80027      100026   57.5338402      -14.8049374               1
       80027      110026   51.9072952      -15.9571419               1
       80027      120026   48.4163361      -15.5656338               1
       80027      130026   46.2985725      -15.2961206               1
       80027      140026   45.3291702      -15.2925472               1
       80027      150026   44.4213219      -15.2198162               1
       80027      160026   44.0282669      -15.2510328               1
       80027      170026   43.2653885      -15.1327477               1
       70026       80029   77.3602753      -16.7597599               1
       70028       80029   112.417099      -16.4871101               1
       80029       90018   69.0563126      -20.7746506               1
       80029       90019   69.4175568      -20.7062626               1
       80029       90020   70.0101471      -20.7316742               1
       80029       90021   70.4209824      -20.6559525               1
       80029       90022   70.9493637      -20.6090279               1
       80029       90023   72.5937958      -20.6379852               1
       80029       90024   74.0259933      -20.4419765               1
       80029       90025   76.4057465      -20.3390636               1
       80029       90026   81.0438614      -20.1923904               1
       80029       90027   88.0072021      -19.7787704               1
       80029      100028   61.5012665      -15.5647745               1
       80029      110028   55.8848457      -16.7097225               1
       80029      120028   52.4103394      -16.3986988               1
       80029      130028   50.3120651      -16.1843967               1
       80029      140028   49.3602180      -16.1951523               1
       80029      150028   48.4850731      -16.1421127               1
       80029      160028   48.1178665      -16.1726112               1
       80029      170028   47.4352493      -16.0802860               1
       80029      180028   47.0474777      -16.1284447               1
       80029      190028   46.6862183      -16.1941795               1
       60027       90028   45.4691544      -14.3777094               1
       80027       90028   102.860039      -17.6716118               1
       80029       90028   116.103493      -18.8919201               1
       90028      100020   31.3989582      -4.97114372               1
       90028      100027   64.1206970      -8.14155102               1
       90028      110027   48.4168434      -12.2198095               1
       90028      120027   41.6718559      -12.0047693               1
       90028      130027   38.1949844      -11.6423845               1
       90028      140027   36.7771454      -11.6493883               1
       90028      150027   35.5877991      -11.5032091               1
       90028      160027   35.1216011      -11.5262909               1
       90028      170027   34.2974930      -11.3054647               1
       90028      180027   33.8396263      -11.3420839               1
       80027       90030   77.9016647      -19.5484772               1
       80029       90030   101.525414      -14.1942339               1
       70028      100029   55.3983421      -16.0242558               1
       90028      100029   77.3662262      -11.6057816               1
      100029      110020   75.6865463      -22.7253838               1
      100029      110021   76.1635895      -22.6320610               1
      100029      110022   76.7421112      -22.5723572               1
      100029      110023   78.4613571      -22.5606651               1
      100029      110024   79.9296188      -22.3402367               1
      100029      110026   87.0126343      -21.9551277               1
      100029      110027   93.9915314      -21.4371052               1
      100029      110028   122.104187      -20.2120819               1
      100029      120028   74.3184967      -18.3672848               1
      100029      130028   58.5033836      -16.7494297               1
      100029      140028   53.6969414      -16.5860500               1
      100029      150028   50.6300697      -16.2787018               1
      100029      160028   49.6809959      -16.3199501               1
      100029      170028   48.3350868      -16.1054192               1
      100029      180028   47.6841087      -16.1669846               1
      100029      190028   47.1603851      -16.2433376               1
       90030      100031   89.9081345      -16.0591774               1
      100031      110020   75.2013474      -22.7524395               1
      100031      110021   75.5368195      -22.6821823               1
      100031      110022   75.8955841      -22.6434460               1
      100031      110023   76.7880859      -22.6264687               1
      100031      110024   77.4415665      -22.5120544               1
      100031      110025   78.3550339      -22.4380436               1
      100031      110026   79.7384491      -22.3338356               1
      100031      110027   81.1518326      -22.1615505               1
      100031      110028   84.5213928      -21.7543736               1
      100031      110029   90.2714005      -20.4888878               1
      100031      120021   27.7690582      -21.9971867               1
      100031      120024   29.6738129      -21.5971642               1
      100031      120030   86.9169540      -22.0005493               1
      100031      130030   71.1226807      -21.4769936               1
      100031      140030   66.3346710      -21.6850147               1
      100031      150030   63.3006706      -21.6842213               1
      100031      160030   62.3763962      -21.7955112               1
      100031      170030   61.1037560      -21.7478313               1
      100031      180030   60.5094147      -21.8466129               1
      100031      190030   60.0587807      -21.9381943               1
      100031      200030   59.4833717      -21.9171429               1
      100031      210030   59.1478996      -22.0021286               1
      100029      110030   107.556007      -15.9573259               1
      100031      110030   134.684708      -22.3835316               1
      110030      120021   58.1043129      -18.3432579               1
      110030      120022   58.5456963      -18.2970009               1
      110030      120023   59.6863708      -18.2985134               1
      110030      120024   60.5587692      -18.1183052               1
      110030      120025   61.8425140      -17.9915180               1
      110030      120026   63.9526901      -17.7693844               1
      110030      120027   66.4079971      -17.3349972               1
      110030      120028   73.3484879      -16.0963383               1
      110030      120029   90.0674515      -11.8804951               1
      110030      130029   51.6374550      -6.12172651               1
      110030      140029   42.4702415      -4.24573612               1
      100029      110032   83.9903488      -21.2591171               1
      100031      110032   122.868645      -19.3905163               1
      110032      120021   57.7807999      -18.3930340               1
      110032      120022   58.1179886      -18.3657379               1
      110032      120023   58.8909569      -18.3896980               1
      110032      120024   59.4232330      -18.2948437               1
      110032      120025   60.1255569      -18.2565823               1
      110032      120026   61.1078720      -18.2070312               1
      110032      120027   62.0050926      -18.1008434               1
      110032      120028   63.8859863      -17.8627739               1
      110032      120029   66.5170059      -17.1303177               1
      110032      120030   81.8388138      -18.4470615               1
      110032      130031   66.9704895      -14.6702662               1
       90030      120031   67.4917374      -21.0796795               1
      110030      120031   117.188728      -20.2094231               1
      110032      120031   105.389610      -16.4746590               1
      120031      130022   49.1390266      -18.0795937               1
      120031      130023   50.1201668      -18.1437550               1
      120031      130024   50.8145523      -18.0207596               1
      120031      130025   51.7656021      -17.9892292               1
      120031      130026   53.1821976      -17.9510746               1
      120031      130027   54.6119003      -17.8087845               1
      120031      130028   57.9983864      -17.4683456               1
      120031      130029   63.7584763      -16.0613346               1
      120031      130030   108.191322      -20.2394638               1
      120031      140023   21.0985470      -19.2253551               1
      120031      140024   21.7929230      -18.9041023               1
      120031      140030   79.1698456      -21.2959385               1
      120031      150030   67.8116760      -21.3715343               1
      120031      160030   65.2341080      -21.6767769               1
      120031      170030   62.5089569      -21.5928955               1
      120031      180030   61.4182014      -21.7708035               1
      120031      190030   60.6959305      -21.9076672               1
      120031      200030   59.9010963      -21.8761826               1
      120031      210030   59.4753036      -21.9849873               1
      110030      120033   68.8014374      -17.9217644               1
      110032      120033   96.7725067      -16.9966335               1
      120033      130022   48.7762032      -18.0950890               1
      120033      130023   49.4730797      -18.1317997               1
      120033      130024   49.9174538      -18.0406704               1
      120033      130025   50.4649162      -18.0099430               1
      120033      130026   51.1647186      -17.9712505               1
      120033      130027   51.7305489      -17.8879566               1
      120033      130028   52.7695580      -17.7079582               1
      120033      130029   53.9899712      -17.2396622               1
      120033      130030   59.8280411      -17.6335297               1
      120033      130031   66.2390289      -16.4474716               1
      120033      140031   37.2279930      -15.7371225               1
      120033      140032   58.7904510      -16.3845463               1
      120033      150032   47.4507866      -15.3174124               1
      120033      160032   44.8864937      -15.4123344               1
      120033      170031   20.6373367      -12.1610823               1
      120033      170032   42.1996689      -14.8902569               1
      120033      180032   41.1374092      -14.9751253               1
      120033      190032   40.4500847      -15.0525560               1
      120033      200032   39.7298203      -14.8867025               1
      120033      210032   39.3633499      -14.9676867               1
      120033      220031   17.4630795      -11.8454905               1
      120033      220032   39.0254059      -14.9710217               1
      120033      230032   38.3285370      -14.8668385               1
      120031      130032   96.3941574      -16.1604481               1
      120033      130032   87.8014984      -16.7065277               1
      130032      140023   51.0808258      -16.6568871               1
      130032      140024   51.6717606      -16.5596142               1
      130032      140025   52.4271164      -16.5434132               1
      130032      140026   53.4555779      -16.5239773               1
      130032      140027   54.3751526      -16.4322891               1
      130032      140028   56.2788887      -16.2191257               1
      130032      140029   58.9229469      -15.4636641               1
      130032      140030   74.2717285      -17.2631893               1
      130032      140031   97.8351746      -15.4222832               1
      130032      150031   62.9187050      -14.3640614               1
      120031      130034   58.2944221      -16.8906403               1
      120033      130034   94.3409042      -14.3090582               1
      130034      140023   50.6131439      -16.6723213               1
      130034      140024   51.0351219      -16.6036282               1
      130034      140025   51.5280991      -16.5977249               1
      130034      140026   52.1174240      -16.5920372               1
      130034      140027   52.5526505      -16.5468330               1
      130034      140028   53.2745667      -16.4447708               1
      130034      140029   54.0155487      -16.1671200               1
      130034      140030   57.0570717      -16.3350143               1
      130034      140031   59.7546654      -15.6617231               1
      130034      140032   65.9497986      -15.4985065               1
      130034      150024   16.1336079      -15.0300646               1
      130034      150032   31.0483818      -13.4385691               1
      130034      150033   60.8989258      -11.4327993               1
      130034      160033   55.1075668      -11.4768152               1
      130034      170033   50.2919807      -10.5177279               1
      130034      180033   48.6085472      -10.5304670               1
      130034      190033   47.6233101      -10.5442629               1
      130034      200033   46.7021980      -10.2828074               1
      130034      210033   46.2658501      -10.3262606               1
      130034      220033   45.8919411      -10.2895555               1
      130034      230033   45.1874504      -10.1197901               1
      130034      240033   44.7654610      -10.1363363               1
      110032      140033   49.1965103      -15.3527937               1
      130032      140033   89.2414169      -15.8883677               1
      130034      140033   95.8000870      -13.5816088               1
      140033      150024   35.5473442      -11.7824802               1
      140033      150025   36.1530647      -11.8399763               1
      140033      150026   36.9025307      -11.9111071               1
      140033      150027   37.4919930      -11.8896008               1
      140033      150028   38.5547714      -11.8063622               1
      140033      150029   39.7885971      -11.3485909               1
      140033      150030   45.6539040      -12.6251974               1
      140033      150031   52.0776787      -11.7307644               1
      140033      150032   73.6509171      -13.4216585               1
      140033      160030   27.8609982      -15.2577972               1
      140033      160031   34.2846680      -13.4059200               1
      140033      160032   55.8580475      -14.9884567               1
      140033      170031   24.4893188      -11.4835539               1
      140033      170032   46.0626030      -14.3029594               1
      140033      180031   21.6309452      -12.0387678               1
      140033      180032   43.2042770      -14.7674665               1
      140033      190031   20.1486988      -12.3492670               1
      140033      190032   41.7220535      -15.0143557               1
      140033      200031   18.9084415      -11.7181387               1
      140033      200032   40.4817657      -14.8012171               1
      140033      210031   18.3507824      -11.9559822               1
      140033      210032   39.9241219      -14.9536037               1
      140033      220031   17.8901215      -11.9139767               1
      140033      220032   39.4634628      -14.9695530               1
      140033      230032   38.6140480      -14.8535652               1
      130032      140035   59.9815140      -16.0936222               1
      130034      140035   90.3246231      -13.4986210               1
      140035      150024   35.2108002      -11.8197250               1
      140035      150025   35.6869392      -11.8855848               1
      140035      150026   36.2302017      -11.9672794               1
      140035      150027   36.6079636      -11.9757519               1
      140035      150028   37.1941986      -11.9582996               1
      140035      150029   37.7462654      -11.7541637               1
      140035      150030   39.7985764      -12.2225800               1
      140035      150031   41.4044380      -11.8336401               1
      140035      150032   44.4017448      -12.0680008               1
      140035      150033   54.3201714      -11.5775785               1
      140035      160034   56.9581718      -11.2111588               1
      140035      170034   47.1813812      -9.75843716               1
      140035      180034   44.3364410      -9.91540718               1
      140035      190034   42.8701172      -9.98347950               1
      140035      200034   41.6623230      -9.63096523               1
      140035      210034   41.1294518      -9.70310020               1
      140035      220034   40.7024727      -9.65647697               1
      140035      230034   39.9580116      -9.44298840               1
      140035      240034   39.5339432      -9.45180225               1
      140035      250034   39.0578079      -9.36275959               1
      120033      150034   53.9906578      -11.2964220               1
      140033      150034   80.2102737      -10.8692656               1
      140035      150034   74.7446899      -10.5672846               1
      150034      160025   59.1433601      -17.7882366               1
      150034      160026   59.8050575      -17.7711391               1
      150034      160027   60.2735558      -17.7215919               1
      150034      160028   61.0279312      -17.6166229               1
      150034      160029   61.7866173      -17.3551903               1
      150034      160030   64.8638687      -17.4500980               1
      150034      160031   67.5774536      -16.8065510               1
      150034      160032   73.7865067      -16.5649681               1
      150034      160033   103.651810      -14.4856453               1
      150034      170026   17.9220028      -11.3296576               1
      150034      170027   18.3905087      -11.3313684               1
      150034      170028   19.1449089      -11.2485657               1
      150034      170029   19.9036846      -10.6797562               1
      150034      170030   22.9808445      -11.8414946               1
      150034      170031   25.6946278      -10.7412901               1
      150034      170032   31.9036808      -11.3629780               1
      150034      170033   61.7695045      -10.3889465               1
      150034      180032   23.6367531      -12.3464222               1
      150034      180033   53.5025482      -10.6729164               1
      150034      190033   50.1849480      -10.7769957               1
      150034      200033   48.0285492      -10.2684841               1
      150034      210033   47.1879311      -10.3977289               1
      150034      220033   46.5800934      -10.3564329               1
      150034      230033   45.6166687      -10.1436586               1
      150034      240033   45.0903015      -10.1713791               1
      140033      150036   44.6762390      -10.9053583               1
      140035      150036   68.9271393      -7.11039639               1
      150036      160025   58.7570877      -17.8271847               1
      150036      160026   59.2698288      -17.8230305               1
      150036      160027   59.5984764      -17.7952957               1
      150036      160028   60.0674782      -17.7386684               1
      150036      160029   60.4682693      -17.6010094               1
      150036      160030   61.8126793      -17.6272163               1
      150036      160031   62.7550354      -17.3445454               1
      150036      160032   64.2528381      -17.2058754               1
      150036      160033   68.1334229      -16.3937550               1
      150036      160034   73.7117538      -15.0318804               1
      150036      170026   17.4052124      -11.3153114               1
      150036      170027   17.7338657      -11.3427095               1
      150036      170028   18.2028790      -11.3220987               1
      150036      170029   18.6037140      -11.0129051               1
      150036      170031   20.8905373      -10.9636602               1
      150036      170032   22.3883648      -10.9925814               1
      150036      170035   50.5261269      -5.15908480               1
      150036      180035   42.2724609      -4.49587631               1
      150036      190035   38.9702225      -4.10330248               1
      150036      200035   36.8442764      -3.06272984               1
      150036      210035   36.0261230      -3.06451941               1
      150036      220035   35.4478722      -2.89059138               1
      150036      230035   34.5724030      -2.43871212               1
      150036      240035   34.1154175      -2.36259723               1
      150036      250035   33.6340981      -2.15912533               1
      150036      260035   33.1214218      -1.92401981               1
      130034      160035   49.6321335      -11.0935850               1
      150034      160035   98.1910782      -14.4584064               1
      150036      160035   92.3885651      -12.1234236               1
      160035      170026   39.1508942      -8.63960266               1
      160035      170027   39.5687180      -8.68452168               1
      160035      170028   40.1931114      -8.72059441               1
      160035      170029   40.7656212      -8.57135868               1
      160035      170030   42.8582153      -9.17121029               1
      160035      170031   44.4820251      -8.91607475               1
      160035      170032   47.4946938      -9.32231903               1
      160035      170033   57.4297333      -9.33353424               1
      160035      170034   77.8638000      -8.95212555               1
      160035      180034   54.1108589      -9.98242569               1
      160035      190034   47.1712189      -10.3392954               1
      160035      200034   43.6227150      -9.53114605               1
      160035      210034   42.3992920      -9.78699207               1
      160035      220034   41.6073990      -9.74146271               1
      160035      230034   40.4971695      -9.46753788               1
      160035      240034   39.9344978      -9.49596214               1
      160035      250034   39.3457489      -9.39568138               1
      150034      160037   67.7107239      -16.7832527               1
      150036      160037   118.275208      -20.0097618               1
      160037      170026   38.7126350      -8.60119534               1
      160037      170027   39.0244255      -8.64695549               1
      160037      170028   39.4451675      -8.68976784               1
      160037      170029   39.7827797      -8.61286545               1
      160037      170030   40.8413506      -8.95689487               1
      160037      170031   41.5346146      -8.84370327               1
      160037      170032   42.5324783      -9.01344967               1
      160037      170033   44.7593918      -8.98488617               1
      160037      170034   47.4081764      -8.73451519               1
      160037      170035   53.5341911      -8.54005527               1
      160037      180035   29.7937756      -10.0814447               1
      160037      180036   74.2323303      -20.0390110               1
      160037      190036   67.3075943      -21.3222256               1
      160037      200036   63.7867165      -21.3798542               1
      160037      210036   62.5838966      -21.7791309               1
      160037      220036   61.8183632      -21.8972931               1
      160037      230036   60.7843628      -21.9313946               1
      160037      240036   60.2806244      -22.0506382               1
      160037      250035   15.3353348      -8.70873928               1
      160037      250036   59.7745094      -22.0953865               1
      160037      260036   59.2607117      -22.1293201               1
      160037      270036   58.9489250      -22.1705799               1
      140035      170036   41.3643303      -3.88429141               1
      160035      170036   72.0631104      -5.51561165               1
      160037      170036   97.9712067      -16.7839146               1
      170036      180027   59.5781250      -16.4776993               1
      170036      180028   60.1169243      -16.4333076               1
      170036      180029   60.5537338      -16.2980137               1
      170036      180030   61.9667587      -16.3637447               1
      170036      180031   62.9389687      -16.0957432               1
      170036      180032   64.4619217      -15.9891901               1
      170036      180033   68.3690948      -15.2493696               1
      170036      180034   73.9624481      -13.9778128               1
      170036      180035   92.6494370      -11.2891970               1
      170036      190035   54.4114304      -8.85735512               1
      170036      200035   42.4124908      -4.16050291               1
      170036      210035   39.1565895      -4.22521687               1
      170036      220035   37.4755592      -3.74805641               1
      170036      240035   34.8926811      -2.72603393               1
      170036      250035   34.1715012      -2.41844106               1
      170036      260035   33.4787636      -2.08800626               1
      160035      170038   47.1163139      -8.71885872               1
      160037      170038   84.6614380      -13.0109730               1
      170038      180027   59.2439461      -16.5380363               1
      170038      180028   59.6691475      -16.5218678               1
      170038      180029   59.9829559      -16.4410496               1
      170038      180030   60.8910027      -16.5387039               1
      170038      180031   61.4464645      -16.4160919               1
      170038      180032   62.1765900      -16.4270077               1
      170038      180033   63.6074791      -16.2719860               1
      170038      180034   65.0783691      -16.0197926               1
      170038      180035   67.7243881      -15.6416454               1
      170038      180036   81.3301010      -17.5065365               1
      170038      190037   67.0399551      -17.6914139               1
      170038      200037   55.0584068      -15.9975433               1
      170038      220037   50.1530075      -16.8458309               1
      170038      240037   47.6572876      -16.7888699               1
      170038      250037   46.9878616      -16.7701893               1
      170038      260037   46.3675842      -16.7309170               1
      170038      270037   46.0243340      -16.7363949               1
      170038      280037   45.5991325      -16.7594013               1
      150036      180037   68.1569366      -21.0781212               1
      160035      180037   29.7618313      -10.0797892               1
      170036      180037   118.559608      -19.3394184               1
      170038      180037   105.268280      -16.6247616               1
      180037      190028   45.4519424      -15.3903322               1
      180037      190029   45.8382416      -15.2608404               1
      180037      190030   46.9879494      -15.4267149               1
      180037      190031   47.7203293      -15.2240543               1
      180037      190032   48.7509003      -15.2450361               1
      180037      190035   59.8180923      -13.6710253               1
      180037      190036   104.275978      -19.2307625               1
      180037      200036   74.4767227      -19.0083256               1
      180037      210036   67.9120178      -21.0684795               1
      180037      220036   65.0317001      -21.5384674               1
      180037      230036   62.4101601      -21.6720562               1
      180037      240036   61.4061508      -21.9292507               1
      180037      250035   16.0797787      -9.03119946               1
      180037      250036   60.5379868      -22.0152531               1
      180037      260036   59.7618256      -22.0668068               1
      180037      270036   59.3416862      -22.1190701               1
      170036      180039   68.7085190      -16.0448990               1
      170038      180039   89.7005844      -13.6862373               1
      180039      190028   45.0453186      -15.4009266               1
      180039      190029   45.3322563      -15.3069134               1
      180039      190030   46.0989532      -15.4211550               1
      180039      190031   46.5373917      -15.2924461               1
      180039      190032   47.0640678      -15.3040438               1
      180039      190033   47.9715347      -15.1642561               1
      180039      190036   54.4472427      -14.9698277               1
      180039      190037   59.8501625      -13.9266500               1
      180039      200038   45.6640892      -7.69374180               1
      180039      210038   39.1123085      -9.37136936               1
      180039      220038   36.2495766      -9.28728294               1
      180039      230038   33.6773415      -8.59819221               1
      180039      250037   16.2987175      -10.0569391               1
      180039      250038   31.8910027      -8.49419022               1
      180039      260037   15.5898399      -9.68679142               1
      180039      260038   31.1821327      -8.27360439               1
      180039      270037   15.2250061      -9.55763531               1
      180039      270038   30.8173027      -8.19306564               1
      180039      280037   14.8050404      -9.44105148               1
      180039      280038   30.3973389      -8.11743164               1
      180039      290038   30.1103764      -8.18955994               1
      180037      190038   90.9866104      -16.0751934               1
      180039      190038   75.4421768      -12.4662657               1
      190038      200036   62.8971977      -5.46063328               1
      190038      200037   86.8449402      -7.71083784               1
      190038      210037   62.1228714      -14.4376812               1
      190038      220037   55.1478386      -15.7787895               1
      190038      250037   47.8470268      -16.5875149               1
      190038      260037   46.9016151      -16.6039658               1
      190038      270037   46.4327202      -16.6356888               1
      190038      280037   45.9018135      -16.6817398               1
      180039      190040   91.1141663      -16.7724304               1
      190040      200038   56.9866867      -1.38747215               1
      190040      210039   62.2845497      -15.4600849               1
      190040      220039   55.3236351      -16.9253750               1
      190040      230039   50.7094574      -17.2961159               1
      190040      240039   49.2466011      -17.7759247               1
      190040      250039   48.1267815      -17.9008732               1
      190040      260039   47.2314682      -17.9419785               1
      190040      270039   46.8027039      -17.9819489               1
      190040      280039   46.3401756      -18.0325947               1
      190040      290039   46.0424156      -18.1466846               1
      190040      300039   45.2904816      -18.0765858               1
      170038      200039   39.4914398      -9.07569981               1
      190038      200039   71.3012238      -2.06782722               1
      190040      200039   86.9948425      -8.45543671               1
      200039      210030   62.5390587      -19.6799164               1
      200039      210031   63.0469170      -19.5387039               1
      200039      210032   63.6286774      -19.5143299               1
      200039      210033   64.5906448      -19.3489590               1
      200039      210034   65.4326324      -19.1338100               1
      200039      210035   66.6103058      -18.8055344               1
      200039      210036   71.1412125      -18.8126793               1
      200039      210037   76.5592575      -17.7229290               1
      200039      210038   92.1644287      -15.8846006               1
      200039      220032   25.9156685      -19.3592472               1
      200039      220038   54.4518623      -13.2968655               1
      200039      230038   39.4549484      -9.39607716               1
      200039      250037   18.1686535      -10.9466991               1
      200039      250038   33.7745132      -9.06118870               1
      200039      260038   32.2472420      -8.55825138               1
      200039      270038   31.5951614      -8.38983536               1
      200039      280038   30.9524899      -8.24967098               1
      200039      290038   30.5642300      -8.33142185               1
      180039      210040   54.7839355      -17.4185238               1
      200039      210040   107.862030      -19.0256290               1
      210040      220031   55.3184204      -16.6420288               1
      210040      220032   55.8594246      -16.6539001               1
      210040      220033   56.6909714      -16.5574093               1
      210040      220034   57.3710480      -16.4155312               1
      210040      220035   58.2251053      -16.2087765               1
      210040      220036   61.1202278      -16.4289761               1
      210040      220037   64.1225891      -15.9168530               1
      210040      220038   70.4383926      -15.4121761               1
      210040      220039   100.469040      -17.3439007               1
      210040      230039   61.2125931      -16.0382824               1
      210040      240039   54.5116081      -17.5718002               1
      210040      250038   20.8891449      -12.0110264               1
      210040      250039   50.9196396      -17.8283672               1
      210040      260038   18.6682510      -11.4033985               1
      210040      260039   48.6987114      -17.8607388               1
      210040      270038   17.8069153      -11.2285709               1
      210040      270039   47.8373756      -17.9119301               1
      210040      280038   17.0287266      -11.0959978               1
      210040      280039   47.0591888      -17.9744759               1
      210040      290038   16.5938320      -11.3489065               1
      210040      290039   46.6243324      -18.1286449               1
      210040      300039   45.6513481      -18.0299358               1
