          38
        1979
        1307
         655
         207
          87
          79
         385
         953
         961
        1329
        2321
        3053
        3785
        4517
        5249
        5981
        6713
        7445
        8177
        8909
        8965
        8233
        7501
        6769
        6037
        5305
        4573
        3841
        3109
        2377
        1999
        1987
        4565
        4557
        4549
        4541
        4533
        4525
