         792
       10020       20011   51.4051590      -5.67429018               1
       10020       20012   51.9776840      -5.70381260               1
       10020       20013   52.6064415      -5.70872498               1
       10020       20014   53.1704750      -5.68155336               1
       10020       20015   54.3242493      -5.64852810               1
       10020       20016   55.4539871      -5.57798958               1
       10020       20017   60.2664833      -5.43396521               1
       10020       20018   66.5147324      -4.88178301               1
       10020       20019   91.8736572      -2.36233449               1
       10020       30012   22.0557919      -6.00060511               1
       10020       30013   22.6845455      -6.00377083               1
       10020       30014   23.2485809      -5.93446970               1
       10020       30015   24.4023533      -5.84899139               1
       10020       30016   25.5320892      -5.68691635               1
       10020       30017   30.3445854      -5.38359880               1
       10020       30018   36.5928497      -4.38849783               1
       10020       30019   61.9519806     -0.854113877               1
       10022       20011   51.1333847      -5.68615389               1
       10022       20012   51.6047173      -5.71599674               1
       10022       20013   52.0911522      -5.72795534               1
       10022       20014   52.4825630      -5.71789169               1
       10022       20015   53.1663475      -5.71917057               1
       10022       20016   53.7093811      -5.70644093               1
       10022       20017   55.5571709      -5.74559546               1
       10022       20018   57.3070793      -5.68046045               1
       10022       20019   60.7810326      -5.39732695               1
       10022       20020   76.2251740      -5.98246670               1
       10022       30012   21.6901207      -6.03331041               1
       10022       30013   22.1765556      -6.05443954               1
       10022       30014   22.5679684      -6.02537441               1
       10022       30015   23.2517490      -6.01925611               1
       10022       30016   23.7947826      -5.98367453               1
       10022       30017   25.6425743      -6.04852915               1
       10022       30018   27.3924809      -5.89291000               1
       10022       30019   30.8664341      -5.31146288               1
       10022       30020   46.3105850      -6.30321217               1
       10022       30021   77.2499847      -5.72646713               1
       10022       40021   64.6255264      -5.54309416               1
       10022       50021   61.9179840      -5.70576000               1
       10022       60021   59.8216896      -5.65260172               1
       10022       70021   58.6050453      -5.66210222               1
       10022       80021   57.8181648      -5.64501429               1
       10022       90021   57.3340607      -5.65973043               1
       10022      100021   56.3743820      -5.62273121               1
       10022      110021   56.0312042      -5.63483191               1
       10022      120021   55.5598679      -5.60667801               1
       10020       20021   114.721336      -6.01377201               1
       10022       20021   107.164589      -5.65931988               1
       20021       30012   50.9047966      -4.44417524               1
       20021       30013   51.4846649      -4.46980953               1
       20021       30014   51.9623299      -4.46645117               1
       20021       30015   52.8372192      -4.48386860               1
       20021       30016   53.5860558      -4.47844601               1
       20021       30017   56.3651848      -4.56947374               1
       20021       30018   59.3320732      -4.48081398               1
       20021       30019   66.8742142      -3.92850113               1
       20021       30020   113.985039      -5.44431353               1
       20021       40020   78.0393295      -5.73476076               1
       20021       50020   72.3153534      -6.16744184               1
       20021       60020   68.7262955      -6.18882895               1
       20021       70020   66.9320221      -6.24419832               1
       20021       80020   65.8568115      -6.24569702               1
       20021       90020   65.2274857      -6.27352238               1
       20021      100020   64.0494232      -6.25323057               1
       20021      110020   63.6393547      -6.27249670               1
       10020       20023   61.0396042      -5.54634666               1
       10022       20023   87.2729416      -4.19765377               1
       20023       30012   50.5122986      -4.42101145               1
       20023       30013   50.9597130      -4.44075346               1
       20023       30014   51.2908249      -4.43807602               1
       20023       30015   51.8103867      -4.44732714               1
       20023       30016   52.1746445      -4.44315815               1
       20023       30017   53.2732811      -4.48034525               1
       20023       30018   54.1832275      -4.45433521               1
       20023       30019   55.6121407      -4.33618927               1
       20023       30020   60.3239174      -4.46464252               1
       20023       30021   66.4615784      -4.15781689               1
       10020       30022   46.3005829      -6.30512905               1
       20021       30022   106.432777      -5.04722834               1
       20023       30022   86.5630798      -3.43314934               1
       30022       40020   58.8388329      -3.96292734               1
       30022       40021   89.7859650      -4.27281666               1
       30022       50014   16.3925934      -4.75671625               1
       30022       50015   17.1203289      -4.79600191               1
       30022       50016   17.6818314      -4.78265858               1
       30022       50020   40.2750397      -5.81978226               1
       30022       50021   71.2221756      -5.40361071               1
       30022       60021   63.5772057      -5.48560047               1
       30022       70021   60.6223640      -5.59686375               1
       30022       80021   59.0700073      -5.59910870               1
       30022       90020   27.2894955      -6.51514959               1
       30022       90021   58.2366180      -5.63666010               1
       30022      100020   25.9004726      -6.49131393               1
       30022      100021   56.8475990      -5.60433531               1
       30022      110020   25.4560299      -6.55532694               1
       30022      110021   56.4031563      -5.62623644               1
       30022      120021   55.8294373      -5.59702110               1
       10022       30024   37.6600647      -5.47122145               1
       20021       30024   59.8980179      -4.56417656               1
       20023       30024   122.197433      -5.47456694               1
       30024       50023   87.0266724      -5.93859816               1
       30024       60023   79.4017487      -6.05632782               1
       30024       70023   76.4727631      -6.16635990               1
       30024       80023   74.9471436      -6.17996931               1
       30024       90023   74.1388931      -6.21482801               1
       30024      100023   72.8388214      -6.20256281               1
       30024      110023   72.4419327      -6.22192192               1
       30024      120023   71.9519196      -6.20673227               1
       30024      130023   71.4943237      -6.20309687               1
       30024      140023   71.1735687      -6.21168137               1
       30024       40023   105.580147      -4.88325214               1
       40023       50014   76.5919647      -6.75995398               1
       40023       50015   77.1958847      -6.74948978               1
       40023       50016   77.5939178      -6.73470449               1
       40023       50017   78.7498169      -6.72795868               1
       40023       50018   79.6881409      -6.68376017               1
       40023       50019   81.1382751      -6.56263113               1
       40023       50020   85.8750305      -6.53115416               1
       40023       50021   92.0249329      -6.17113876               1
       40023       50022   112.136871      -5.25078344               1
       40023       60015   23.0944023      -5.51153326               1
       40023       60016   23.4924393      -5.48367357               1
       40023       60020   31.7735653      -5.25958872               1
       20023       40025   40.7607117      -5.54991627               1
       30024       40025   91.3701172      -4.16410017               1
       40025       50014   76.2682114      -6.76776171               1
       40025       50015   76.7400208      -6.76216316               1
       40025       50016   77.0177536      -6.75400591               1
       40025       50017   77.7341537      -6.75895262               1
       40025       50018   78.2479477      -6.74393559               1
       40025       50019   78.8957825      -6.70731497               1
       40025       50020   80.5099258      -6.74089766               1
       40025       50021   82.0429688      -6.68241978               1
       40025       50022   85.0421524      -6.61641693               1
       40025       50023   102.305496      -6.75381804               1
       40025       60015   22.6519737      -5.53059244               1
       40025       60016   22.9297123      -5.51811123               1
       40025       60017   23.6461048      -5.57181501               1
       40025       60018   24.1599045      -5.54842615               1
       40025       60019   24.8077431      -5.46318150               1
       40025       60020   26.4218769      -5.64151573               1
       40025       60021   27.9549255      -5.53018332               1
       40025       60022   30.9541149      -5.46049118               1
       40025       60023   48.2174454      -6.16587973               1
       40025       60024   79.5214691      -5.43363476               1
       40025       70024   67.9386826      -5.54671097               1
       40025       80024   63.6218796      -5.46045923               1
       40025       90024   61.7637863      -5.49342012               1
       40025      100023   28.1718063      -6.64965773               1
       40025      100024   59.4758186      -5.41599083               1
       40025      110024   58.8954391      -5.44326591               1
       40025      120024   58.2518692      -5.40821362               1
       40025      130024   57.6969147      -5.39294672               1
       40025      140024   57.3413010      -5.39881849               1
       40025      150024   56.8694954      -5.39501524               1
       20023       50024   80.5583191      -6.13960409               1
       40023       50024   147.799500      -6.50047112               1
       40025       50024   133.609482      -6.18025112               1
       30024       50026   34.0785561      -4.85842133               1
       40023       50026   87.3572311      -6.68223047               1
       40025       50026   116.572052      -6.58524036               1
       50026       60015   45.4042664      -3.53398705               1
       50026       60016   45.6555061      -3.53661203               1
       50026       60017   46.2550087      -3.57971287               1
       50026       60018   46.6559296      -3.58450079               1
       50026       60019   47.1117744      -3.57079005               1
       50026       60020   48.1008148      -3.66182089               1
       50026       60021   48.9238319      -3.65106416               1
       50026       60022   50.2764664      -3.67812586               1
       50026       60023   56.3067780      -4.03060293               1
       50026       60024   63.8238754      -3.96189356               1
       50026       70024   35.6278191      -5.00675535               1
       50026      120024   19.8767242      -5.04882383               1
       50026      150024   18.4196205      -5.01668072               1
       30024       60025   65.1916428      -5.30409193               1
       40023       60025   48.1968956      -6.16659117               1
       50026       60025   85.5216980      -4.80445480               1
       60025       70016   55.0670395      -6.98176813               1
       60025       70017   55.8628731      -6.98591757               1
       60025       70018   56.4142380      -6.96147537               1
       60025       70019   57.0890274      -6.90685463               1
       60025       70020   58.7332916      -6.94818974               1
       60025       70021   60.2807236      -6.86222410               1
       60025       70022   63.2919197      -6.76484585               1
       60025       70023   80.5755157      -6.90777445               1
       60025       70024   111.889732      -6.17943192               1
       60025       80017   21.7578049      -6.36049271               1
       60025       80018   22.3091717      -6.31414175               1
       60025       80019   22.9839649      -6.19747639               1
       60025       80020   24.6282291      -6.34341240               1
       60025       80021   26.1756611      -6.18119192               1
       60025       80022   29.1868629      -6.04028940               1
       60025       80023   46.4704475      -6.55759621               1
       60025       80024   77.7846985      -5.65088177               1
       60025       90018   13.1914101      -6.90793276               1
       60025       90019   13.8662024      -6.68565702               1
       60025       90020   15.5104675      -6.86562920               1
       60025       90021   17.0578976      -6.56932497               1
       60025       90022   20.0690975      -6.30617142               1
       60025       90023   37.3526878      -6.82672501               1
       60025       90024   68.6669312      -5.67688417               1
       60025      100023   30.3202267      -6.56445646               1
       60025      100024   61.6344833      -5.41666842               1
       60025      110023   29.0347748      -6.75601435               1
       60025      110024   60.3490257      -5.48438120               1
       60025      120023   27.8579693      -6.67796803               1
       60025      120024   59.1722260      -5.42234755               1
       60025      130023   26.9600563      -6.66134405               1
       60025      130024   58.2743111      -5.39530945               1
       60025      140023   26.4466972      -6.70099354               1
       60025      140024   57.7609520      -5.40221167               1
       60025      150024   57.1511230      -5.39658499               1
       50026       60027   89.7923279      -4.86286783               1
       60027       70016   54.7493401      -6.98060513               1
       60027       70017   55.3432922      -6.98042870               1
       60027       70018   55.7189865      -6.96191502               1
       60027       70019   56.1169395      -6.92919636               1
       60027       70020   56.9063721      -6.94333887               1
       60027       70021   57.5142059      -6.89960003               1
       60027       70022   58.4198494      -6.86501265               1
       60027       70023   61.9196243      -6.85913467               1
       60027       70024   65.5774536      -6.63988495               1
       60027       70025   73.4180984      -6.67053604               1
       60027       80024   31.4846458      -5.83335924               1
       60027       80026   65.0709076      -6.26514721               1
       60027       90026   55.9642715      -6.39676428               1
       60027      100026   48.9690132      -6.17489576               1
       60027      110026   47.7023621      -6.28078270               1
       60027      120026   46.5571327      -6.22475386               1
       60027      130026   45.6975288      -6.20757008               1
       60027      140026   45.2205086      -6.22503042               1
       60027      150026   44.6825867      -6.23034954               1
       60027      160026   44.4143867      -6.24259138               1
       60027      170026   43.8204346      -6.23281097               1
       60025       70026   94.8722000      -6.67725420               1
       60027       70026   99.1637192      -6.65005636               1
       70026       80017   66.8265305      -4.92277861               1
       70026       80018   67.2908096      -4.91787386               1
       70026       80019   67.7909851      -4.89868307               1
       70026       80020   68.8281326      -4.94584036               1
       70026       80021   69.6737213      -4.92233992               1
       70026       80022   71.0448990      -4.91763830               1
       70026       80023   77.1058807      -5.07941532               1
       70026       80024   84.6382980      -4.93414068               1
       70026       80025   106.351280      -5.41375494               1
       70026       90018   28.4425621      -6.03358746               1
       70026       90019   28.9427376      -5.96935654               1
       70026       90020   29.9798889      -6.04058075               1
       70026       90021   30.8254776      -5.95743370               1
       70026       90022   32.1966515      -5.90297651               1
       70026       90023   38.2576447      -6.07292509               1
       70026       90024   45.7900429      -5.64096832               1
       70026       90025   67.5030594      -6.16924429               1
       70026      100024   26.3900032      -4.86163950               1
       70026      110024   23.7229710      -5.33512878               1
       70026      120024   21.6934223      -5.12260008               1
       70026      130024   20.3195438      -5.02430344               1
       70026      140024   19.6208439      -5.05373144               1
       70026      150024   18.8927383      -5.03466511               1
       60025       70028   65.0932999      -6.65318298               1
       60027       70028   89.5105438      -5.98521042               1
       70028       80017   66.5158997      -4.91199064               1
       70028       80018   66.8851166      -4.90720844               1
       70028       80019   67.2468643      -4.89320421               1
       70028       80020   67.8977966      -4.91987514               1
       70028       80021   68.3614197      -4.90229940               1
       70028       80022   68.9909668      -4.89742565               1
       70028       80023   71.1287537      -4.93573618               1
       70028       80024   73.0830688      -4.85589933               1
       70028       80025   76.5870132      -4.90250492               1
       70028       80026   84.5762100      -4.93343592               1
       70028       90018   28.0446968      -6.02373457               1
       70028       90020   29.0573730      -6.01442099               1
       70028       90021   29.5209961      -5.95653105               1
       70028       90023   32.2883301      -5.93983412               1
       70028       90024   34.2426453      -5.71213531               1
       70028       90027   62.1643867      -5.12874699               1
       70028      100027   42.7900581      -4.41818094               1
       70028      110027   40.1357880      -4.66882801               1
       70028      120027   38.1273918      -4.51531363               1
       70028      130027   36.7787285      -4.44049740               1
       70028      140027   36.1032944      -4.44564009               1
       70028      150027   35.4196358      -4.42576790               1
       70028      160027   35.1117172      -4.43043470               1
       70028      170027   34.4889259      -4.38939190               1
       70028      180027   34.1197090      -4.39311171               1
       50026       80027   53.5660934      -5.99625874               1
       70026       80027   110.643707      -5.43820429               1
       70028       80027   101.004822      -4.73354483               1
       80027       90018   70.7968750      -5.75383997               1
       80027       90019   71.2501984      -5.73272514               1
       80027       90020   72.0979919      -5.75869560               1
       80027       90021   72.7327499      -5.73250628               1
       80027       90022   73.6601639      -5.71935034               1
       80027       90023   77.1952515      -5.76737738               1
       80027       90024   80.8705368      -5.63828135               1
       80027       90025   88.7282562      -5.75245428               1
       80027       90026   114.489906      -5.94146490               1
       80027      100026   58.4756546      -5.58623266               1
       80027      110026   52.8843651      -6.21006584               1
       80027      120026   49.3681107      -6.15570927               1
       80027      130026   47.2349434      -6.15123701               1
       80027      140026   46.2492714      -6.19666195               1
       80027      150026   45.3219719      -6.21271706               1
       80027      160026   44.9257088      -6.23324919               1
       80027      170026   44.1498718      -6.22390318               1
       70026       80029   78.7924728      -5.08864021               1
       70028       80029   114.673332      -5.42910671               1
       80029       90018   70.5048828      -5.75499439               1
       80029       90019   70.8668671      -5.73944283               1
       80029       90020   71.4752579      -5.75944281               1
       80029       90021   71.8878937      -5.74221992               1
       80029       90022   72.4189301      -5.73744392               1
       80029       90023   74.1001511      -5.76636982               1
       80029       90024   75.5407104      -5.71051264               1
       80029       90025   77.9300003      -5.74983978               1
       80029       90026   82.6485138      -5.80173397               1
       80029       90027   89.7834396      -5.76670027               1
       80029      100028   62.5388145      -5.55996656               1
       80029      110028   56.9576950      -6.13628531               1
       80029      120028   53.4581413      -6.08195591               1
       80029      130028   51.3446617      -6.07486439               1
       80029      140028   50.3768539      -6.11425638               1
       80029      150028   49.4829254      -6.12689114               1
       80029      160028   49.1127319      -6.14388800               1
       80029      170028   48.4185448      -6.13483810               1
       80029      180028   48.0274849      -6.15027714               1
       80029      190028   47.6655083      -6.17640018               1
       60027       90028   46.3111343      -5.05894709               1
       80027       90028   104.854103      -5.30886173               1
       80029       90028   118.532364      -5.91515684               1
       90028      100020   31.1915245     -0.870069504               1
       90028      100027   64.4408340      -2.66582847               1
       90028      110027   48.9977913      -4.40205956               1
       90028      120027   42.2654533      -4.35561228               1
       90028      130027   38.7896271      -4.33788347               1
       90028      140027   37.3570900      -4.40132236               1
       90028      150027   36.1481743      -4.40303564               1
       90028      160027   35.6800499      -4.42131329               1
       90028      170027   34.8445625      -4.38106775               1
       90028      180027   34.3840065      -4.39058161               1
       80027       90030   79.3928757      -5.58348608               1
       80029       90030   102.859947      -4.37547159               1
       70028      100029   56.4585800      -5.90728903               1
       90028      100029   78.1227264      -4.04889297               1
      100029      110020   77.6682129      -8.08477688               1
      100029      110021   78.1478195      -8.05180073               1
      100029      110022   78.7299042      -8.03070164               1
      100029      110023   80.4884186      -8.00966549               1
      100029      110024   81.9655991      -7.91665459               1
      100029      110026   89.1401367      -7.82556438               1
      100029      110027   96.2912064      -7.64289713               1
      100029      110028   125.057144      -7.35234976               1
      100029      120028   75.9750061      -6.47734451               1
      100029      130028   59.7884941      -6.08003902               1
      100029      140028   54.8398170      -6.13594055               1
      100029      150028   51.6759300      -6.12043428               1
      100029      160028   50.7126694      -6.15378904               1
      100029      170028   49.3381844      -6.13031054               1
      100029      180028   48.6793518      -6.15248966               1
      100029      190028   48.1524124      -6.18490839               1
       90030      100031   91.2343597      -4.45113611               1
      100031      110020   77.1739044      -8.09428883               1
      100031      110021   77.5107803      -8.06947136               1
      100031      110022   77.8715668      -8.05620289               1
      100031      110023   78.7820053      -8.04306030               1
      100031      110024   79.4365234      -7.99644852               1
      100031      110025   80.3499756      -7.98075628               1
      100031      110026   81.7459641      -7.95285320               1
      100031      110027   83.1780853      -7.89695835               1
      100031      110028   86.5755310      -7.79149151               1
      100031      110029   92.2913284      -7.36042118               1
      100031      120021   28.4471703      -6.97081184               1
      100031      120024   30.3729153      -6.84949017               1
      100031      120030   89.1423492      -6.53273726               1
      100031      130030   72.9772644      -6.21977329               1
      100031      140030   68.0473938      -6.27460146               1
      100031      150030   64.9172134      -6.26905680               1
      100031      160030   63.9790077      -6.29725647               1
      100031      170030   62.6793022      -6.28359079               1
      100031      180030   62.0776787      -6.30120850               1
      100031      190030   61.6238861      -6.32335949               1
      100031      200030   61.0320663      -6.30565071               1
      100031      210030   60.6951828      -6.32741642               1
      100029      110030   109.415947      -6.11075640               1
      100031      110030   138.205917      -7.30442190               1
      110030      120021   59.3830986      -6.22209644               1
      110030      120022   59.8257713      -6.21020842               1
      110030      120023   60.9857292      -6.21000767               1
      110030      120024   61.8564835      -6.14504480               1
      110030      120025   63.1345329      -6.13463020               1
      110030      120026   65.2546310      -6.09988642               1
      110030      120027   67.7303085      -5.99204063               1
      110030      120028   74.6917877      -5.75188923               1
      110030      120029   91.2328949      -4.52531290               1
      110030      130029   52.0007286      -2.74985147               1
      110030      140029   42.5848961      -2.33858633               1
      100029      110032   86.0062790      -7.66064024               1
      100031      110032   125.501556      -6.77772570               1
      110032      120021   59.0600090      -6.23607349               1
      110032      120022   59.3996201      -6.22972441               1
      110032      120023   60.1894302      -6.23798466               1
      110032      120024   60.7234306      -6.20285988               1
      110032      120025   61.4274368      -6.20656729               1
      110032      120026   62.4204674      -6.20876932               1
      110032      120027   63.3308945      -6.18700409               1
      110032      120028   65.2284546      -6.15616798               1
      110032      120029   67.8398438      -5.94308472               1
      110032      120030   83.6467056      -6.15988827               1
      110032      130031   68.1092148      -4.77307510               1
       90030      120031   69.0896072      -6.05924320               1
      110030      120031   120.017624      -6.28011274               1
      110032      120031   107.328972      -5.54264307               1
      120031      130022   50.1974754      -5.86612988               1
      120031      130023   51.1985817      -5.88952732               1
      120031      130024   51.8941765      -5.84343958               1
      120031      130025   52.8455887      -5.85842848               1
      120031      130026   54.2753487      -5.87285280               1
      120031      130027   55.7241478      -5.84347248               1
      120031      130028   59.1387672      -5.80776644               1
      120031      130029   64.8642578      -5.36889839               1
      120031      130030   110.799728      -6.12506771               1
      120031      140023   21.5376225      -6.19181585               1
      120031      140024   22.2332172      -6.07478666               1
      120031      140030   81.1387711      -6.29141140               1
      120031      150030   69.4785233      -6.23671675               1
      120031      160030   66.8724213      -6.30417109               1
      120031      170030   64.0995560      -6.27362967               1
      120031      180030   62.9985428      -6.30257893               1
      120031      190030   62.2716904      -6.33257151               1
      120031      200030   61.4548225      -6.30556488               1
      120031      210030   61.0275688      -6.33299065               1
      110030      120033   70.3171158      -6.08775139               1
      110032      120033   98.6396484      -5.52602100               1
      120033      130022   49.8337326      -5.87081099               1
      120033      130023   50.5469093      -5.88888025               1
      120033      130024   50.9934883      -5.85791111               1
      120033      130025   51.5438118      -5.86613226               1
      120033      130026   52.2529869      -5.87445974               1
      120033      130027   52.8286819      -5.86189890               1
      120033      130028   53.8794403      -5.84361029               1
      120033      130029   55.0924072      -5.71715498               1
      120033      130030   61.1231079      -5.77818823               1
      120033      130031   67.5888367      -5.42896652               1
      120033      140031   37.9385605      -5.24018621               1
      120033      140032   59.7980652      -5.05210209               1
      120033      150032   48.1564140      -4.67341328               1
      120033      160032   45.5636635      -4.68295527               1
      120033      170031   20.9698467      -4.33534622               1
      120033      170032   42.8293495      -4.53456211               1
      120033      180032   41.7568550      -4.53224659               1
      120033      190032   41.0646362      -4.54446459               1
      120033      200032   40.3236008      -4.47376537               1
      120033      210032   39.9554558      -4.49385071               1
      120033      220031   17.7551231      -4.18883133               1
      120033      220032   39.6146278      -4.48506117               1
      120033      230032   38.9014511      -4.43617773               1
      120031      130032   98.1132812      -5.29854774               1
      120033      130032   89.4483414      -5.25709391               1
      130032      140023   52.0800972      -5.58824873               1
      130032      140024   52.6729431      -5.55239820               1
      130032      140025   53.4304695      -5.56821060               1
      130032      140026   54.4704361      -5.58561659               1
      130032      140027   55.4037514      -5.57214165               1
      130032      140028   57.3245850      -5.55876112               1
      130032      140029   59.9489136      -5.34336233               1
      130032      140030   75.7835770      -5.70945072               1
      130032      140031   99.4782562      -5.15059710               1
      130032      150031   63.7460365      -4.77654457               1
      120031      130034   59.4145393      -5.58411551               1
      120033      130034   95.9714813      -4.62422371               1
      130034      140023   51.6061897      -5.59010172               1
      130034      140024   52.0297661      -5.56503010               1
      130034      140025   52.5249710      -5.57708216               1
      130034      140026   53.1212234      -5.59083891               1
      130034      140027   53.5628471      -5.58641672               1
      130034      140028   54.2896156      -5.58027029               1
      130034      140029   55.0199852      -5.50674534               1
      130034      140030   58.1225548      -5.52942705               1
      130034      140031   60.7989578      -5.33511066               1
      130034      140032   66.9667282      -5.17113686               1
      130034      150024   16.3128433      -5.01070023               1
      130034      150032   31.2498131      -4.43156862               1
      130034      150033   61.6379967      -3.70835066               1
      130034      160033   55.7986832      -3.69544196               1
      130034      170033   50.9140282      -3.43595433               1
      130034      180033   49.2196808      -3.40945792               1
      130034      190033   48.2292099      -3.40305257               1
      130034      200033   47.2832909      -3.30469799               1
      130034      210033   46.8458138      -3.31564593               1
      130034      220033   46.4690514      -3.29685783               1
      130034      230033   45.7487488      -3.23287535               1
      130034      240033   45.3251724      -3.23962617               1
      110032      140033   50.0149193      -4.63689423               1
      130032      140033   90.8124237      -5.09571886               1
      130034      140033   97.3548737      -4.48240089               1
      140033      150024   36.0436745      -3.54102945               1
      140033      150025   36.6528702      -3.59175014               1
      140033      150026   37.4126396      -3.65126300               1
      140033      150027   38.0125580      -3.66911793               1
      140033      150028   39.0875511      -3.70476222               1
      140033      150029   40.3138084      -3.59576297               1
      140033      150030   46.3726730      -3.95466566               1
      140033      150031   52.8508835      -3.73081303               1
      140033      150032   74.7214279      -4.02219629               1
      140033      160030   28.3406429      -4.87182760               1
      140033      160031   34.8188438      -4.36140347               1
      140033      160032   56.6893959      -4.50219250               1
      140033      170031   24.8589764      -4.12723827               1
      140033      170032   46.7295265      -4.40762949               1
      140033      180031   21.9789925      -4.27960730               1
      140033      180032   43.8495445      -4.50241804               1
      140033      190031   20.4868011      -4.38083553               1
      140033      190032   42.3573532      -4.55922842               1
      140033      200031   19.2127304      -4.16599941               1
      140033      200032   41.0832787      -4.46429157               1
      140033      210031   18.6535797      -4.24717855               1
      140033      210032   40.5241318      -4.50577497               1
      140033      220031   18.1891670      -4.22328138               1
      140033      220032   40.0597191      -4.49792242               1
      140033      230032   39.1906281      -4.44154072               1
      130032      140035   60.9961357      -5.42927551               1
      130034      140035   91.7859268      -4.58691740               1
      140035      150024   35.7036018      -3.54470825               1
      140035      150025   36.1830215      -3.59082866               1
      140035      150026   36.7340317      -3.64471698               1
      140035      150027   37.1184692      -3.66507912               1
      140035      150028   37.7104034      -3.69833827               1
      140035      150029   38.2556458      -3.65649176               1
      140035      150030   40.3497543      -3.81140256               1
      140035      150031   41.9405785      -3.72992611               1
      140035      150032   44.9159050      -3.76131773               1
      140035      150033   54.9255371      -3.66357684               1
      140035      160034   57.6796951      -3.70159221               1
      140035      170034   47.7385178      -3.44253993               1
      140035      180034   44.8720474      -3.47287130               1
      140035      190034   43.3957329      -3.49174953               1
      140035      200034   42.1548653      -3.36900067               1
      140035      210034   41.6205597      -3.39321613               1
      140035      220034   41.1899109      -3.37277794               1
      140035      230034   40.4278221      -3.29822946               1
      140035      240034   40.0015259      -3.30612326               1
      140035      250034   39.5221062      -3.26100516               1
      120033      150034   54.6795998      -3.63225579               1
      140033      150034   81.2641220      -3.37413692               1
      140035      150034   75.7051239      -3.41864324               1
      150034      160025   60.3255653      -4.94564962               1
      150034      160026   60.9959030      -4.96607685               1
      150034      160027   61.4718361      -4.96725130               1
      150034      160028   62.2319412      -4.96989965               1
      150034      160029   62.9801254      -4.91182852               1
      150034      160030   66.1195602      -4.96109390               1
      150034      160031   68.8120270      -4.81084728               1
      150034      160032   74.9938583      -4.70769596               1
      150034      160033   105.397400      -4.20517206               1
      150034      170026   18.1611118      -3.98417234               1
      150034      170027   18.6370468      -4.01312113               1
      150034      170028   19.3971500      -4.05900717               1
      150034      170029   20.1453362      -3.91129065               1
      150034      170030   23.2847691      -4.18608427               1
      150034      170031   25.9772453      -3.86841941               1
      150034      170032   32.1590767      -3.80903316               1
      150034      170033   62.5626450      -3.39916921               1
      150034      180032   23.7975273      -4.10071611               1
      150034      180033   54.2010918      -3.46400619               1
      150034      190033   50.8467789      -3.48983240               1
      150034      200033   48.6278992      -3.30828786               1
      150034      210033   47.7848549      -3.35010314               1
      150034      220033   47.1714478      -3.32784200               1
      150034      230033   46.1854019      -3.24740744               1
      150034      240033   45.6565742      -3.25879955               1
      140033      150036   45.2125626      -3.58867240               1
      140035      150036   69.5661087      -2.63459349               1
      150036      160025   59.9391670      -4.94986200               1
      150036      160026   60.4603233      -4.96990156               1
      150036      160027   60.7956657      -4.97445631               1
      150036      160028   61.2706108      -4.98208523               1
      150036      160029   61.6673965      -4.95569468               1
      150036      160030   63.0403900      -4.99201345               1
      150036      160031   63.9741478      -4.93965340               1
      150036      160032   65.4608002      -4.91600084               1
      150036      160033   69.3611984      -4.77664995               1
      150036      160034   75.0155029      -4.51485062               1
      150036      170026   17.6441479      -3.96965075               1
      150036      170027   17.9794922      -4.00370836               1
      150036      170028   18.4544315      -4.05402040               1
      150036      170029   18.8512230      -3.98722363               1
      150036      170031   21.1579723      -4.04430914               1
      150036      170032   22.6446285      -4.03471565               1
      150036      170035   50.9043922      -2.39607143               1
      150036      180035   42.5560837      -2.28180957               1
      150036      190035   39.2169571      -2.21376777               1
      150036      200035   37.0288467      -1.90278268               1
      150036      210035   36.2081833      -1.92508125               1
      150036      220035   35.6242027      -1.87265134               1
      150036      230035   34.7270393      -1.73396957               1
      150036      240035   34.2671585      -1.72476506               1
      150036      250035   33.7814255      -1.64945006               1
      150036      260035   33.2602768      -1.56130838               1
      130034      160035   50.2297325      -3.79917836               1
      150034      160035   99.8434219      -4.28561687               1
      150036      160035   93.7204742      -3.76023436               1
      160035      170026   39.5725174      -3.14296365               1
      160035      170027   39.9980812      -3.16949177               1
      160035      170028   40.6290398      -3.21066856               1
      160035      170029   41.1947174      -3.17751837               1
      160035      170030   43.3302994      -3.34898353               1
      160035      170031   44.9389877      -3.28881717               1
      160035      170032   47.9297829      -3.34637308               1
      160035      170033   57.9561424      -3.32588267               1
      160035      170034   78.7454071      -3.17958140               1
      160035      180034   54.7806282      -3.50704312               1
      160035      190034   47.7730598      -3.62166142               1
      160035      200034   44.1305771      -3.34571862               1
      160035      210034   42.9071083      -3.43619442               1
      160035      220034   42.1091537      -3.41315889               1
      160035      230034   40.9737206      -3.31514931               1
      160035      240034   40.4084206      -3.33090281               1
      160035      250034   39.8151817      -3.27947593               1
      150034      160037   68.9919586      -4.88855600               1
      150036      160037   120.940292      -5.65058994               1
      160037      170026   39.1323891      -3.12323260               1
      160037      170027   39.4510536      -3.14779210               1
      160037      170028   39.8781242      -3.18347669               1
      160037      170029   40.2131958      -3.17004609               1
      160037      170030   41.2969894      -3.28258705               1
      160037      170031   41.9856911      -3.26723695               1
      160037      170032   42.9797821      -3.31174493               1
      160037      170033   45.2235947      -3.34773040               1
      160037      170034   47.9194908      -3.33657336               1
      160037      170035   54.0815392      -3.28405714               1
      160037      180035   30.1293526      -3.96263194               1
      160037      180036   75.9164200      -5.89864302               1
      160037      190036   68.9231567      -6.22035027               1
      160037      200036   65.3090591      -6.17926931               1
      160037      210036   64.1059875      -6.29256678               1
      160037      220036   63.3343506      -6.31239128               1
      160037      230036   62.2763786      -6.30044270               1
      160037      240036   61.7698212      -6.33363295               1
      160037      250035   15.4718037      -3.83128834               1
      160037      250036   61.2589035      -6.32870340               1
      160037      260036   60.7362480      -6.31912279               1
      160037      270036   60.4175835      -6.31994200               1
      140035      170036   41.5995178      -2.13491392               1
      160035      170036   72.6229782      -2.40854120               1
      160037      170036   99.8685150      -5.06684971               1
      170036      180027   60.6702766      -4.88487959               1
      170036      180028   61.2165833      -4.89636707               1
      170036      180029   61.6494026      -4.86937523               1
      170036      180030   63.0928726      -4.91172028               1
      170036      180031   64.0563660      -4.85984039               1
      170036      180032   65.5682678      -4.83879137               1
      170036      180033   69.4953842      -4.70456839               1
      170036      180034   75.1649323      -4.44878435               1
      170036      180035   93.8798447      -3.70847130               1
      170036      190035   55.0005493      -3.39030719               1
      170036      200035   42.6393242      -2.08786035               1
      170036      210035   39.3801651      -2.23967099               1
      170036      220035   37.6839600      -2.11748099               1
      170036      240035   35.0563431      -1.84127390               1
      170036      250035   34.3281975      -1.73372579               1
      170036      260035   33.6236267      -1.61446595               1
      160035      170038   47.6170311      -3.29581547               1
      160037      170038   85.9816742      -4.32025909               1
      170038      180027   60.3349152      -4.88999128               1
      170038      180028   60.7676315      -4.90386963               1
      170038      180029   61.0798950      -4.88865042               1
      170038      180030   62.0112114      -4.93166733               1
      170038      180031   62.5640869      -4.91088104               1
      170038      180032   63.2932739      -4.91801214               1
      170038      180033   64.7363892      -4.90575695               1
      170038      180034   66.2353592      -4.87109232               1
      170038      180035   68.8941422      -4.79340124               1
      170038      180036   82.9131241      -5.23277760               1
      170038      190037   68.3872910      -5.60174084               1
      170038      200037   56.0453835      -5.09886885               1
      170038      220037   51.1213226      -5.41093636               1
      170038      240037   48.5816422      -5.38604212               1
      170038      250037   47.9050560      -5.36254025               1
      170038      260037   47.2732773      -5.33112144               1
      170038      270037   46.9217567      -5.32216072               1
      170038      280037   46.4890442      -5.30804253               1
      150036      180037   69.7758331      -6.13504219               1
      160035      180037   30.0971012      -3.96171021               1
      170036      180037   121.124062      -5.60796356               1
      170038      180037   107.256668      -5.07905340               1
      180037      190028   46.2742462      -4.87720871               1
      180037      190029   46.6579666      -4.85075283               1
      180037      190030   47.8351021      -4.91595268               1
      180037      190031   48.5627594      -4.87772989               1
      180037      190032   49.5896111      -4.88494110               1
      180037      190035   60.7576447      -4.57274389               1
      180037      190036   106.563965      -5.69011879               1
      180037      200036   76.0232391      -5.48304892               1
      180037      210036   69.4821472      -6.14647293               1
      180037      220036   66.5865326      -6.25848484               1
      180037      230036   63.9150124      -6.25363302               1
      180037      240036   62.9092751      -6.32849741               1
      180037      250035   16.2273693      -3.94205165               1
      180037      250036   62.0337143      -6.32723236               1
      180037      260036   61.2446594      -6.31519461               1
      180037      270036   60.8150864      -6.31608629               1
      170036      180039   69.9408417      -4.85035419               1
      170038      180039   91.0862656      -4.21071386               1
      180039      190028   45.8624153      -4.86437941               1
      180039      190029   46.1478615      -4.84533501               1
      180039      190030   46.9332504      -4.89070797               1
      180039      190031   47.3690376      -4.86678696               1
      180039      190032   47.8945198      -4.87120819               1
      180039      190033   48.8070908      -4.85447264               1
      180039      190036   55.4032326      -4.80914354               1
      180039      190037   60.8735962      -4.56887007               1
      180039      200038   46.0312500      -2.63818502               1
      180039      210038   39.5043259      -3.33422112               1
      180039      220038   36.6265793      -3.31667256               1
      180039      230038   34.0054474      -3.08263326               1
      180039      250037   16.5326710      -3.95841289               1
      180039      250038   32.2105370      -3.04576349               1
      180039      260037   15.8117886      -3.80793381               1
      180039      260038   31.4896564      -2.94931102               1
      180039      270037   15.4384718      -3.74867249               1
      180039      270038   31.1163406      -2.90960693               1
      180039      280037   15.0111885      -3.66602540               1
      180039      280038   30.6890583      -2.85749888               1
      180039      290038   30.4036121      -2.86756349               1
      180037      190038   92.6985092      -5.09066486               1
      180039      190038   76.5514374      -4.05983210               1
      190038      200036   63.0657234      -1.00790226               1
      190038      200037   87.4191284      -1.99574733               1
      190038      210037   63.0612450      -4.58663607               1
      190038      220037   56.1117172      -5.07215405               1
      190038      250037   48.7672424      -5.32283020               1
      190038      260037   47.8094292      -5.30354071               1
      190038      270037   47.3308067      -5.30043888               1
      190038      280037   46.7914352      -5.28966999               1
      180039      190040   92.9313049      -5.38423395               1
      190040      200038   56.8230133      0.116887800               1
      190040      210039   63.3290253      -5.01949167               1
      190040      220039   56.3937187      -5.55602932               1
      190040      230039   51.7326736      -5.68283224               1
      190040      240039   50.2788124      -5.85617733               1
      190040      250039   49.1549721      -5.87806559               1
      190040      260039   48.2482224      -5.87130022               1
      190040      270039   47.8106461      -5.87368679               1
      190040      280039   47.3407402      -5.86976433               1
      190040      290039   47.0447693      -5.89636898               1
      190040      300039   46.2752686      -5.86846972               1
      170038      200039   39.8750153      -3.12336087               1
      190038      200039   71.2695236     -0.186934426               1
      190040      200039   87.6753693      -2.31618714               1
      200039      210030   63.9616127      -6.28473711               1
      200039      210031   64.4667816      -6.25409365               1
      200039      210032   65.0477219      -6.24635983               1
      200039      210033   66.0153809      -6.21477032               1
      200039      210034   66.8712921      -6.17057085               1
      200039      210035   68.0479202      -6.08973932               1
      200039      210036   72.6875381      -6.05545330               1
      200039      210037   78.1734161      -5.78060865               1
      200039      210038   93.8649673      -5.16305065               1
      200039      220032   26.4492741      -6.49913549               1
      200039      220038   55.2665443      -4.52743387               1
      200039      230038   39.8534317      -3.28691936               1
      200039      250037   18.4419270      -4.24576473               1
      200039      250038   34.1335411      -3.25310493               1
      200039      260038   32.5767822      -3.05885458               1
      200039      270038   31.9077587      -2.98717999               1
      200039      280038   31.2519264      -2.90588355               1
      200039      290038   30.8647346      -2.91701341               1
      180039      210040   55.8841782      -5.74928331               1
      200039      210040   110.270218      -6.11559439               1
      210040      220031   56.3842506      -5.64232492               1
      210040      220032   56.9244995      -5.64239311               1
      210040      220033   57.7604294      -5.62709332               1
      210040      220034   58.4515419      -5.60051775               1
      210040      220035   59.3036232      -5.55140877               1
      210040      220036   62.2632370      -5.59248972               1
      210040      220037   65.3007126      -5.47884560               1
      210040      220038   71.6534271      -5.30799150               1
      210040      220039   102.525558      -5.75652027               1
      210040      230039   62.3182678      -5.25637293               1
      210040      240039   55.6257057      -5.82983160               1
      210040      250038   21.1290569      -4.55831861               1
      210040      250039   52.0011749      -5.88770533               1
      210040      260038   18.8723621      -4.34210396               1
      210040      260039   49.7444763      -5.86598492               1
      210040      270038   17.9905186      -4.27035236               1
      210040      270039   48.8626328      -5.86706924               1
      210040      280038   17.1972046      -4.17226458               1
      210040      280039   48.0693169      -5.85832930               1
      210040      290038   16.7636700      -4.23392868               1
      210040      290039   47.6357841      -5.89537430               1
      210040      300039   46.6390343      -5.85884905               1
