         792
       10020       20011   46.2206879      -5.27585888               1
       10020       20012   47.5386581      -5.27585888               1
       10020       20013   48.9965134      -5.27585888               1
       10020       20014   50.7252312      -5.27585888               1
       10020       20015   52.9386177      -5.27585888               1
       10020       20016   56.0377808      -5.27585888               1
       10020       20017   60.9151726      -5.27585888               1
       10020       20018   70.0523911      -5.27585888               1
       10020       20019   104.056274      -5.27585888               1
       10020       30012   25.7498646      -5.27585888               1
       10020       30013   27.2077198      -5.27585888               1
       10020       30014   28.9364395      -5.27585888               1
       10020       30015   31.1498241      -5.27585888               1
       10020       30016   34.2489891      -5.27585888               1
       10020       30017   39.1263809      -5.27585888               1
       10020       30018   48.2635956      -5.27585888               1
       10020       30019   82.2674789      -5.27585888               1
       10022       20011   45.3791313      -5.27585888               1
       10022       20012   46.4232712      -5.27585888               1
       10022       20013   47.4970207      -5.27585888               1
       10022       20014   48.6628304      -5.27585888               1
       10022       20015   50.0022087      -5.27585888               1
       10022       20016   51.6369400      -5.27585888               1
       10022       20017   53.7744980      -5.27585888               1
       10022       20018   56.8117638      -5.27585888               1
       10022       20019   62.9812927      -5.27585888               1
       10022       20020   70.7382355      -5.27585888               1
       10022       30012   24.6713047      -5.27585888               1
       10022       30013   25.7450542      -5.27585888               1
       10022       30014   26.9108639      -5.27585888               1
       10022       30015   28.2502441      -5.27585888               1
       10022       30016   29.8849754      -5.27585888               1
       10022       30017   32.0225296      -5.27585888               1
       10022       30018   35.0597992      -5.27585888               1
       10022       30019   41.2293282      -5.27585888               1
       10022       30020   48.9862709      -5.27585888               1
       10022       30021   72.7718124      -5.27585888               1
       10022       40021   64.0907745      -5.27585888               1
       10022       50021   59.4073792      -5.27585888               1
       10022       60021   56.4317284      -5.27585888               1
       10022       70021   54.3247948      -5.27585888               1
       10022       80021   52.7066956      -5.27585888               1
       10022       90021   51.3768616      -5.27585888               1
       10022      100021   50.2161140      -5.27585888               1
       10022      110021   49.1446495      -5.27585888               1
       10022      120021   48.1005096      -5.27585888               1
       10020       20021   94.1587677      -5.27585888               1
       10022       20021   94.5237808      -5.27585888               1
       20021       30012   48.6073303      -5.27585888               1
       20021       30013   49.9273109      -5.27585888               1
       20021       30014   51.3864326      -5.27585888               1
       20021       30015   53.1164360      -5.27585888               1
       20021       30016   55.3304291      -5.27585888               1
       20021       30017   58.4311600      -5.27585888               1
       20021       30018   63.3087463      -5.27585888               1
       20021       30019   75.3616638      -5.27585888               1
       20021       30020   96.2309570      -5.27585888               1
       20021       40020   72.6240921      -5.27585888               1
       20021       50020   63.5422668      -5.27585888               1
       20021       60020   58.6926804      -5.27585888               1
       20021       70020   55.6063385      -5.27585888               1
       20021       80020   53.4005127      -5.27585888               1
       20021       90020   51.6755219      -5.27585888               1
       20021      100020   50.2189522      -5.27585888               1
       20021      110020   48.9001656      -5.27585888               1
       10020       20023   61.8999443      -5.27585888               1
       10022       20023   94.7526398      -5.27585888               1
       20023       30012   47.7658195      -5.27585888               1
       20023       30013   48.8118553      -5.27585888               1
       20023       30014   49.8868942      -5.27585888               1
       20023       30015   51.0537338      -5.27585888               1
       20023       30016   52.3936844      -5.27585888               1
       20023       30017   54.0290565      -5.27585888               1
       20023       30018   56.1666069      -5.27585888               1
       20023       30019   59.9835396      -5.27585888               1
       20023       30020   64.0307465      -5.27585888               1
       20023       30021   73.1378860      -5.27585888               1
       10020       30022   48.9178467      -5.27585888               1
       20021       30022   96.5959778      -5.27585888               1
       20023       30022   96.8834534      -5.27585888               1
       30022       40020   72.7003250      -5.27585888               1
       30022       40021   96.5227814      -5.27585888               1
       30022       50014   26.4101677      -5.27585888               1
       30022       50015   27.8698025      -5.27585888               1
       30022       50016   29.5998936      -5.27585888               1
       30022       50020   48.9367218      -5.27585888               1
       30022       50021   72.7591782      -5.27585888               1
       30022       60021   63.6309700      -5.27585888               1
       30022       70021   58.7595139      -5.27585888               1
       30022       80021   55.6642418      -5.27585888               1
       30022       90020   29.6309395      -5.27585888               1
       30022       90021   53.4533997      -5.27585888               1
       30022      100020   27.9027290      -5.27585888               1
       30022      100021   51.7251892      -5.27585888               1
       30022      110020   26.4443283      -5.27585888               1
       30022      110021   50.2667885      -5.27585888               1
       30022      120021   48.9468384      -5.27585888               1
       10022       30024   49.5181732      -5.27585888               1
       20021       30024   64.2955856      -5.27585888               1
       20023       30024   97.1623993      -5.27585888               1
       30024       50023   73.4207916      -5.27585888               1
       30024       60023   64.3360291      -5.27585888               1
       30024       70023   59.5164185      -5.27585888               1
       30024       80023   56.4837151      -5.27585888               1
       30024       90023   54.3493576      -5.27585888               1
       30024      100023   52.7159653      -5.27585888               1
       30024      110023   51.3771057      -5.27585888               1
       30024      120023   50.2108421      -5.27585888               1
       30024      130023   49.1358223      -5.27585888               1
       30024      140023   48.0892067      -5.27585888               1
       30024       40023   97.1476364      -5.27585888               1
       40023       50014   48.8824043      -5.27585888               1
       40023       50015   50.2031708      -5.27585888               1
       40023       50016   51.6628494      -5.27585888               1
       40023       50017   53.3931770      -5.27585888               1
       40023       50018   55.6073074      -5.27585888               1
       40023       50019   59.4980392      -5.27585888               1
       40023       50020   63.5860100      -5.27585888               1
       40023       50021   72.7366333      -5.27585888               1
       40023       50022   96.5189972      -5.27585888               1
       40023       60015   26.4344387      -5.27585888               1
       40023       60016   27.8941174      -5.27585888               1
       40023       60020   39.8172798      -5.27585888               1
       20023       40025   50.0903625      -5.27585888               1
       30024       40025   97.3854370      -5.27585888               1
       40025       50014   48.0409889      -5.27585888               1
       40025       50015   49.0878372      -5.27585888               1
       40025       50016   50.1634521      -5.27585888               1
       40025       50017   51.3306847      -5.27585888               1
       40025       50018   52.6708946      -5.27585888               1
       40025       50019   54.6849670      -5.27585888               1
       40025       50020   56.4440308      -5.27585888               1
       40025       50021   59.4825630      -5.27585888               1
       40025       50022   64.3088684      -5.27585888               1
       40025       50023   73.4092178      -5.27585888               1
       40025       60015   25.3558636      -5.27585888               1
       40025       60016   26.4314785      -5.27585888               1
       40025       60017   27.5987110      -5.27585888               1
       40025       60018   28.9389229      -5.27585888               1
       40025       60019   30.9529953      -5.27585888               1
       40025       60020   32.7120590      -5.27585888               1
       40025       60021   35.7505913      -5.27585888               1
       40025       60022   40.5768967      -5.27585888               1
       40025       60023   49.6772461      -5.27585888               1
       40025       60024   73.4205780      -5.27585888               1
       40025       70024   64.3211899      -5.27585888               1
       40025       80024   59.4988518      -5.27585888               1
       40025       90024   56.4637642      -5.27585888               1
       40025      100023   30.5840797      -5.27585888               1
       40025      100024   54.3274117      -5.27585888               1
       40025      110024   52.6930466      -5.27585888               1
       40025      120024   51.3535538      -5.27585888               1
       40025      130024   50.1869545      -5.27585888               1
       40025      140024   49.1115646      -5.27585888               1
       40025      150024   48.0647163      -5.27585888               1
       20023       50024   64.5539246      -5.27585888               1
       40023       50024   96.8563766      -5.27585888               1
       40025       50024   97.1525497      -5.27585888               1
       30024       50026   50.1873856      -5.27585888               1
       40023       50026   64.5731888      -5.27585888               1
       40025       50026   97.4245453      -5.27585888               1
       50026       60015   48.0690193      -5.27585888               1
       50026       60016   49.1159935      -5.27585888               1
       50026       60017   50.1917534      -5.27585888               1
       50026       60018   51.3590126      -5.27585888               1
       50026       60019   52.9979782      -5.27585888               1
       50026       60020   54.3348503      -5.27585888               1
       50026       60021   56.4731827      -5.27585888               1
       50026       60022   59.5113640      -5.27585888               1
       50026       60023   64.3387222      -5.27585888               1
       50026       60024   73.4432831      -5.27585888               1
       50026       70024   49.6836243      -5.27585888               1
       50026      120024   28.9563961      -5.27585888               1
       50026      150024   25.3742638      -5.27585888               1
       30024       60025   64.5738220      -5.27585888               1
       40023       60025   49.6091156      -5.27585888               1
       50026       60025   97.1900787      -5.27585888               1
       60025       70016   48.9060974      -5.27585888               1
       60025       70017   50.2270775      -5.27585888               1
       60025       70018   51.6868744      -5.27585888               1
       60025       70019   53.8123817      -5.27585888               1
       60025       70020   55.6313438      -5.27585888               1
       60025       70021   58.7324524      -5.27585888               1
       60025       70022   63.6106186      -5.27585888               1
       60025       70023   72.7544098      -5.27585888               1
       60025       70024   96.5345001      -5.27585888               1
       60025       80017   26.4466991      -5.27585888               1
       60025       80018   27.9064941      -5.27585888               1
       60025       80019   30.0320015      -5.27585888               1
       60025       80020   31.8509636      -5.27585888               1
       60025       80021   34.9520721      -5.27585888               1
       60025       80022   39.8302383      -5.27585888               1
       60025       80023   48.9740334      -5.27585888               1
       60025       80024   72.7541199      -5.27585888               1
       60025       90018   18.7627163      -5.27585888               1
       60025       90019   20.8882256      -5.27585888               1
       60025       90020   22.7071857      -5.27585888               1
       60025       90021   25.8082943      -5.27585888               1
       60025       90022   30.6864605      -5.27585888               1
       60025       90023   39.8302536      -5.27585888               1
       60025       90024   63.6103439      -5.27585888               1
       60025      100023   34.9507904      -5.27585888               1
       60025      100024   58.7308807      -5.27585888               1
       60025      110023   31.8503895      -5.27585888               1
       60025      110024   55.6304779      -5.27585888               1
       60025      120023   29.6364002      -5.27585888               1
       60025      120024   53.4164925      -5.27585888               1
       60025      130023   27.9067059      -5.27585888               1
       60025      130024   51.6867981      -5.27585888               1
       60025      140023   26.4470787      -5.27585888               1
       60025      140024   50.2271690      -5.27585888               1
       60025      150024   48.9063759      -5.27585888               1
       50026       60027   97.4858780      -5.27585888               1
       60027       70016   48.0647163      -5.27585888               1
       60027       70017   49.1118050      -5.27585888               1
       60027       70018   50.1875801      -5.27585888               1
       60027       70019   51.6060562      -5.27585888               1
       60027       70020   52.6951942      -5.27585888               1
       60027       70021   54.3309097      -5.27585888               1
       60027       70022   56.4687996      -5.27585888               1
       60027       70023   59.5067940      -5.27585888               1
       60027       70024   64.3341217      -5.27585888               1
       60027       70025   73.4343109      -5.27585888               1
       60027       80024   40.5904961      -5.27585888               1
       60027       80026   73.4754028      -5.27585888               1
       60027       90026   64.3750687      -5.27585888               1
       60027      100026   59.5474434      -5.27585888               1
       60027      110026   56.5096016      -5.27585888               1
       60027      120026   54.3720703      -5.27585888               1
       60027      130026   52.7371979      -5.27585888               1
       60027      140026   51.3970985      -5.27585888               1
       60027      150026   50.2300148      -5.27585888               1
       60027      160026   49.1543159      -5.27585888               1
       60027      170026   48.1072273      -5.27585888               1
       60025       70026   96.8648682      -5.27585888               1
       60027       70026   97.2190323      -5.27585888               1
       70026       80017   48.9354172      -5.27585888               1
       70026       80018   50.2564163      -5.27585888               1
       70026       80019   52.0356445      -5.27585888               1
       70026       80020   53.4466553      -5.27585888               1
       70026       80021   55.6614647      -5.27585888               1
       70026       80022   58.7622299      -5.27585888               1
       70026       80023   63.6414375      -5.27585888               1
       70026       80024   72.7894363      -5.27585888               1
       70026       80025   96.5729904      -5.27585888               1
       70026       90018   26.4543457      -5.27585888               1
       70026       90019   28.2335739      -5.27585888               1
       70026       90020   29.6445827      -5.27585888               1
       70026       90021   31.8593941      -5.27585888               1
       70026       90022   34.9601593      -5.27585888               1
       70026       90023   39.8393669      -5.27585888               1
       70026       90024   48.9873657      -5.27585888               1
       70026       90025   72.7709198      -5.27585888               1
       70026      100024   39.8365021      -5.27585888               1
       70026      110024   34.9570732      -5.27585888               1
       70026      120024   31.8565483      -5.27585888               1
       70026      130024   29.6428871      -5.27585888               1
       70026      140024   27.9127121      -5.27585888               1
       70026      150024   26.4530392      -5.27585888               1
       60025       70028   64.5956039      -5.27585888               1
       60027       70028   97.4431000      -5.27585888               1
       70028       80017   48.0939827      -5.27585888               1
       70028       80018   49.1411057      -5.27585888               1
       70028       80019   50.4408684      -5.27585888               1
       70028       80020   51.3842278      -5.27585888               1
       70028       80021   52.7246971      -5.27585888               1
       70028       80022   54.3602142      -5.27585888               1
       70028       80023   56.4980583      -5.27585888               1
       70028       80024   59.5361595      -5.27585888               1
       70028       80025   64.3620911      -5.27585888               1
       70028       80026   73.4675827      -5.27585888               1
       70028       90018   25.3757877      -5.27585888               1
       70028       90020   27.6189117      -5.27585888               1
       70028       90021   28.9593792      -5.27585888               1
       70028       90023   32.7327423      -5.27585888               1
       70028       90024   35.7708435      -5.27585888               1
       70028       90027   73.4442749      -5.27585888               1
       70028      100027   64.3368454      -5.27585888               1
       70028      110027   59.5092506      -5.27585888               1
       70028      120027   56.4712868      -5.27585888               1
       70028      130027   54.3341026      -5.27585888               1
       70028      140027   52.6987381      -5.27585888               1
       70028      150027   51.3586197      -5.27585888               1
       70028      160027   50.1913872      -5.27585888               1
       70028      170027   49.1156044      -5.27585888               1
       70028      180027   48.0684853      -5.27585888               1
       50026       80027   64.6314240      -5.27585888               1
       70026       80027   96.9271622      -5.27585888               1
       70028       80027   97.2095871      -5.27585888               1
       80027       90018   48.9535103      -5.27585888               1
       80027       90019   50.5519638      -5.27585888               1
       80027       90020   51.7343903      -5.27585888               1
       80027       90021   53.4649200      -5.27585888               1
       80027       90022   55.6792908      -5.27585888               1
       80027       90023   58.7798576      -5.27585888               1
       80027       90024   63.6590309      -5.27585888               1
       80027       90025   72.8026581      -5.27585888               1
       80027       90026   96.6241302      -5.27585888               1
       80027      100026   72.7997742      -5.27585888               1
       80027      110026   63.6525421      -5.27585888               1
       80027      120026   58.7736168      -5.27585888               1
       80027      130026   55.6740074      -5.27585888               1
       80027      140026   53.4596710      -5.27585888               1
       80027      150026   51.7295532      -5.27585888               1
       80027      160026   50.2697182      -5.27585888               1
       80027      170026   48.9487114      -5.27585888               1
       70026       80029   64.6281281      -5.27585888               1
       70028       80029   97.4658203      -5.27585888               1
       80029       90018   48.1122208      -5.27585888               1
       80029       90019   49.3704262      -5.27585888               1
       80029       90020   50.2352638      -5.27585888               1
       80029       90021   51.4027328      -5.27585888               1
       80029       90022   52.7431908      -5.27585888               1
       80029       90023   54.3788376      -5.27585888               1
       80029       90024   56.5170021      -5.27585888               1
       80029       90025   59.5549545      -5.27585888               1
       80029       90026   64.3834610      -5.27585888               1
       80029       90027   73.4831543      -5.27585888               1
       80029      100028   73.4335480      -5.27585888               1
       80029      110028   64.3297424      -5.27585888               1
       80029      120028   59.5026436      -5.27585888               1
       80029      130028   56.4655991      -5.27585888               1
       80029      140028   54.3277130      -5.27585888               1
       80029      150028   52.6924095      -5.27585888               1
       80029      160028   51.3520966      -5.27585888               1
       80029      170028   50.1847801      -5.27585888               1
       80029      180028   49.1089325      -5.27585888               1
       80029      190028   47.8507309      -5.27585888               1
       60027       90028   64.5991287      -5.27585888               1
       80027       90028   96.9065628      -5.27585888               1
       80029       90028   97.2211533      -5.27585888               1
       90028      100020   50.2687035      -5.27585888               1
       90028      100027   96.5795364      -5.27585888               1
       90028      110027   72.7628937      -5.27585888               1
       90028      120027   63.6143875      -5.27585888               1
       90028      130027   58.7367706      -5.27585888               1
       90028      140027   55.6357079      -5.27585888               1
       90028      150027   53.4214325      -5.27585888               1
       90028      160027   51.6910019      -5.27585888               1
       90028      170027   50.2310562      -5.27585888               1
       90028      180027   48.9099846      -5.27585888               1
       80027       90030   64.6454773      -5.27585888               1
       80029       90030   97.5272141      -5.27585888               1
       70028      100029   64.5930786      -5.27585888               1
       90028      100029   96.8941345      -5.27585888               1
      100029      110020   48.9287376      -5.27585888               1
      100029      110021   50.2499084      -5.27585888               1
      100029      110022   51.7099304      -5.27585888               1
      100029      110023   53.4404030      -5.27585888               1
      100029      110024   55.6550407      -5.27585888               1
      100029      110026   63.6359062      -5.27585888               1
      100029      110027   72.7790375      -5.27585888               1
      100029      110028   96.5537872      -5.27585888               1
      100029      120028   72.7516556      -5.27585888               1
      100029      130028   63.6096306      -5.27585888               1
      100029      140028   58.7298355      -5.27585888               1
      100029      150028   55.6293793      -5.27585888               1
      100029      160028   53.4147682      -5.27585888               1
      100029      170028   51.6843071      -5.27585888               1
      100029      180028   50.2243042      -5.27585888               1
      100029      190028   48.6469383      -5.27585888               1
       90030      100031   97.4911804      -5.27585888               1
      100031      110020   48.0874481      -5.27585888               1
      100031      110021   49.1347237      -5.27585888               1
      100031      110022   50.2107124      -5.27585888               1
      100031      110023   51.3782082      -5.27585888               1
      100031      110024   52.7187729      -5.27585888               1
      100031      110025   54.3543968      -5.27585888               1
      100031      110026   56.4927521      -5.27585888               1
      100031      110027   59.5302544      -5.27585888               1
      100031      110028   64.3556519      -5.27585888               1
      100031      110029   73.4594650      -5.27585888               1
      100031      120021   25.3693314      -5.27585888               1
      100031      120024   28.9533844      -5.27585888               1
      100031      120030   73.4438095      -5.27585888               1
      100031      130030   64.3452148      -5.27585888               1
      100031      140030   59.5172501      -5.27585888               1
      100031      150030   56.4793549      -5.27585888               1
      100031      160030   54.3412018      -5.27585888               1
      100031      170030   52.7055511      -5.27585888               1
      100031      180030   51.3650703      -5.27585888               1
      100031      190030   49.9773941      -5.27585888               1
      100031      200030   49.1217499      -5.27585888               1
      100031      210030   48.0744743      -5.27585888               1
      100029      110030   96.9182053      -5.27585888               1
      100031      110030   97.2091980      -5.27585888               1
      110030      120021   48.8722763      -5.27585888               1
      110030      120022   50.1934776      -5.27585888               1
      110030      120023   51.6535606      -5.27585888               1
      110030      120024   53.3841820      -5.27585888               1
      110030      120025   55.5986977      -5.27585888               1
      110030      120026   58.7002449      -5.27585888               1
      110030      120027   63.5783501      -5.27585888               1
      110030      120028   72.7211380      -5.27585888               1
      110030      120029   96.5402603      -5.27585888               1
      110030      130029   72.7961731      -5.27585888               1
      110030      140029   63.6507568      -5.27585888               1
      100029      110032   64.6196136      -5.27585888               1
      100031      110032   97.4262314      -5.27585888               1
      110032      120021   48.0308838      -5.27585888               1
      110032      120022   49.0782051      -5.27585888               1
      110032      120023   50.1542091      -5.27585888               1
      110032      120024   51.3217354      -5.27585888               1
      110032      120025   52.6622162      -5.27585888               1
      110032      120026   54.2980576      -5.27585888               1
      110032      120027   56.4357185      -5.27585888               1
      110032      120028   59.4730759      -5.27585888               1
      110032      120029   64.3000259      -5.27585888               1
      110032      120030   73.3983612      -5.27585888               1
      110032      130031   73.3993149      -5.27585888               1
       90030      120031   64.6062012      -5.27585888               1
      110030      120031   96.8312531      -5.27585888               1
      110032      120031   97.1066513      -5.27585888               1
      120031      130022   48.8920403      -5.27585888               1
      120031      130023   50.2132339      -5.27585888               1
      120031      130024   51.6733322      -5.27585888               1
      120031      130025   53.4037628      -5.27585888               1
      120031      130026   55.6185760      -5.27585888               1
      120031      130027   58.7186432      -5.27585888               1
      120031      130028   63.5958748      -5.27585888               1
      120031      130029   72.7431030      -5.27585888               1
      120031      130030   96.5295868      -5.27585888               1
      120031      140023   26.4427967      -5.27585888               1
      120031      140024   27.9028931      -5.27585888               1
      120031      140030   72.7591476      -5.27585888               1
      120031      150030   63.6203804      -5.27585888               1
      120031      160030   58.7420883      -5.27585888               1
      120031      170030   55.6415901      -5.27585888               1
      120031      180030   53.4271469      -5.27585888               1
      120031      190030   51.3883514      -5.27585888               1
      120031      200030   50.2369080      -5.27585888               1
      120031      210030   48.9158211      -5.27585888               1
      110030      120033   64.5618286      -5.27585888               1
      110032      120033   97.3853683      -5.27585888               1
      120033      130022   48.0506630      -5.27585888               1
      120033      130023   49.0979805      -5.27585888               1
      120033      130024   50.1739845      -5.27585888               1
      120033      130025   51.3414497      -5.27585888               1
      120033      130026   52.6820450      -5.27585888               1
      120033      130027   54.3174782      -5.27585888               1
      120033      130028   56.4550896      -5.27585888               1
      120033      130029   59.4931526      -5.27585888               1
      120033      130030   64.3185196      -5.27585888               1
      120033      130031   73.4109955      -5.27585888               1
      120033      140031   49.6773071      -5.27585888               1
      120033      140032   73.4083710      -5.27585888               1
      120033      150032   64.3130341      -5.27585888               1
      120033      160032   59.4865799      -5.27585888               1
      120033      170031   32.7175827      -5.27585888               1
      120033      170032   56.4486465      -5.27585888               1
      120033      180032   54.3106651      -5.27585888               1
      120033      190032   52.3883743      -5.27585888               1
      120033      200032   51.3347740      -5.27585888               1
      120033      210032   50.1674004      -5.27585888               1
      120033      220031   25.3603363      -5.27585888               1
      120033      220032   49.0914001      -5.27585888               1
      120033      230032   48.0440826      -5.27585888               1
      120031      130032   96.8049774      -5.27585888               1
      120033      130032   97.1420593      -5.27585888               1
      130032      140023   48.9247513      -5.27585888               1
      130032      140024   50.2459755      -5.27585888               1
      130032      140025   51.7060013      -5.27585888               1
      130032      140026   53.4366493      -5.27585888               1
      130032      140027   55.6507835      -5.27585888               1
      130032      140028   58.7507019      -5.27585888               1
      130032      140029   63.6294861      -5.27585888               1
      130032      140030   72.7712479      -5.27585888               1
      130032      140031   96.5162811      -5.27585888               1
      130032      150031   72.7245636      -5.27585888               1
      120031      130034   64.5766602      -5.27585888               1
      120033      130034   97.3501968      -5.27585888               1
      130034      140023   48.0833054      -5.27585888               1
      130034      140024   49.1306190      -5.27585888               1
      130034      140025   50.2065773      -5.27585888               1
      130034      140026   51.3740845      -5.27585888               1
      130034      140027   52.7143860      -5.27585888               1
      130034      140028   54.3497086      -5.27585888               1
      130034      140029   56.4874954      -5.27585888               1
      130034      140030   59.5243683      -5.27585888               1
      130034      140031   64.3463211      -5.27585888               1
      130034      140032   73.4382172      -5.27585888               1
      130034      150024   25.3756523      -5.27585888               1
      130034      150032   49.6832542      -5.27585888               1
      130034      150033   73.3648987      -5.27585888               1
      130034      160033   64.2601700      -5.27585888               1
      130034      170033   59.4325027      -5.27585888               1
      130034      180033   56.3940392      -5.27585888               1
      130034      190033   53.8974380      -5.27585888               1
      130034      200033   52.6204796      -5.27585888               1
      130034      210033   51.2800980      -5.27585888               1
      130034      220033   50.1125641      -5.27585888               1
      130034      230033   49.0365524      -5.27585888               1
      130034      240033   47.9892426      -5.27585888               1
      110032      140033   64.5760422      -5.27585888               1
      130032      140033   96.8533630      -5.27585888               1
      130034      140033   97.1198578      -5.27585888               1
      140033      150024   48.9236259      -5.27585888               1
      140033      150025   50.2447929      -5.27585888               1
      140033      150026   51.7049179      -5.27585888               1
      140033      150027   53.4351730      -5.27585888               1
      140033      150028   55.6492500      -5.27585888               1
      140033      150029   58.7498627      -5.27585888               1
      140033      150030   63.6270638      -5.27585888               1
      140033      150031   72.7629700      -5.27585888               1
      140033      150032   96.5307846      -5.27585888               1
      140033      160030   39.8325157      -5.27585888               1
      140033      160031   48.9684219      -5.27585888               1
      140033      160032   72.7362289      -5.27585888               1
      140033      170031   39.8227234      -5.27585888               1
      140033      170032   63.5905342      -5.27585888               1
      140033      180031   34.9439011      -5.27585888               1
      140033      180032   58.7117119      -5.27585888               1
      140033      190031   31.3472729      -5.27585888               1
      140033      190032   55.1150818      -5.27585888               1
      140033      200031   29.6292458      -5.27585888               1
      140033      200032   53.3970566      -5.27585888               1
      140033      210031   27.8989811      -5.27585888               1
      140033      210032   51.6667900      -5.27585888               1
      140033      220031   26.4388599      -5.27585888               1
      140033      220032   50.2066689      -5.27585888               1
      140033      230032   48.8854446      -5.27585888               1
      130032      140035   64.6115875      -5.27585888               1
      130034      140035   97.4072571      -5.27585888               1
      140035      150024   48.0821838      -5.27585888               1
      140035      150025   49.1294899      -5.27585888               1
      140035      150026   50.2054939      -5.27585888               1
      140035      150027   51.3728828      -5.27585888               1
      140035      150028   52.7132301      -5.27585888               1
      140035      150029   54.3488579      -5.27585888               1
      140035      150030   56.4864426      -5.27585888               1
      140035      150031   59.5226822      -5.27585888               1
      140035      150032   64.3473663      -5.27585888               1
      140035      150033   73.4426117      -5.27585888               1
      140035      160034   73.3852386      -5.27585888               1
      140035      170034   64.2829742      -5.27585888               1
      140035      180034   59.4559898      -5.27585888               1
      140035      190034   55.9359970      -5.27585888               1
      140035      200034   54.2803688      -5.27585888               1
      140035      210034   52.6449318      -5.27585888               1
      140035      220034   51.3043594      -5.27585888               1
      140035      230034   50.1368408      -5.27585888               1
      140035      240034   49.0608521      -5.27585888               1
      140035      250034   48.0135498      -5.27585888               1
      120033      150034   64.5211639      -5.27585888               1
      140033      150034   96.7972794      -5.27585888               1
      140035      150034   97.1430359      -5.27585888               1
      150034      160025   48.9386253      -5.27585888               1
      150034      160026   50.2598190      -5.27585888               1
      150034      160027   51.7196732      -5.27585888               1
      150034      160028   53.4498100      -5.27585888               1
      150034      160029   55.6640434      -5.27585888               1
      150034      160030   58.7634735      -5.27585888               1
      150034      160031   63.6372681      -5.27585888               1
      150034      160032   72.7725906      -5.27585888               1
      150034      160033   96.4909821      -5.27585888               1
      150034      170026   26.4507599      -5.27585888               1
      150034      170027   27.9106159      -5.27585888               1
      150034      170028   29.6407509      -5.27585888               1
      150034      170029   31.8549862      -5.27585888               1
      150034      170030   34.9544144      -5.27585888               1
      150034      170031   39.8282089      -5.27585888               1
      150034      170032   48.9635353      -5.27585888               1
      150034      170033   72.6819229      -5.27585888               1
      150034      180032   39.8170166      -5.27585888               1
      150034      180033   63.5354080      -5.27585888               1
      150034      190033   57.9358330      -5.27585888               1
      150034      200033   55.5567856      -5.27585888               1
      150034      210033   53.3426094      -5.27585888               1
      150034      220033   51.6119576      -5.27585888               1
      150034      230033   50.1518211      -5.27585888               1
      150034      240033   48.8306160      -5.27585888               1
      140033      150036   64.6084442      -5.27585888               1
      140035      150036   97.4509430      -5.27585888               1
      150036      160025   48.0971870      -5.27585888               1
      150036      160026   49.1444740      -5.27585888               1
      150036      160027   50.2203751      -5.27585888               1
      150036      160028   51.3877106      -5.27585888               1
      150036      160029   52.7281075      -5.27585888               1
      150036      160030   54.3633919      -5.27585888               1
      150036      160031   56.5001717      -5.27585888               1
      150036      160032   59.5367584      -5.27585888               1
      150036      160033   64.3605194      -5.27585888               1
      150036      160034   73.4505463      -5.27585888               1
      150036      170026   25.3721676      -5.27585888               1
      150036      170027   26.4480705      -5.27585888               1
      150036      170028   27.6154041      -5.27585888               1
      150036      170029   28.9558010      -5.27585888               1
      150036      170031   32.7278633      -5.27585888               1
      150036      170032   35.7644539      -5.27585888               1
      150036      170035   73.4307098      -5.27585888               1
      150036      180035   64.3276215      -5.27585888               1
      150036      190035   58.7914658      -5.27585888               1
      150036      200035   56.4634132      -5.27585888               1
      150036      210035   54.3257179      -5.27585888               1
      150036      220035   52.6898880      -5.27585888               1
      150036      230035   51.3493042      -5.27585888               1
      150036      240035   50.1818161      -5.27585888               1
      150036      250035   49.1058273      -5.27585888               1
      150036      260035   48.0585403      -5.27585888               1
      130034      160035   64.5475616      -5.27585888               1
      150034      160035   96.8367386      -5.27585888               1
      150036      160035   97.2030106      -5.27585888               1
      160035      170026   48.9020424      -5.27585888               1
      160035      170027   50.2231483      -5.27585888               1
      160035      170028   51.6830330      -5.27585888               1
      160035      170029   53.4134560      -5.27585888               1
      160035      170030   55.6274948      -5.27585888               1
      160035      170031   58.7263031      -5.27585888               1
      160035      170032   63.6028252      -5.27585888               1
      160035      170033   72.7415009      -5.27585888               1
      160035      170034   96.4786758      -5.27585888               1
      160035      180034   72.6997223      -5.27585888               1
      160035      190034   62.3650970      -5.27585888               1
      160035      200034   58.6812325      -5.27585888               1
      160035      210034   55.5814743      -5.27585888               1
      160035      220034   53.3667831      -5.27585888               1
      160035      230034   51.6361809      -5.27585888               1
      160035      240034   50.1761131      -5.27585888               1
      160035      250034   48.8549042      -5.27585888               1
      150034      160037   64.6172104      -5.27585888               1
      150036      160037   97.4059906      -5.27585888               1
      160037      170026   48.0603561      -5.27585888               1
      160037      170027   49.1075630      -5.27585888               1
      160037      170028   50.1833572      -5.27585888               1
      160037      170029   51.3506279      -5.27585888               1
      160037      170030   52.6906891      -5.27585888               1
      160037      170031   54.3252792      -5.27585888               1
      160037      170032   56.4618530      -5.27585888               1
      160037      170033   59.4973488      -5.27585888               1
      160037      170034   64.3175278      -5.27585888               1
      160037      170035   73.4118500      -5.27585888               1
      160037      180035   49.6696510      -5.27585888               1
      160037      180036   73.3641129      -5.27585888               1
      160037      190036   63.0825691      -5.27585888               1
      160037      200036   59.4409180      -5.27585888               1
      160037      210036   56.4037552      -5.27585888               1
      160037      220036   54.2655563      -5.27585888               1
      160037      230036   52.6298027      -5.27585888               1
      160037      240036   51.2893219      -5.27585888               1
      160037      250035   26.4273949      -5.27585888               1
      160037      250036   50.1218567      -5.27585888               1
      160037      260036   49.0459518      -5.27585888               1
      160037      270036   47.9987488      -5.27585888               1
      140035      170036   64.5908737      -5.27585888               1
      160035      170036   96.8449478      -5.27585888               1
      160037      170036   97.1063080      -5.27585888               1
      170036      180027   48.9082413      -5.27585888               1
      170036      180028   50.2292709      -5.27585888               1
      170036      180029   51.6891861      -5.27585888               1
      170036      180030   53.4192696      -5.27585888               1
      170036      180031   55.6325150      -5.27585888               1
      170036      180032   58.7316666      -5.27585888               1
      170036      180033   63.6072617      -5.27585888               1
      170036      180034   72.7407303      -5.27585888               1
      170036      180035   96.5299454      -5.27585888               1
      170036      190035   70.3256302      -5.27585888               1
      170036      200035   63.6042290      -5.27585888               1
      170036      210035   58.7275085      -5.27585888               1
      170036      220035   55.6264343      -5.27585888               1
      170036      240035   51.6811562      -5.27585888               1
      170036      250035   50.2210579      -5.27585888               1
      170036      260035   48.8999176      -5.27585888               1
      160035      170038   64.5713501      -5.27585888               1
      160037      170038   97.3162231      -5.27585888               1
      170038      180027   48.0663452      -5.27585888               1
      170038      180028   49.1133842      -5.27585888               1
      170038      180029   50.1890030      -5.27585888               1
      170038      180030   51.3558960      -5.27585888               1
      170038      180031   52.6952629      -5.27585888               1
      170038      180032   54.3292809      -5.27585888               1
      170038      180033   56.4645042      -5.27585888               1
      170038      180034   59.4967880      -5.27585888               1
      170038      180035   64.3147507      -5.27585888               1
      170038      180036   73.3881989      -5.27585888               1
      170038      190037   70.9001923      -5.27585888               1
      170038      200037   64.2141342      -5.27585888               1
      170038      220037   56.3508148      -5.27585888               1
      170038      240037   52.5769348      -5.27585888               1
      170038      250037   51.2364502      -5.27585888               1
      170038      260037   50.0691185      -5.27585888               1
      170038      270037   48.9932747      -5.27585888               1
      170038      280037   47.9462357      -5.27585888               1
      150036      180037   64.5306015      -5.27585888               1
      160035      180037   49.6015053      -5.27585888               1
      170036      180037   96.7912979      -5.27585888               1
      170038      180037   97.0596237      -5.27585888               1
      180037      190028   41.5348892      -5.27585888               1
      180037      190029   42.8558197      -5.27585888               1
      180037      190030   44.3154030      -5.27585888               1
      180037      190031   46.0448074      -5.27585888               1
      180037      190032   48.2578430      -5.27585888               1
      180037      190035   65.3656769      -5.27585888               1
      180037      190036   89.0968933      -5.27585888               1
      180037      200036   72.6819916      -5.27585888               1
      180037      210036   63.5453987      -5.27585888               1
      180037      220036   58.6668358      -5.27585888               1
      180037      230036   55.5660477      -5.27585888               1
      180037      240036   53.3515930      -5.27585888               1
      180037      250035   27.8898754      -5.27585888               1
      180037      250036   51.6210938      -5.27585888               1
      180037      260036   50.1611862      -5.27585888               1
      180037      270036   48.8400726      -5.27585888               1
      170036      180039   64.5440521      -5.27585888               1
      170038      180039   97.1031570      -5.27585888               1
      180039      190028   40.6991386      -5.27585888               1
      180039      190029   41.7457542      -5.27585888               1
      180039      190030   42.8207512      -5.27585888               1
      180039      190031   43.9866447      -5.27585888               1
      180039      190032   45.3247833      -5.27585888               1
      180039      190033   46.9566116      -5.27585888               1
      180039      190036   56.9150162      -5.27585888               1
      180039      190037   65.9612656      -5.27585888               1
      180039      200038   73.0891037      -5.27585888               1
      180039      210038   63.9960098      -5.27585888               1
      180039      220038   59.1693649      -5.27585888               1
      180039      230038   56.1312370      -5.27585888               1
      180039      250037   28.8449841      -5.27585888               1
      180039      250038   52.3578262      -5.27585888               1
      180039      260037   27.5048180      -5.27585888               1
      180039      260038   51.0176620      -5.27585888               1
      180039      270037   26.3376236      -5.27585888               1
      180039      270038   49.8504677      -5.27585888               1
      180039      280037   25.2621231      -5.27585888               1
      180039      280038   48.7749672      -5.27585888               1
      180039      290038   47.7283516      -5.27585888               1
      180037      190038   89.3651962      -5.27585888               1
      180039      190038   89.4741058      -5.27585888               1
      190038      200036   82.8493500      -5.27585888               1
      190038      200037   106.561928      -5.27585888               1
      190038      210037   75.4699173      -5.27585888               1
      190038      220037   64.7643051      -5.27585888               1
      190038      250037   53.5904846      -5.27585888               1
      190038      260037   51.7728348      -5.27585888               1
      190038      270037   50.2562561      -5.27585888               1
      190038      280037   48.8966141      -5.27585888               1
      180039      190040   89.3916168      -5.27585888               1
      190040      200038   83.3729782      -5.27585888               1
      190040      210039   75.5915604      -5.27585888               1
      190040      220039   64.9294357      -5.27585888               1
      190040      230039   59.5342369      -5.27585888               1
      190040      240039   56.2299004      -5.27585888               1
      190040      250039   53.9467392      -5.27585888               1
      190040      260039   52.2240448      -5.27585888               1
      190040      270039   50.8271599      -5.27585888               1
      190040      280039   49.6214104      -5.27585888               1
      190040      290039   48.5184746      -5.27585888               1
      190040      300039   47.4516792      -5.27585888               1
      170038      200039   64.2576675      -5.27585888               1
      190038      200039   106.670792      -5.27585888               1
      190040      200039   106.646774      -5.27585888               1
      200039      210030   48.9032211      -5.27585888               1
      200039      210031   50.2228088      -5.27585888               1
      200039      210032   51.6804810      -5.27585888               1
      200039      210033   53.4071236      -5.27585888               1
      200039      210034   55.6146469      -5.27585888               1
      200039      210035   58.7037163      -5.27585888               1
      200039      210036   63.5564117      -5.27585888               1
      200039      210037   72.6461029      -5.27585888               1
      200039      210038   96.1957245      -5.27585888               1
      200039      220032   27.9018860      -5.27585888               1
      200039      220038   72.4171295      -5.27585888               1
      200039      230038   63.2728844      -5.27585888               1
      200039      250037   31.7442875      -5.27585888               1
      200039      250038   55.2939072      -5.27585888               1
      200039      260038   53.0799561      -5.27585888               1
      200039      270038   51.3496895      -5.27585888               1
      200039      280038   49.8901443      -5.27585888               1
      200039      290038   48.5697403      -5.27585888               1
      180039      210040   63.9135208      -5.27585888               1
      200039      210040   96.1716614      -5.27585888               1
      210040      220031   48.9457359      -5.27585888               1
      210040      220032   50.2647476      -5.27585888               1
      210040      220033   51.7213326      -5.27585888               1
      210040      220034   53.4457474      -5.27585888               1
      210040      220035   55.6499634      -5.27585888               1
      210040      220036   58.7293701      -5.27585888               1
      210040      220037   63.5638466      -5.27585888               1
      210040      220038   72.5868835      -5.27585888               1
      210040      220039   95.8943329      -5.27585888               1
      210040      230039   72.0782394      -5.27585888               1
      210040      240039   62.9297333      -5.27585888               1
      210040      250038   34.7422943      -5.27585888               1
      210040      250039   58.0497398      -5.27585888               1
      210040      260038   31.6420479      -5.27585888               1
      210040      260039   54.9494896      -5.27585888               1
      210040      270038   29.4274979      -5.27585888               1
      210040      270039   52.7349434      -5.27585888               1
      210040      280038   27.6974220      -5.27585888               1
      210040      280039   51.0048637      -5.27585888               1
      210040      290038   26.2381630      -5.27585888               1
      210040      290039   49.5456085      -5.27585888               1
      210040      300039   48.2254181      -5.27585888               1
