         792
       10020       20011   50.5674019      -5.29695606               1
       10020       20012   51.3188553      -5.35145187               1
       10020       20013   52.1476898      -5.38387585               1
       10020       20014   52.6930313      -5.35526180               1
       10020       20015   53.7934875      -5.31904078               1
       10020       20016   54.9318314      -5.25309658               1
       10020       20017   61.3292580      -5.27259493               1
       10020       20018   67.3626556      -4.80970335               1
       10020       20019   90.4458466      -3.03506064               1
       10020       30012   22.3202038      -5.69313288               1
       10020       30013   23.1490383      -5.75394106               1
       10020       30014   23.6943817      -5.68179083               1
       10020       30015   24.7948341      -5.58871460               1
       10020       30016   25.9331779      -5.43719435               1
       10020       30017   32.3306046      -5.43775320               1
       10020       30018   38.3640060      -4.59899616               1
       10020       30019   61.4472847      -2.06600571               1
       10022       20011   50.2368546      -5.30718136               1
       10022       20012   50.8465004      -5.35788631               1
       10022       20013   51.4815750      -5.39281034               1
       10022       20014   51.8590317      -5.38031769               1
       10022       20015   52.5202827      -5.37550735               1
       10022       20016   53.0931931      -5.36141968               1
       10022       20017   55.8386536      -5.49471045               1
       10022       20018   57.8458061      -5.42781496               1
       10022       20019   62.2823639      -5.22153997               1
       10022       20020   77.4206314      -5.75465727               1
       10022       30012   21.8588886      -5.71414518               1
       10022       30013   22.4939651      -5.78401709               1
       10022       30014   22.8714199      -5.74923563               1
       10022       30015   23.5326710      -5.72813320               1
       10022       30016   24.1055832      -5.68872356               1
       10022       30017   26.8510437      -5.93244553               1
       10022       30018   28.8581963      -5.76790857               1
       10022       30019   33.2947502      -5.33672523               1
       10022       30020   48.4330254      -6.15291595               1
       10022       30021   78.7239075      -5.78194284               1
       10022       40021   66.2345200      -5.78131580               1
       10022       50021   64.0997772      -5.91051102               1
       10022       60021   61.5211868      -5.82454824               1
       10022       70021   60.1742249      -5.84660387               1
       10022       80021   59.4213371      -5.83957195               1
       10022       90021   58.8423004      -5.85900545               1
       10022      100021   57.8492584      -5.83307219               1
       10022      110021   57.4746628      -5.84754896               1
       10022      120021   56.8650169      -5.80800390               1
       10020       20021   114.508461      -5.31437063               1
       10022       20021   107.711517      -5.59552050               1
       20021       30012   50.0175056      -3.99815559               1
       20021       30013   50.7952499      -4.05750227               1
       20021       30014   51.2729416      -4.05101490               1
       20021       30015   52.1588173      -4.06108618               1
       20021       30016   52.9904022      -4.05379152               1
       20021       30017   57.2816887      -4.30118418               1
       20021       30018   60.7812309      -4.20051479               1
       20021       30019   70.1748352      -3.77988148               1
       20021       30020   113.548500      -4.70995569               1
       20021       40020   78.5275345      -5.05655193               1
       20021       50020   74.0762787      -5.33653259               1
       20021       60020   69.7085190      -5.26782513               1
       20021       70020   67.7191696      -5.31299543               1
       20021       80020   66.6968994      -5.30794191               1
       20021       90020   65.9506607      -5.33075142               1
       20021      100020   64.7235870      -5.30118036               1
       20021      110020   64.2693558      -5.31574011               1
       10020       20023   61.5393524      -5.21002245               1
       10022       20023   96.5311203      -4.44534206               1
       20023       30012   49.4735146      -3.95419002               1
       20023       30013   50.0447960      -3.99670339               1
       20023       30014   50.3552551      -3.99083519               1
       20023       30015   50.8392181      -3.99208593               1
       20023       30016   51.2070312      -3.98449540               1
       20023       30017   52.7922440      -4.07129669               1
       20023       30018   53.8112259      -4.03673124               1
       20023       30019   55.6740608      -3.93478322               1
       20023       30020   60.6100693      -4.07703209               1
       20023       30021   67.0414886      -3.88345146               1
       10020       30022   48.4174309      -6.15445137               1
       20021       30022   106.754486      -4.95525265               1
       20023       30022   95.6064377      -3.71990538               1
       30022       40020   63.4424782      -4.44049072               1
       30022       40021   93.7413635      -4.68195248               1
       30022       50014   20.8893204      -5.10523081               1
       30022       50015   21.5938396      -5.09638214               1
       30022       50016   22.1849556      -5.06629133               1
       30022       50020   46.6080589      -5.87029314               1
       30022       50021   76.9069519      -5.60131264               1
       30022       60021   66.3312759      -5.60616732               1
       30022       70021   62.6197014      -5.76266289               1
       30022       80021   61.0110512      -5.77885056               1
       30022       90020   29.6690540      -6.48282623               1
       30022       90021   59.9679337      -5.82838392               1
       30022      100020   28.1543446      -6.48496342               1
       30022      100021   58.4532242      -5.81245470               1
       30022      110020   27.6509438      -6.55168915               1
       30022      110021   57.9498215      -5.83845139               1
       30022      120021   57.1912498      -5.79646921               1
       10022       30024   42.6760178      -5.31247807               1
       20021       30024   60.0433693      -4.12069178               1
       20023       30024   126.373978      -5.09813213               1
       30024       50023   96.5692749      -5.65675306               1
       30024       60023   86.0201950      -5.66875553               1
       30024       70023   82.3398590      -5.79072237               1
       30024       80023   80.7616043      -5.80382252               1
       30024       90023   79.7550125      -5.84061337               1
       30024      100023   78.3405075      -5.83211279               1
       30024      110023   77.8934402      -5.85078478               1
       30024      120023   77.2535172      -5.82643843               1
       30024      130023   76.6544113      -5.81147385               1
       30024      140023   76.3495026      -5.82179260               1
       30024       40023   113.394524      -4.88870144               1
       40023       50014   77.3969040      -5.60679817               1
       40023       50015   77.9605255      -5.59551144               1
       40023       50016   78.3605423      -5.58152103               1
       40023       50017   80.0244675      -5.60771036               1
       40023       50018   81.0724106      -5.56424475               1
       40023       50019   82.9609451      -5.46038389               1
       40023       50020   87.9240723      -5.47289276               1
       40023       50021   94.3681870      -5.23972511               1
       40023       50022   122.950058      -4.79748678               1
       40023       60015   23.6966000      -4.29916048               1
       40023       60016   24.0966148      -4.27518463               1
       40023       60020   33.6601486      -4.36259270               1
       20023       40025   42.1017151      -5.82964802               1
       30024       40025   96.6866531      -4.43176365               1
       40025       50014   76.9831619      -5.60876179               1
       40025       50015   77.4068222      -5.60184765               1
       40025       50016   77.6692123      -5.59398270               1
       40025       50017   78.6365738      -5.61821127               1
       40025       50018   79.1680298      -5.60289192               1
       40025       50019   79.9615860      -5.57280159               1
       40025       50020   81.6043015      -5.60862923               1
       40025       50021   83.1610718      -5.57657480               1
       40025       50022   87.5756683      -5.60009909               1
       40025       50023   104.497269      -5.90910673               1
       40025       60015   23.1614532      -4.29267883               1
       40025       60016   23.4238434      -4.28126574               1
       40025       60017   24.3911991      -4.41144037               1
       40025       60018   24.9226551      -4.38851166               1
       40025       60019   25.7162170      -4.33242273               1
       40025       60020   27.3589249      -4.51376247               1
       40025       60021   28.9157028      -4.48052073               1
       40025       60022   33.3302917      -4.68750286               1
       40025       60023   50.2518730      -5.63737917               1
       40025       60024   82.8227844      -5.05564308               1
       40025       70024   70.8180313      -5.35363007               1
       40025       80024   66.9729309      -5.34435272               1
       40025       90024   64.9459381      -5.40860987               1
       40025      100023   30.0193424      -6.69458151               1
       40025      100024   62.5902214      -5.37464619               1
       40025      110024   61.9526596      -5.40562153               1
       40025      120024   61.1305962      -5.36181021               1
       40025      130024   60.4161186      -5.33327436               1
       40025      140024   60.0849953      -5.34474134               1
       40025      150024   59.6613350      -5.35183716               1
       20023       50024   86.9376602      -5.80876398               1
       40023       50024   153.752380      -5.71500397               1
       40025       50024   137.068161      -5.49302626               1
       30024       50026   37.9515457      -5.01755047               1
       40023       50026   88.2237091      -5.66846991               1
       40025       50026   118.271324      -5.68804693               1
       50026       60015   42.3725052      -2.79729176               1
       50026       60016   42.6009445      -2.79689288               1
       50026       60017   43.3810616      -2.87326455               1
       50026       60018   43.7771263      -2.87327051               1
       50026       60019   44.3096504      -2.86495066               1
       50026       60020   45.2739906      -2.94845557               1
       50026       60021   46.0590324      -2.95308280               1
       50026       60022   47.9370613      -3.06112385               1
       50026       60023   53.4900589      -3.49183893               1
       50026       60024   60.4270248      -3.46990466               1
       50026       70024   33.7693748      -4.74318647               1
       50026      120024   19.5697651      -5.07450485               1
       50026      150024   18.0545540      -5.04847097               1
       30024       60025   69.3122940      -5.21938753               1
       40023       60025   50.2253380      -5.63719273               1
       50026       60025   83.5363998      -4.30269194               1
       60025       70016   55.0633698      -7.78637457               1
       60025       70017   56.1371078      -7.78361988               1
       60025       70018   56.7056656      -7.73974705               1
       60025       70019   57.5305939      -7.66647339               1
       60025       70020   59.2047729      -7.65790081               1
       60025       70021   60.7757721      -7.56063128               1
       60025       70022   65.2087326      -7.45792198               1
       60025       70023   82.1546021      -7.46909952               1
       60025       70024   114.737190      -6.52895212               1
       60025       80017   23.7874489      -6.86609840               1
       60025       80018   24.3560104      -6.78537226               1
       60025       80019   25.1809425      -6.64922953               1
       60025       80020   26.8551216      -6.69374752               1
       60025       80021   28.4261246      -6.53906775               1
       60025       80022   32.8590889      -6.47305870               1
       60025       80023   49.8049545      -6.82659054               1
       60025       80024   82.3875961      -5.77139187               1
       60025       90018   14.5899754      -7.23032045               1
       60025       90019   15.4149055      -6.98411417               1
       60025       90020   17.0890846      -7.02126503               1
       60025       90021   18.6600876      -6.75805712               1
       60025       90022   23.0930500      -6.62209558               1
       60025       90023   40.0389175      -6.99878073               1
       60025       90024   72.6215591      -5.72442532               1
       60025      100023   32.6464958      -6.75293350               1
       60025      100024   65.2291565      -5.45695829               1
       60025      110023   31.1809559      -6.91155291               1
       60025      110024   63.7636032      -5.50473785               1
       60025      120023   29.6356678      -6.77707720               1
       60025      120024   62.2183266      -5.40574455               1
       60025      130023   28.4442196      -6.69756126               1
       60025      130024   61.0268822      -5.34190989               1
       60025      140023   27.9541111      -6.74526834               1
       60025      140024   60.5367699      -5.35296392               1
       60025      150024   59.9835854      -5.35862255               1
       50026       60027   83.8784637      -4.46658945               1
       60027       70016   54.7282410      -7.79302645               1
       60027       70017   55.5168686      -7.78575611               1
       60027       70018   55.8937645      -7.75394773               1
       60027       70019   56.3672256      -7.70856285               1
       60027       70020   57.1603355      -7.69591045               1
       60027       70021   57.7563286      -7.64891768               1
       60027       70022   59.0642128      -7.60816336               1
       60027       70023   62.4642258      -7.59411955               1
       60027       70024   65.9529724      -7.35801363               1
       60027       70025   74.4073868      -7.23704910               1
       60027       80024   33.6158791      -6.29906511               1
       60027       80026   63.9924431      -6.42322302               1
       60027       90026   54.2409477      -6.47718906               1
       60027      100026   46.8864822      -6.22550631               1
       60027      110026   45.4410324      -6.31679535               1
       60027      120026   43.9359741      -6.20900536               1
       60027      130026   42.7930565      -6.14328384               1
       60027      140026   42.3367691      -6.16692829               1
       60027      150026   41.8504562      -6.18507481               1
       60027      160026   41.6013184      -6.20349360               1
       60027      170026   40.8126907      -6.18266821               1
       60025       70026   95.9648972      -6.97272396               1
       60027       70026   96.3295288      -7.10656357               1
       70026       80017   71.6337891      -4.68914175               1
       70026       80018   72.0963669      -4.67805195               1
       70026       80019   72.6836777      -4.65871191               1
       70026       80020   73.7015152      -4.68836069               1
       70026       80021   74.5102997      -4.67236280               1
       70026       80022   76.4184875      -4.69880533               1
       70026       80023   82.0106659      -4.87119532               1
       70026       80024   88.9664078      -4.74868774               1
       70026       80025   112.096939      -5.10617733               1
       70026       90018   31.3520718      -5.78223944               1
       70026       90019   31.9393806      -5.71792364               1
       70026       90020   32.9572182      -5.75151443               1
       70026       90021   33.7660027      -5.69074726               1
       70026       90022   35.6741905      -5.69291782               1
       70026       90023   41.2663803      -5.90079975               1
       70026       90024   48.2221107      -5.52626848               1
       70026       90025   71.3526688      -5.83582401               1
       70026      100024   27.7179871      -5.11723089               1
       70026      110024   24.5979424      -5.55595255               1
       70026      120024   21.8645058      -5.22570276               1
       70026      130024   19.9834900      -4.97912169               1
       70026      140024   19.2969017      -5.03609180               1
       70026      150024   18.6290817      -5.06686640               1
       60025       70028   66.8818588      -7.30451918               1
       60027       70028   88.3241196      -6.54951286               1
       70028       80017   71.3243790      -4.67935371               1
       70028       80018   71.7014389      -4.66959429               1
       70028       80019   72.1431808      -4.65436363               1
       70028       80020   72.8288040      -4.67193127               1
       70028       80021   73.3088837      -4.65950441               1
       70028       80022   74.2906570      -4.67125320               1
       70028       80023   76.6107025      -4.74329042               1
       70028       80024   78.7096329      -4.68270493               1
       70028       80025   83.0238037      -4.71978140               1
       70028       80026   90.9416580      -4.79400921               1
       70028       90018   30.9658718      -5.77618361               1
       70028       90020   32.0932312      -5.74261475               1
       70028       90021   32.5733070      -5.69886684               1
       70028       90023   35.8751373      -5.78213072               1
       70028       90024   37.9740562      -5.59913492               1
       70028       90027   63.7323494      -5.11248684               1
       70028      100027   43.2506218      -4.65563011               1
       70028      110027   40.1421852      -4.88847923               1
       70028      120027   37.4316101      -4.64984751               1
       70028      130027   35.5776367      -4.48357534               1
       70028      140027   34.9092865      -4.50490618               1
       70028      150027   34.2760315      -4.51183271               1
       70028      160027   33.9858704      -4.52751923               1
       70028      170027   33.1435509      -4.46635771               1
       70028      180027   32.7664909      -4.48526287               1
       50026       80027   50.7567368      -5.84992123               1
       70026       80027   112.464043      -5.22671127               1
       70028       80027   104.467934      -4.61177874               1
       80027       90018   75.5433350      -5.13969135               1
       80027       90019   76.0811234      -5.11934519               1
       80027       90020   76.9351578      -5.13690042               1
       80027       90021   77.5576324      -5.12025833               1
       80027       90022   78.8985138      -5.13174248               1
       80027       90023   82.3405685      -5.22478771               1
       80027       90024   85.8492050      -5.13915586               1
       80027       90025   94.3256989      -5.24276257               1
       80027       90026   116.265961      -5.51098347               1
       80027      100026   58.5782013      -5.64805365               1
       80027      110026   52.0928116      -6.24558592               1
       80027      120026   47.3704033      -6.12246466               1
       80027      130026   44.4253807      -6.03659582               1
       80027      140026   43.4431114      -6.10328102               1
       80027      150026   42.5843124      -6.14762163               1
       80027      160026   42.2143974      -6.17947865               1
       80027      170026   41.1799774      -6.16239882               1
       70026       80029   85.3296585      -4.91399288               1
       70028       80029   116.451019      -5.01739836               1
       80029       90018   75.2499237      -5.14007998               1
       80029       90019   75.6895294      -5.12427807               1
       80029       90020   76.3332520      -5.13849401               1
       80029       90021   76.7626572      -5.12733316               1
       80029       90022   77.6028519      -5.13826561               1
       80029       90023   79.4854507      -5.20182180               1
       80029       90024   81.0876846      -5.16409636               1
       80029       90025   84.1602859      -5.20719099               1
       80029       90026   89.1399765      -5.29760981               1
       80029       90027   95.4485626      -5.26929951               1
       80029      100028   62.5992508      -5.23123312               1
       80029      110028   56.1236115      -5.73727083               1
       80029      120028   51.4202080      -5.57816172               1
       80029      130028   48.4973869      -5.46701813               1
       80029      140028   47.5297737      -5.51523733               1
       80029      150028   46.6979828      -5.54381895               1
       80029      160028   46.3505554      -5.56665564               1
       80029      170028   45.4147301      -5.53993893               1
       80029      180028   45.0180016      -5.56319809               1
       80029      190028   44.5783920      -5.59420061               1
       60027       90028   46.2355881      -5.30407953               1
       80027       90028   108.276329      -4.93868876               1
       80029       90028   120.267921      -5.29845905               1
       90028      100020   39.9618187      -2.52584648               1
       90028      100027   71.7860184      -3.38855696               1
       90028      110027   52.7311897      -4.79639864               1
       90028      120027   43.1010818      -4.54855776               1
       90028      130027   37.9333496      -4.32155609               1
       90028      140027   36.3923874      -4.41634750               1
       90028      150027   35.1986847      -4.46460915               1
       90028      160027   34.7404327      -4.50132132               1
       90028      170027   33.5780373      -4.44331074               1
       90028      180027   33.1003761      -4.47378731               1
       80027       90030   85.5998077      -5.14277554               1
       80029       90030   110.296837      -4.38527250               1
       70028      100029   55.2337227      -5.50129747               1
       90028      100029   83.7831879      -4.12731409               1
      100029      110020   80.8526535      -8.03796196               1
      100029      110021   81.3477554      -8.00726891               1
      100029      110022   82.2656708      -7.98634148               1
      100029      110023   84.2422943      -7.98354292               1
      100029      110024   85.8871307      -7.89390707               1
      100029      110026   94.0223083      -7.78603554               1
      100029      110027   100.346161      -7.60246515               1
      100029      110028   125.180855      -7.16782093               1
      100029      120028   74.9275055      -6.21138477               1
      100029      130028   56.2232628      -5.36989117               1
      100029      140028   51.7885971      -5.46372938               1
      100029      150028   49.0582466      -5.51515102               1
      100029      160028   48.2071419      -5.56619310               1
      100029      170028   46.4085808      -5.52065706               1
      100029      180028   45.7578888      -5.55849266               1
      100029      190028   45.1327667      -5.60093689               1
       90030      100031   102.218727      -4.87470531               1
      100031      110020   80.3040314      -8.05188274               1
      100031      110021   80.6551590      -8.02865887               1
      100031      110022   81.2410965      -8.01479721               1
      100031      110023   82.3441238      -8.01490116               1
      100031      110024   83.1376495      -7.96969938               1
      100031      110025   84.4415665      -7.94385719               1
      100031      110026   86.1522903      -7.92553902               1
      100031      110027   87.6590424      -7.87607431               1
      100031      110028   91.2256699      -7.78374863               1
      100031      110029   98.2706833      -7.38041925               1
      100031      120021   30.4254589      -7.09645271               1
      100031      120024   32.9079514      -7.01782417               1
      100031      120030   93.4262085      -6.61897802               1
      100031      130030   74.7490845      -6.08858109               1
      100031      140030   70.3317642      -6.20238066               1
      100031      150030   67.6320419      -6.26890850               1
      100031      160030   66.8051758      -6.31446552               1
      100031      170030   65.1084366      -6.30521679               1
      100031      180030   64.5171509      -6.33740616               1
      100031      190030   63.9815636      -6.36982679               1
      100031      200030   63.3518867      -6.36803961               1
      100031      210030   63.0007553      -6.38838720               1
      100029      110030   115.243958      -6.45525217               1
      100031      110030   143.655869      -7.30931234               1
      110030      120021   63.0718269      -6.55863857               1
      110030      120022   63.7849503      -6.54925966               1
      110030      120023   65.1638718      -6.57045174               1
      110030      120024   66.1948624      -6.51137257               1
      110030      120025   67.9630051      -6.49068451               1
      110030      120026   70.4350967      -6.48158073               1
      110030      120027   72.8731003      -6.39933348               1
      110030      120028   79.5792007      -6.21693468               1
      110030      120029   97.6057205      -5.22528791               1
      110030      130029   53.2106018      -3.13399506               1
      110030      140029   44.9136772      -3.06429482               1
      100029      110032   90.3028336      -7.61183882               1
      100031      110032   130.135742      -6.83241177               1
      110032      120021   62.6582336      -6.56860113               1
      110032      120022   63.1882629      -6.56124496               1
      110032      120023   64.1120071      -6.57750034               1
      110032      120024   64.7295151      -6.54155636               1
      110032      120025   65.6813812      -6.53003502               1
      110032      120026   66.8360672      -6.52959824               1
      110032      120027   67.7391586      -6.50217962               1
      110032      120028   69.6159210      -6.45820951               1
      110032      120029   72.6920471      -6.24091768               1
      110032      120030   87.9405670      -6.28524923               1
      110032      130031   68.1421509      -4.58285141               1
       90030      120031   73.5700760      -6.13490772               1
      110030      120031   126.011757      -6.47619104               1
      110032      120031   112.518509      -5.82475615               1
      120031      130022   50.1095848      -5.80923796               1
      120031      130023   51.3351936      -5.86665487               1
      120031      130024   52.1816139      -5.82627344               1
      120031      130025   53.5407066      -5.83956766               1
      120031      130026   55.2944069      -5.87864923               1
      120031      130027   56.8184509      -5.85715771               1
      120031      130028   60.4019737      -5.83759594               1
      120031      130029   67.4587173      -5.45296383               1
      120031      130030   112.868446      -6.13822412               1
      120031      140023   21.9687252      -5.68746233               1
      120031      140024   22.8151455      -5.60175180               1
      120031      140030   83.5019760      -6.18658733               1
      120031      150030   72.8608551      -6.24079561               1
      120031      160030   70.4949036      -6.33273172               1
      120031      170030   66.7653961      -6.28472281               1
      120031      180030   65.6574478      -6.33509207               1
      120031      190030   64.7882309      -6.37977886               1
      120031      200030   63.9012833      -6.37397814               1
      120031      210030   63.4527206      -6.39941549               1
      110030      120033   73.7066116      -6.29097843               1
      110032      120033   100.361160      -5.76835060               1
      120033      130022   49.5732231      -5.80546618               1
      120033      130023   50.4116592      -5.84298325               1
      120033      130024   50.9217300      -5.81391573               1
      120033      130025   51.6476326      -5.81248713               1
      120033      130026   52.4494667      -5.82219267               1
      120033      130027   52.9944839      -5.80593634               1
      120033      130028   53.9687309      -5.78019285               1
      120033      130029   55.2911339      -5.65080786               1
      120033      130030   60.6047401      -5.62329960               1
      120033      130031   66.2453232      -5.35989475               1
      120033      140031   36.8910103      -4.84934855               1
      120033      140032   57.9043121      -4.83307219               1
      120033      150032   47.2839966      -4.61221075               1
      120033      160032   44.9339294      -4.67057467               1
      120033      170031   20.2559242      -4.07935333               1
      120033      170032   41.2692261      -4.44857931               1
      120033      180032   40.1978073      -4.47989225               1
      120033      190032   39.3812256      -4.51086140               1
      120033      200032   38.5912933      -4.46680737               1
      120033      210032   38.2177010      -4.48624182               1
      120033      220031   16.6721210      -4.03502321               1
      120033      220032   37.6854210      -4.46408033               1
      120033      230032   36.8469887      -4.38222933               1
      120031      130032   99.3738861      -5.35472298               1
      120033      130032   87.2586288      -5.22614622               1
      130032      140023   50.1920319      -5.30367661               1
      130032      140024   50.8898087      -5.27391148               1
      130032      140025   51.9240303      -5.28758955               1
      130032      140026   53.1420250      -5.31959152               1
      130032      140027   54.0702362      -5.30696964               1
      130032      140028   55.9712296      -5.29404926               1
      130032      140029   59.0639229      -5.08715868               1
      130032      140030   74.3469925      -5.37842178               1
      130032      140031   98.9414062      -5.08024073               1
      130032      150031   66.9266739      -4.94163895               1
      120031      130034   60.3817406      -5.52777910               1
      120033      130034   91.6900787      -4.38617182               1
      130034      140023   49.6405182      -5.29873228               1
      130034      140024   50.1484795      -5.27830648               1
      130034      140025   50.8366776      -5.28847647               1
      130034      140026   51.5580406      -5.31010485               1
      130034      140027   52.0130157      -5.30428696               1
      130034      140028   52.7639198      -5.29606581               1
      130034      140029   53.6892052      -5.21387815               1
      130034      140030   57.0352135      -5.22276783               1
      130034      140031   59.9701881      -5.07565308               1
      130034      140032   67.6331940      -4.99286079               1
      130034      150024   18.1475468      -5.11537313               1
      130034      150032   35.6322708      -4.65352345               1
      130034      150033   59.2713699      -3.38881111               1
      130034      160033   54.0648308      -3.40219355               1
      130034      170033   47.5131645      -2.91250181               1
      130034      180033   45.8032227      -2.90083146               1
      130034      190033   44.6202431      -2.89492393               1
      130034      200033   43.5827370      -2.80277753               1
      130034      210033   43.1270332      -2.80565405               1
      130034      220033   42.5206413      -2.75617862               1
      130034      230033   41.6318245      -2.63489270               1
      130034      240033   41.1238632      -2.62689710               1
      110032      140033   47.6997833      -4.33372450               1
      130032      140033   86.8209076      -4.91255713               1
      130034      140033   91.2722626      -4.08368158               1
      140033      150024   32.6626816      -3.34920073               1
      140033      150025   33.4671097      -3.40620208               1
      140033      150026   34.3282700      -3.48407269               1
      140033      150027   34.8964195      -3.49760175               1
      140033      150028   35.8926048      -3.52351427               1
      140033      150029   37.2298088      -3.41110325               1
      140033      150030   42.5739250      -3.65428329               1
      140033      150031   48.2289467      -3.52297282               1
      140033      150032   69.2588196      -3.91278887               1
      140033      160030   29.6098804      -4.63084984               1
      140033      160031   35.2648926      -4.29466677               1
      140033      160032   56.2947807      -4.48597383               1
      140033      170031   23.9404964      -3.83190060               1
      140033      170032   44.9703789      -4.28778934               1
      140033      180031   21.3760948      -4.06412983               1
      140033      180032   42.4059792      -4.43242073               1
      140033      190031   19.7640171      -4.22173500               1
      140033      190032   40.7939034      -4.52333212               1
      140033      200031   18.4525280      -4.09937811               1
      140033      200032   39.4824142      -4.47616529               1
      140033      210031   17.8999443      -4.16972017               1
      140033      210032   38.9298286      -4.51385689               1
      140033      220031   17.1852112      -4.10422802               1
      140033      220032   38.2150993      -4.49084187               1
      140033      230032   37.1845093      -4.39251804               1
      130032      140035   61.9279099      -5.28010702               1
      130034      140035   87.6963348      -4.25985813               1
      140035      150024   32.3349800      -3.35985875               1
      140035      150025   32.9999886      -3.41835284               1
      140035      150026   33.6718521      -3.49485207               1
      140035      150027   34.0745316      -3.51574492               1
      140035      150028   34.7047997      -3.55165339               1
      140035      150029   35.4364586      -3.50664258               1
      140035      150030   37.9277649      -3.69060040               1
      140035      150031   39.9170456      -3.66772747               1
      140035      150032   44.3704529      -3.86249304               1
      140035      150033   54.4123192      -3.66900921               1
      140035      160034   57.1807594      -3.48960328               1
      140035      170034   45.8779106      -3.04966354               1
      140035      180034   43.3253288      -3.11704206               1
      140035      190034   41.7296867      -3.15349007               1
      140035      200034   40.4471817      -3.06337094               1
      140035      210034   39.9159622      -3.07893395               1
      140035      220034   39.2451324      -3.03015733               1
      140035      230034   38.3131523      -2.89941883               1
      140035      240034   37.8044395      -2.89268327               1
      140035      250034   37.1394310      -2.83234382               1
      120033      150034   51.7155151      -3.17556858               1
      140033      150034   73.7118225      -2.94727063               1
      140035      150034   70.1394196      -3.10805583               1
      150034      160025   57.0615654      -4.32866764               1
      150034      160026   57.8564262      -4.36160612               1
      150034      160027   58.3389626      -4.36380291               1
      150034      160028   59.1150742      -4.36866283               1
      150034      160029   60.0568390      -4.30846119               1
      150034      160030   63.4360352      -4.36480284               1
      150034      160031   66.3864365      -4.26938915               1
      150034      160032   74.0669174      -4.27755833               1
      150034      160033   97.7219696      -3.60136580               1
      150034      170026   16.5754604      -3.09177136               1
      150034      170027   17.0579967      -3.13520551               1
      150034      170028   17.8341045      -3.20478106               1
      150034      170029   18.7758751      -3.07059669               1
      150034      170030   22.1550636      -3.42072415               1
      150034      170031   25.1054707      -3.27936912               1
      150034      170032   32.7859459      -3.52974820               1
      150034      170033   56.4410439      -2.67240429               1
      150034      180032   26.4316959      -4.05948544               1
      150034      180033   50.0867805      -2.84318900               1
      150034      190033   46.9755783      -2.92231703               1
      150034      200033   44.9010353      -2.81212735               1
      150034      210033   44.1292419      -2.84198308               1
      150034      220033   43.2316437      -2.79021978               1
      150034      230033   42.0635223      -2.64631915               1
      150034      240033   41.4496880      -2.64170623               1
      140033      150036   43.4173584      -3.54639721               1
      140035      150036   62.5831528      -2.15843606               1
      150036      160025   56.5378609      -4.32933950               1
      150036      160026   57.1462936      -4.35975742               1
      150036      160027   57.4800224      -4.36517859               1
      150036      160028   57.9579964      -4.37476349               1
      150036      160029   58.4651566      -4.34803820               1
      150036      160030   60.0584488      -4.39619350               1
      150036      160031   61.2060318      -4.36949778               1
      150036      160032   63.4339981      -4.40400791               1
      150036      160033   67.4456329      -4.28018856               1
      150036      160034   71.5217514      -4.02660561               1
      150036      170026   15.8941565      -3.03395176               1
      150036      170027   16.2278824      -3.08041859               1
      150036      170028   16.7058563      -3.15043020               1
      150036      170029   17.2130184      -3.09572935               1
      150036      170031   19.9538898      -3.33357143               1
      150036      170032   22.1818523      -3.53631115               1
      150036      170035   45.3692131      -1.52047420               1
      150036      180035   39.0304909      -1.55221915               1
      150036      190035   35.9404297      -1.54359686               1
      150036      200035   33.9021378      -1.31756246               1
      150036      210035   33.1563263      -1.32289863               1
      150036      220035   32.3105698      -1.21682799               1
      150036      230035   31.2544727     -0.982636571               1
      150036      240035   30.7273102     -0.944903314               1
      150036      250035   30.0835056     -0.835441887               1
      150036      260035   29.4750843     -0.704346240               1
      130034      160035   50.4889030      -3.65993452               1
      150034      160035   94.1577148      -3.74673271               1
      150036      160035   86.6212463      -3.11591315               1
      160035      170026   33.4601860      -1.96267688               1
      160035      170027   33.8969727      -2.00426173               1
      160035      170028   34.5575256      -2.07048607               1
      160035      170029   35.3085098      -2.05524325               1
      160035      170030   37.8379822      -2.33861208               1
      160035      170031   39.8447762      -2.38323784               1
      160035      170032   44.3177757      -2.70881414               1
      160035      170033   54.3773689      -2.72867489               1
      160035      170034   70.1113510      -2.37830997               1
      160035      180034   51.8593025      -2.91513443               1
      160035      190034   45.6899986      -3.15812349               1
      160035      200034   42.4158134      -3.04767895               1
      160035      210034   41.3392868      -3.11956358               1
      160035      220034   40.2087326      -3.07245374               1
      160035      230034   38.8691559      -2.90971899               1
      160035      240034   38.2150116      -2.90921021               1
      160035      250034   37.4168663      -2.84563231               1
      150034      160037   67.0730896      -4.34492826               1
      150036      160037   119.658455      -5.20312357               1
      160037      170026   32.8690948      -1.90437973               1
      160037      170027   33.1870041      -1.93993139               1
      160037      170028   33.6198730      -1.99248338               1
      160037      170029   34.0577660      -1.99140787               1
      160037      170030   35.3791847      -2.17484260               1
      160037      170031   36.2879448      -2.21712375               1
      160037      170032   37.9484329      -2.40539408               1
      160037      170033   40.6844635      -2.50023270               1
      160037      170034   43.0641289      -2.45203376               1
      160037      170035   49.6059456      -2.25554848               1
      160037      180035   31.3685131      -3.07169819               1
      160037      180036   77.4101868      -5.44172096               1
      160037      190036   71.2606277      -5.81522083               1
      160037      200036   68.0198135      -5.87443829               1
      160037      210036   66.9669342      -5.96305990               1
      160037      220036   65.8829651      -5.98271275               1
      160037      230036   64.6423950      -5.94686985               1
      160037      240036   64.0634689      -5.97338057               1
      160037      250035   17.3475513      -3.09839630               1
      160037      250036   63.3892746      -5.97324800               1
      160037      260036   62.7785759      -5.96037149               1
      160037      270036   62.4606667      -5.96212626               1
      140035      170036   38.3216667      -1.48732448               1
      160035      170036   62.5728836      -1.34049487               1
      160037      170036   95.6474915      -4.56654024               1
      170036      180027   63.4671860      -4.34325457               1
      170036      180028   64.0198746      -4.35598898               1
      170036      180029   64.5727386      -4.33124208               1
      170036      180030   66.2532730      -4.38023329               1
      170036      180031   67.4399643      -4.35667133               1
      170036      180032   69.7108078      -4.39098310               1
      170036      180033   73.7604828      -4.27964592               1
      170036      180034   77.8510666      -4.04669094               1
      170036      180035   92.9627609      -3.19456100               1
      170036      190035   53.7048073      -2.94338894               1
      170036      200035   41.0442123      -1.93523037               1
      170036      210035   37.8605270      -2.00395823               1
      170036      220035   35.2360115      -1.74099600               1
      170036      240035   31.8111382      -1.15237081               1
      170036      250035   30.7831402     -0.981303632               1
      170036      260035   29.9179211     -0.792517602               1
      160035      170038   42.4426613      -2.27179241               1
      160037      170038   79.4799042      -3.77889872               1
      170038      180027   63.0346146      -4.34300423               1
      170038      180028   63.4625931      -4.35719013               1
      170038      180029   63.8540230      -4.34393167               1
      170038      180030   64.9487000      -4.39052963               1
      170038      180031   65.6501160      -4.38689899               1
      170038      180032   66.8310852      -4.42972708               1
      170038      180033   68.5872192      -4.42389631               1
      170038      180034   69.9091110      -4.37725067               1
      170038      180035   72.8620224      -4.24958563               1
      170038      180036   88.5218201      -4.84653282               1
      170038      190037   70.6509857      -5.30298805               1
      170038      200037   58.0129814      -5.10475111               1
      170038      220037   52.2513199      -5.32487345               1
      170038      240037   48.9379044      -5.19099569               1
      170038      250037   47.9865723      -5.16692543               1
      170038      260037   47.2145653      -5.12446070               1
      170038      270037   46.8607178      -5.11704922               1
      170038      280037   46.4327354      -5.10479498               1
      150036      180037   72.0676346      -5.73457432               1
      160035      180037   31.3226948      -3.06881952               1
      170036      180037   126.034378      -5.15629768               1
      170038      180037   109.895325      -4.67306662               1
      180037      190028   45.2112350      -3.85660434               1
      180037      190029   45.7085495      -3.83615732               1
      180037      190030   47.1417656      -3.93016458               1
      180037      190031   48.1001892      -3.92922997               1
      180037      190032   49.8146744      -4.01961660               1
      180037      190035   61.5526924      -3.59376144               1
      180037      190036   107.623718      -5.07586384               1
      180037      200036   80.0440140      -5.40440416               1
      180037      210036   74.3265839      -5.88390207               1
      180037      220036   70.2300873      -5.99556637               1
      180037      230036   66.8150787      -5.91334534               1
      180037      240036   65.5706863      -5.97267056               1
      180037      250035   18.2780457      -3.26074791               1
      180037      250036   64.3491364      -5.97798300               1
      180037      260036   63.3820610      -5.95900631               1
      180037      270036   62.9443283      -5.96070814               1
      170036      180039   73.4945145      -4.31233978               1
      170038      180039   92.7380219      -3.82467651               1
      180039      190028   44.6240997      -3.81752849               1
      180039      190029   44.9633598      -3.80225348               1
      180039      190030   45.8435707      -3.85639524               1
      180039      190031   46.3674545      -3.85214853               1
      180039      190032   47.1736641      -3.89278340               1
      180039      190033   48.2414207      -3.88487196               1
      180039      190036   55.1177292      -3.87367606               1
      180039      190037   59.4665260      -3.65485120               1
      180039      200038   46.8101234      -2.94429469               1
      180039      210038   41.1108780      -3.46959233               1
      180039      220038   37.0494461      -3.41778636               1
      180039      230038   33.7065430      -3.00531435               1
      180039      250037   16.4804955      -3.50264025               1
      180039      250038   31.3773575      -2.92225242               1
      180039      260037   15.6137400      -3.30070662               1
      180039      260038   30.5106030      -2.80242562               1
      180039      270037   15.2475700      -3.24377322               1
      180039      270038   30.1444340      -2.76757503               1
      180039      280037   14.8424282      -3.16575789               1
      180039      280038   29.7392921      -2.72215128               1
      180039      290038   29.4000320      -2.73287225               1
      180037      190038   91.4855042      -4.48142338               1
      180039      190038   74.3633804      -3.37946701               1
      190038      200036   65.4976349      -2.47502542               1
      190038      200037   86.8815308      -2.83865142               1
      190038      210037   67.4769592      -4.60631990               1
      190038      220037   58.4466209      -5.06371880               1
      190038      250037   48.9924622      -5.12204123               1
      190038      260037   47.8067856      -5.09215593               1
      190038      270037   47.3228874      -5.09133863               1
      190038      280037   46.7939148      -5.08252573               1
      180039      190040   86.7292023      -4.37245607               1
      190040      200038   57.4113579      -1.34395385               1
      190040      210039   62.7560387      -4.46500015               1
      190040      220039   53.7496109      -4.93963003               1
      190040      230039   47.8376656      -4.82530117               1
      190040      240039   46.0147972      -4.96270609               1
      190040      250039   44.4346008      -4.98277521               1
      190040      260039   43.3141327      -4.94994783               1
      190040      270039   42.8757515      -4.94821739               1
      190040      280039   42.4254761      -4.93885183               1
      190040      290039   42.0717888      -4.96600246               1
      190040      300039   41.1978760      -4.92994785               1
      170038      200039   40.8556786      -3.36028218               1
      190038      200039   69.7530594      -1.25986695               1
      190040      200039   82.1480865      -2.62898016               1
      200039      210030   64.7030640      -5.32347393               1
      200039      210031   65.3054810      -5.30664635               1
      200039      210032   66.1930847      -5.32001638               1
      200039      210033   67.3296280      -5.29179382               1
      200039      210034   68.0372086      -5.24637556               1
      200039      210035   69.2699661      -5.14218998               1
      200039      210036   74.2884979      -5.15137768               1
      200039      210037   78.6530838      -4.91461802               1
      200039      210038   93.5704269      -4.49529743               1
      200039      220032   28.9524517      -6.50103855               1
      200039      220038   56.3297539      -4.55708361               1
      200039      230038   40.1966324      -3.22572112               1
      200039      250037   18.5343037      -3.77695656               1
      200039      250038   33.4516830      -3.11136675               1
      200039      260038   31.6297035      -2.89155746               1
      200039      270038   30.9863758      -2.83406138               1
      200039      280038   30.3813133      -2.76741242               1
      200039      290038   29.9340763      -2.78108287               1
      180039      210040   53.4767303      -5.05919361               1
      200039      210040   105.965988      -5.17813969               1
      210040      220031   57.9112358      -5.84835482               1
      210040      220032   58.7437057      -5.85951805               1
      210040      220033   59.7542763      -5.83136415               1
      210040      220034   60.3426208      -5.79007006               1
      210040      220035   61.2794800      -5.70348215               1
      210040      220036   64.7528458      -5.72796917               1
      210040      220037   67.3708191      -5.58180618               1
      210040      220038   74.1735535      -5.42956972               1
      210040      220039   98.9337845      -5.47542429               1
      210040      230039   58.9489403      -4.59357595               1
      210040      240039   51.8166542      -4.96938181               1
      210040      250038   22.5775185      -4.38784361               1
      210040      250039   47.3377380      -5.02855682               1
      210040      260038   19.9951839      -4.14934683               1
      210040      260039   44.7554016      -4.95897341               1
      210040      270038   19.1627140      -4.10332441               1
      210040      270039   43.9229279      -4.95423937               1
      210040      280038   18.4462585      -4.03199339               1
      210040      280039   43.2064705      -4.93789577               1
      210040      290038   17.9559212      -4.09386730               1
      210040      290039   42.7161369      -4.97430372               1
      210040      300039   41.6158066      -4.93027163               1
