         792
       10020       20011   51.8438835      -3.42006016               1
       10020       20012   52.4207458      -3.44257903               1
       10020       20013   53.0533257      -3.41662455               1
       10020       20014   53.6196518      -3.38865900               1
       10020       20015   54.7824211      -3.34902787               1
       10020       20016   55.9200439      -3.31282234               1
       10020       20017   60.7747040      -3.20662165               1
       10020       20018   67.0374603      -2.91256762               1
       10020       20019   92.2000122      -1.59162211               1
       10020       30012   22.2730980      -3.00213599               1
       10020       30013   22.9056816      -2.95418453               1
       10020       30014   23.4720058      -2.90145755               1
       10020       30015   24.6347771      -2.83632231               1
       10020       30016   25.7723999      -2.78039646               1
       10020       30017   30.6270657      -2.65405178               1
       10020       30018   36.8898315      -2.21349573               1
       10020       30019   62.0524673     -0.534258902               1
       10022       20011   51.5704308      -3.42851782               1
       10022       20012   52.0450783      -3.44874144               1
       10022       20013   52.5341644      -3.43018246               1
       10022       20014   52.9271011      -3.41238618               1
       10022       20015   53.6167221      -3.39595509               1
       10022       20016   54.1646233      -3.38907552               1
       10022       20017   56.0358772      -3.39209485               1
       10022       20018   57.8006134      -3.34985805               1
       10022       20019   61.2919579      -3.17551589               1
       10022       20020   76.9489441      -3.32259178               1
       10022       30012   21.9047661      -3.00852013               1
       10022       30013   22.3938503      -2.97459626               1
       10022       30014   22.7867889      -2.94111705               1
       10022       30015   23.4764080      -2.91743398               1
       10022       30016   24.0243111      -2.91283727               1
       10022       30017   25.8955631      -2.95378447               1
       10022       30018   27.6602993      -2.89348817               1
       10022       30019   31.1516514      -2.60161209               1
       10022       30020   46.8086281      -3.03535533               1
       10022       30021   78.0727234      -3.03604126               1
       10022       40021   65.2976685      -2.73756027               1
       10022       50021   62.5810699      -2.91848207               1
       10022       60021   60.4545670      -2.91570687               1
       10022       70021   59.2299538      -2.97626472               1
       10022       80021   58.4403954      -3.01634502               1
       10022       90021   57.9555321      -3.04748034               1
       10022      100021   56.9872665      -3.05891085               1
       10022      110021   56.6426048      -3.06855536               1
       10022      120021   56.1679573      -3.04677415               1
       10020       20021   115.816071      -3.24804497               1
       10022       20021   108.213036      -3.24010038               1
       20021       30012   51.3020020      -2.34113312               1
       20021       30013   51.8852463      -2.32872844               1
       20021       30014   52.3650627      -2.31553221               1
       20021       30015   53.2481308      -2.31013775               1
       20021       30016   54.0043678      -2.31248617               1
       20021       30017   56.8206863      -2.35529733               1
       20021       30018   59.8137741      -2.31669688               1
       20021       30019   67.3803940      -2.03236294               1
       20021       30020   115.034584      -2.74569273               1
       20021       40020   78.7777100      -2.43909931               1
       20021       50020   73.0463333      -2.81590915               1
       20021       60020   69.4099503      -2.85810447               1
       20021       70020   67.6046371      -2.95672464               1
       20021       80020   66.5259933      -3.01525664               1
       20021       90020   65.8958130      -3.05646825               1
       20021      100020   64.7075195      -3.07860684               1
       20021      110020   64.2956772      -3.09137034               1
       10020       20023   61.5491409      -3.22202849               1
       10022       20023   88.0422211      -2.66384602               1
       20023       30012   50.9048042      -2.32545853               1
       20023       30013   51.3537750      -2.31260157               1
       20023       30014   51.6854515      -2.30009723               1
       20023       30015   52.2081528      -2.29245329               1
       20023       30016   52.5745964      -2.29231858               1
       20023       30017   53.6836510      -2.30850649               1
       20023       30018   54.5978737      -2.29739499               1
       20023       30019   56.0296402      -2.23465300               1
       20023       30020   60.7884254      -2.27066207               1
       20023       30021   66.9621353      -2.15994382               1
       10020       30022   46.7986374      -3.03655934               1
       20021       30022   107.436066      -2.70215678               1
       20023       30022   87.2873459      -1.99651182               1
       30022       40020   59.3083496      -1.87131345               1
       30022       40021   90.5801392      -2.27338147               1
       30022       50014   16.5535183      -1.97107482               1
       30022       50015   17.2871876      -1.96946526               1
       30022       50016   17.8536015      -1.99001861               1
       30022       50020   40.7157669      -2.64376378               1
       30022       50021   71.9875717      -2.81411934               1
       30022       60021   64.2356567      -2.74177361               1
       30022       70021   61.2580719      -2.87498045               1
       30022       80021   59.6984787      -2.95130301               1
       30022       90020   27.5912666      -2.97242665               1
       30022       90021   58.8630714      -3.00615907               1
       30022      100020   26.1899643      -3.03486609               1
       30022      100021   57.4617691      -3.03544044               1
       30022      110020   25.7436352      -3.07123566               1
       30022      110021   57.0154381      -3.05186653               1
       30022      120021   56.4380226      -3.02853346               1
       10022       30024   38.0129662      -3.03129506               1
       20021       30024   60.3537292      -2.40808201               1
       20023       30024   123.305313      -3.35080123               1
       30024       50023   87.8968430      -3.70304322               1
       30024       60023   80.1651840      -3.73118830               1
       30024       70023   77.2135391      -3.87427163               1
       30024       80023   75.6807175      -3.95414996               1
       30024       90023   74.8704834      -4.00741625               1
       30024      100023   73.5592346      -4.04982758               1
       30024      110023   73.1608276      -4.06804752               1
       30024      120023   72.6681061      -4.06031084               1
       30024      130023   72.2089920      -4.08006907               1
       30024      140023   71.8877258      -4.09628105               1
       30024       40023   106.479095      -3.08833218               1
       40023       50014   77.5740356      -5.12039232               1
       40023       50015   78.1816559      -5.09226942               1
       40023       50016   78.5821075      -5.07787085               1
       40023       50017   79.7491226      -5.04856586               1
       40023       50018   80.6919022      -5.00896263               1
       40023       50019   82.1450348      -4.91794109               1
       40023       50020   86.9290924      -4.79577303               1
       40023       50021   93.1151047      -4.54820442               1
       40023       50022   113.450928      -3.99442554               1
       40023       60015   23.3123360      -2.25939727               1
       40023       60016   23.7127876      -2.25952172               1
       40023       60020   32.0598068      -2.22840118               1
       20023       40025   41.1226540      -2.37416124               1
       30024       40025   92.0157318      -1.99611366               1
       40025       50014   77.2489090      -5.13142681               1
       40025       50015   77.7235489      -5.10919952               1
       40025       50016   78.0029449      -5.09990788               1
       40025       50017   78.7263336      -5.08587456               1
       40025       50018   79.2425156      -5.06892967               1
       40025       50019   79.8921509      -5.03745031               1
       40025       50020   81.5226135      -5.01790142               1
       40025       50021   83.0630875      -4.96950960               1
       40025       50022   86.0978851      -4.91302967               1
       40025       50023   103.568268      -4.83031464               1
       40025       60015   22.8677597      -2.26121759               1
       40025       60016   23.1471558      -2.26428318               1
       40025       60017   23.8705482      -2.30393362               1
       40025       60018   24.3867264      -2.30775571               1
       40025       60019   25.0363655      -2.27895045               1
       40025       60020   26.6668301      -2.38784885               1
       40025       60021   28.2073078      -2.38898206               1
       40025       60022   31.2421074      -2.48399973               1
       40025       60023   48.7124748      -3.17929220               1
       40025       60024   80.1982346      -2.51389837               1
       40025       70024   68.4899673      -2.51599360               1
       40025       80024   64.1345978      -2.54012012               1
       40025       90024   62.2643166      -2.58995223               1
       40025      100023   28.4646034      -3.82428241               1
       40025      100024   59.9503517      -2.59540868               1
       40025      110024   59.3662872      -2.61065316               1
       40025      120024   58.7184067      -2.57756376               1
       40025      130024   58.1613388      -2.59151959               1
       40025      140024   57.8051186      -2.60546494               1
       40025      150024   57.3304787      -2.61468673               1
       20023       50024   81.3479462      -3.72574568               1
       40023       50024   149.497345      -4.62984133               1
       40025       50024   135.053925      -4.05027819               1
       30024       50026   34.3789253      -2.40796900               1
       40023       50026   88.4444809      -4.95775509               1
       40025       50026   118.041924      -4.90939808               1
       50026       60015   45.7185669      -1.32374990               1
       50026       60016   45.9710770      -1.32767248               1
       50026       60017   46.5760117      -1.35159314               1
       50026       60018   46.9784241      -1.35877562               1
       50026       60019   47.4352303      -1.35614407               1
       50026       60020   48.4331093      -1.40855706               1
       50026       60021   49.2585869      -1.42178953               1
       50026       60022   50.6258469      -1.47663963               1
       50026       60023   56.7262764      -1.80847180               1
       50026       60024   64.2842941      -1.76727283               1
       50026       70024   35.8859482      -2.07405806               1
       50026      120024   20.0271034      -2.68706965               1
       50026      150024   18.5657463      -2.85945821               1
       30024       60025   65.7017670      -2.34304619               1
       40023       60025   48.6919174      -3.17979336               1
       50026       60025   86.3238525      -2.82218099               1
       60025       70016   55.6777229      -4.11020899               1
       60025       70017   56.4814491      -4.10196590               1
       60025       70018   57.0354042      -4.08603764               1
       60025       70019   57.7121544      -4.05223417               1
       60025       70020   59.3730888      -4.05204296               1
       60025       70021   60.9279747      -4.00967741               1
       60025       70022   63.9749184      -3.97891426               1
       60025       70023   81.4657593      -4.07398558               1
       60025       70024   112.961731      -3.35183430               1
       60025       80017   21.9856510      -3.32920861               1
       60025       80018   22.5396080      -3.30789495               1
       60025       80019   23.2163601      -3.24654770               1
       60025       80020   24.8772926      -3.29988241               1
       60025       80021   26.4321804      -3.24647307               1
       60025       80022   29.4791241      -3.25859594               1
       60025       80023   46.9699631      -3.69172478               1
       60025       80024   78.4659576      -2.80553412               1
       60025       90018   13.3333778      -3.36820197               1
       60025       90019   14.0101290      -3.26362967               1
       60025       90020   15.6710625      -3.34648609               1
       60025       90021   17.2259521      -3.26032639               1
       60025       90022   20.2728939      -3.27587223               1
       60025       90023   37.7637329      -3.80658960               1
       60025       90024   69.2597275      -2.75036860               1
       60025      100023   30.6332893      -3.80794835               1
       60025      100024   62.1292915      -2.62981844               1
       60025      110023   29.3350925      -3.89837408               1
       60025      110024   60.8310928      -2.64828277               1
       60025      120023   28.1482601      -3.78901196               1
       60025      120024   59.6442642      -2.57179594               1
       60025      130023   27.2462215      -3.85718799               1
       60025      130024   58.7422256      -2.58472633               1
       60025      140023   26.7318630      -3.92043042               1
       60025      140024   58.2278633      -2.60251999               1
       60025      150024   57.6143799      -2.61406612               1
       50026       60027   90.6382294      -3.15343261               1
       60027       70016   55.3575325      -4.11055565               1
       60027       70017   55.9570236      -4.10092449               1
       60027       70018   56.3340988      -4.08825827               1
       60027       70019   56.7328606      -4.06748772               1
       60027       70020   57.5288048      -4.06425619               1
       60027       70021   58.1376266      -4.04320574               1
       60027       70022   59.0519028      -4.03413630               1
       60027       70023   62.5876732      -4.06593609               1
       60027       70024   66.2593002      -3.91966105               1
       60027       70025   74.2065048      -4.14778900               1
       60027       80024   31.7757587      -3.18657780               1
       60027       80026   65.8215561      -4.48286486               1
       60027       90026   56.6264687      -4.68762922               1
       60027      100026   49.5336266      -4.81602764               1
       60027      110026   48.2543411      -4.89787245               1
       60027      120026   47.0993805      -4.85944843               1
       60027      130026   46.2359581      -4.91916943               1
       60027      140026   45.7581406      -4.96630669               1
       60027      150026   45.2172203      -5.01073647               1
       60027      160026   44.9475937      -5.02756929               1
       60027      170026   44.3481026      -5.05211735               1
       60025       70026   95.9696808      -4.28488016               1
       60027       70026   100.305115      -4.52147722               1
       70026       80017   67.3235855      -2.34825969               1
       70026       80018   67.7896194      -2.34724474               1
       70026       80019   68.2909546      -2.33828092               1
       70026       80020   69.3374252      -2.36157751               1
       70026       80021   70.1854935      -2.35917401               1
       70026       80022   71.5714722      -2.38018298               1
       70026       80023   77.7028580      -2.55211878               1
       70026       80024   85.2761993      -2.45475459               1
       70026       80025   107.330986      -3.16231847               1
       70026       90018   28.7152824      -2.72342253               1
       70026       90019   29.2166214      -2.69601560               1
       70026       90020   30.2630920      -2.73702145               1
       70026       90021   31.1111565      -2.72136450               1
       70026       90022   32.4971428      -2.75218725               1
       70026       90023   38.6285286      -3.03899646               1
       70026       90024   46.2018700      -2.77947974               1
       70026       90025   68.2566910      -3.78717303               1
       70026      100024   26.5893364      -2.73545885               1
       70026      110024   23.8967495      -2.93820024               1
       70026      120024   21.8513203      -2.62810349               1
       70026      130024   20.4726486      -2.70113587               1
       70026      140024   19.7734928      -2.78820658               1
       70026      150024   19.0419903      -2.85324860               1
       60025       70028   65.7569046      -3.86748600               1
       60027       70028   90.3386612      -3.41207838               1
       70028       80017   67.0098114      -2.33580136               1
       70028       80018   67.3800735      -2.33266211               1
       70028       80019   67.7422714      -2.32383680               1
       70028       80020   68.3976288      -2.33169770               1
       70028       80021   68.8609238      -2.32365227               1
       70028       80022   69.4948044      -2.32507634               1
       70028       80023   71.6474228      -2.35530281               1
       70028       80024   73.6008072      -2.28671026               1
       70028       80025   77.1329269      -2.36716437               1
       70028       80026   85.1835022      -2.43600488               1
       70028       90018   28.3135738      -2.69417667               1
       70028       90020   29.3311291      -2.67938638               1
       70028       90021   29.7944221      -2.65538526               1
       70028       90023   32.5809288      -2.69661522               1
       70028       90024   34.5343056      -2.53112245               1
       70028       90027   62.6487236      -2.48375392               1
       70028      100027   43.0621834      -2.32418203               1
       70028      110027   40.3824463      -2.41753554               1
       70028      120027   38.3583832      -2.21633768               1
       70028      130027   37.0051384      -2.24259090               1
       70028      140027   36.3293953      -2.28191090               1
       70028      150027   35.6427727      -2.30870938               1
       70028      160027   35.3335648      -2.31288981               1
       70028      170027   34.7054100      -2.30441213               1
       70028      180027   34.3351517      -2.31023431               1
       50026       80027   54.1572380      -4.36028481               1
       70026       80027   111.667297      -3.41824150               1
       70028       80027   101.715225      -2.32509136               1
       80027       90018   71.4007492      -1.96113884               1
       80027       90019   71.8549118      -1.95521998               1
       80027       90020   72.7095566      -1.97597730               1
       80027       90021   73.3452072      -1.97572708               1
       80027       90022   74.2813644      -1.99381733               1
       80027       90023   77.8526154      -2.11232495               1
       80027       90024   81.5416336      -2.08076811               1
       80027       90025   89.5058823      -2.43338728               1
       80027       90026   115.620468      -3.14463496               1
       80027      100026   59.1011772      -4.25580549               1
       80027      110026   53.4559212      -4.70266342               1
       80027      120026   49.9131851      -4.62239313               1
       80027      130026   47.7740936      -4.77303314               1
       80027      140026   46.7887688      -4.87562180               1
       80027      150026   45.8582191      -4.95972681               1
       80027      160026   45.4605217      -4.98729372               1
       80027      170026   44.6780777      -5.02407169               1
       70026       80029   79.3724899      -2.49486613               1
       70028       80029   115.669579      -3.00851583               1
       80029       90018   71.1067352      -1.95249248               1
       80029       90019   71.4693069      -1.94675672               1
       80029       90020   72.0821152      -1.95852470               1
       80029       90021   72.4945831      -1.95508659               1
       80029       90022   73.0295944      -1.96179986               1
       80029       90023   74.7237396      -2.00455189               1
       80029       90024   76.1646881      -1.97293174               1
       80029       90025   78.5747452      -2.05582976               1
       80029       90026   83.3355026      -2.15903640               1
       80029       90027   90.5272522      -2.19388437               1
       80029      100028   63.1370773      -3.45160747               1
       80029      110028   57.5020103      -3.78814721               1
       80029      120028   53.9761009      -3.65498328               1
       80029      130028   51.8568039      -3.75362349               1
       80029      140028   50.8893967      -3.82777596               1
       80029      150028   49.9924545      -3.88512921               1
       80029      160028   49.6209984      -3.90175629               1
       80029      170028   48.9209938      -3.91918182               1
       80029      180028   48.5288544      -3.93662477               1
       80029      190028   48.1662865      -3.96007085               1
       60027       90028   46.6600456      -2.57520747               1
       80027       90028   105.671532      -2.06640649               1
       80029       90028   119.635536      -2.75733376               1
       90028      100020   31.4633904      -1.22036183               1
       90028      100027   64.9234314      -1.78022993               1
       90028      110027   49.2983475      -2.51152158               1
       90028      120027   42.5058784      -2.03316283               1
       90028      130027   39.0179214      -2.12253070               1
       90028      140027   37.5857506      -2.21955442               1
       90028      150027   36.3731384      -2.28249979               1
       90028      160027   35.9036674      -2.29396081               1
       90028      170027   35.0615273      -2.29045916               1
       90028      180027   34.5999146      -2.30063248               1
       80027       90030   80.0484924      -2.04721642               1
       80029       90030   103.621925      -1.66533232               1
       70028      100029   57.0165672      -3.71086907               1
       90028      100029   78.8912735      -2.87869668               1
      100029      110020   78.8883286      -6.37746096               1
      100029      110021   79.3680878      -6.34741831               1
      100029      110022   79.9548416      -6.32243872               1
      100029      110023   81.7272949      -6.26964474               1
      100029      110024   83.2049789      -6.16456604               1
      100029      110026   90.4430771      -6.00295591               1
      100029      110027   97.6510696      -5.75192976               1
      100029      110028   126.776596      -5.46679544               1
      100029      120028   76.7830582      -3.65326142               1
      100029      130028   60.3910484      -3.61341047               1
      100029      140028   55.4046249      -3.77432966               1
      100029      150028   52.2117233      -3.87994766               1
      100029      160028   51.2413330      -3.90043950               1
      100029      170028   49.8502121      -3.91297913               1
      100029      180028   49.1877060      -3.93331313               1
      100029      190028   48.6585197      -3.96055889               1
       90030      100031   92.0269775      -2.30574155               1
      100031      110020   78.3920135      -6.39975357               1
      100031      110021   78.7290649      -6.37799454               1
      100031      110022   79.0928726      -6.36269522               1
      100031      110023   80.0106430      -6.33672810               1
      100031      110024   80.6651306      -6.28968382               1
      100031      110025   81.5853424      -6.27347231               1
      100031      110026   82.9929047      -6.23718357               1
      100031      110027   84.4355316      -6.17926121               1
      100031      110028   87.8706207      -6.11204433               1
      100031      110029   93.6008759      -5.71193027               1
      100031      120021   28.7541065      -3.11957502               1
      100031      120024   30.6901875      -3.09301734               1
      100031      120030   89.9746857      -2.95497799               1
      100031      130030   73.6041870      -2.76653886               1
      100031      140030   68.6365814      -2.83458447               1
      100031      150030   65.4775314      -2.87276506               1
      100031      160030   64.5322876      -2.87389469               1
      100031      170030   63.2164421      -2.86207104               1
      100031      180030   62.6112213      -2.86639905               1
      100031      190030   62.1551361      -2.87624907               1
      100031      200030   61.5576286      -2.86912608               1
      100031      210030   61.2205811      -2.87766981               1
      100029      110030   110.794250      -4.83640242               1
      100031      110030   139.949432      -4.84678745               1
      110030      120021   59.9266663      -2.70376873               1
      110030      120022   60.3729630      -2.70524168               1
      110030      120023   61.5418854      -2.72715330               1
      110030      120024   62.4123459      -2.69250369               1
      110030      120025   63.6996689      -2.72888947               1
      110030      120026   65.8361740      -2.75804639               1
      110030      120027   68.3277969      -2.73634505               1
      110030      120028   75.3597870      -2.82449889               1
      110030      120029   91.9369812      -2.12990785               1
      110030      130029   52.3028793      -1.33840990               1
      110030      140029   42.8308487      -1.34237993               1
      100029      110032   87.2708817      -6.01344252               1
      100031      110032   127.127243      -5.33213091               1
      110032      120021   59.6022568      -2.70576453               1
      110032      120022   59.9446983      -2.70751715               1
      110032      120023   60.7406044      -2.72575307               1
      110032      120024   61.2742271      -2.70677853               1
      110032      120025   61.9826393      -2.73150158               1
      110032      120026   62.9829025      -2.75555539               1
      110032      120027   63.8992157      -2.76022029               1
      110032      120028   65.8158798      -2.81762838               1
      110032      120029   68.4303284      -2.70131874               1
      110032      120030   84.3650970      -2.82865858               1
      110032      130031   68.6589737      -3.08939362               1
       90030      120031   69.6399384      -2.63026643               1
      110030      120031   121.087067      -2.79360914               1
      110032      120031   108.280510      -3.12062287               1
      120031      130022   50.6468086      -2.43113637               1
      120031      130023   51.6564598      -2.46708345               1
      120031      130024   52.3521767      -2.44292760               1
      120031      130025   53.3106194      -2.48746300               1
      120031      130026   54.7522240      -2.53220272               1
      120031      130027   56.2116699      -2.54131699               1
      120031      130028   59.6640778      -2.65332580               1
      120031      130029   65.4040451      -2.38373685               1
      120031      130030   111.773712      -2.68115616               1
      120031      140023   21.7436333      -2.91698503               1
      120031      140024   22.4393501      -2.84667969               1
      120031      140030   81.8608856      -2.87888217               1
      120031      150030   70.0881577      -2.95834184               1
      120031      160030   67.4619141      -2.94330955               1
      120031      170030   64.6509171      -2.89573741               1
      120031      180030   63.5418129      -2.89235711               1
      120031      190030   62.8099480      -2.89912224               1
      120031      200030   61.9839897      -2.88247514               1
      120031      210030   61.5561447      -2.89130163               1
      110030      120033   70.9285126      -2.65732908               1
      110032      120033   99.4976578      -2.70767236               1
      120033      130022   50.2808647      -2.42527628               1
      120033      130023   50.9999695      -2.45080519               1
      120033      130024   51.4462929      -2.43453217               1
      120033      130025   51.9997787      -2.45968056               1
      120033      130026   52.7138214      -2.48254538               1
      120033      130027   53.2930527      -2.48748875               1
      120033      130028   54.3538437      -2.52470684               1
      120033      130029   55.5671120      -2.44886374               1
      120033      130030   61.6392517      -2.43364835               1
      120033      130031   68.1552429      -2.44773602               1
      120033      140031   38.2531357      -2.68825483               1
      120033      140032   60.3089523      -2.76837301               1
      120033      150032   48.5549355      -2.85637307               1
      120033      160032   45.9421272      -2.82866526               1
      120033      170031   21.1142101      -2.58822656               1
      120033      170032   43.1700287      -2.75125742               1
      120033      180032   42.0895462      -2.74250531               1
      120033      190032   41.3923759      -2.74915457               1
      120033      200032   40.6428642      -2.72341919               1
      120033      210032   40.2742043      -2.73451662               1
      120033      220031   17.8743763      -2.51091504               1
      120033      220032   39.9301949      -2.72987771               1
      120033      230032   39.2110901      -2.70225978               1
      120031      130032   98.9693146      -3.02444696               1
      120033      130032   90.2110596      -2.56010222               1
      130032      140023   52.5005379      -1.73468626               1
      130032      140024   53.0932693      -1.72223699               1
      130032      140025   53.8556175      -1.76735425               1
      130032      140026   54.9032364      -1.81555176               1
      130032      140027   55.8426247      -1.83760679               1
      130032      140028   57.7827950      -1.93564808               1
      130032      140029   60.4101677      -1.84199464               1
      130032      140030   76.3728714      -2.16288519               1
      130032      140031   100.300697      -2.63700056               1
      130032      150031   64.2942123      -3.39756942               1
      120031      130034   59.9288330      -2.40407944               1
      120033      130034   96.5802078      -1.84948945               1
      130034      140023   52.0240250      -1.71766531               1
      130034      140024   52.4475479      -1.70835984               1
      130034      140025   52.9455757      -1.73748434               1
      130034      140026   53.5459518      -1.76566327               1
      130034      140027   53.9904099      -1.77701485               1
      130034      140028   54.7243423      -1.81448233               1
      130034      140029   55.4551620      -1.77755940               1
      130034      140030   58.5809097      -1.78628242               1
      130034      140031   61.2797623      -1.78321183               1
      130034      140032   67.5121155      -1.78537226               1
      130034      150024   16.4564075      -2.64890814               1
      130034      150032   31.5209770      -2.36434603               1
      130034      150033   61.9389114      -1.57914925               1
      130034      160033   56.0648232      -1.50431919               1
      130034      170033   51.1147842      -1.34723330               1
      130034      180033   49.4077682      -1.31117320               1
      130034      190033   48.4095116      -1.29848409               1
      130034      200033   47.4518738      -1.24732196               1
      130034      210033   47.0134811      -1.24794495               1
      130034      220033   46.6328659      -1.23288214               1
      130034      230033   45.9060364      -1.18630838               1
      130034      240033   45.4825134      -1.19209099               1
      110032      140033   50.4150085      -2.60097265               1
      130032      140033   91.5415039      -2.14231396               1
      130034      140033   97.9300537      -1.46858454               1
      140033      150024   36.1857491      -1.95859194               1
      140033      150025   36.7984581      -2.00348353               1
      140033      150026   37.5634460      -2.04581594               1
      140033      150027   38.1670570      -2.05983520               1
      140033      150028   39.2522888      -2.12458467               1
      140033      150029   40.4788055      -2.03157949               1
      140033      150030   46.5791931      -2.06593180               1
      140033      150031   53.1076508      -2.12896228               1
      140033      150032   75.1745834      -2.35738015               1
      140033      160030   28.5504131      -2.34647322               1
      140033      160031   35.0788727      -2.38968730               1
      140033      160032   57.1458092      -2.58948874               1
      140033      170031   25.0254059      -2.38494778               1
      140033      170032   47.0923386      -2.62962461               1
      140033      180031   22.1317272      -2.46372414               1
      140033      180032   44.1986618      -2.68508959               1
      140033      190031   20.6299229      -2.53082085               1
      140033      190032   42.6968575      -2.72529507               1
      140033      200031   19.3408108      -2.46567631               1
      140033      200032   41.4077454      -2.70092154               1
      140033      210031   18.7807198      -2.51416922               1
      140033      210032   40.8476562      -2.72644281               1
      140033      220031   18.3116150      -2.50584602               1
      140033      220032   40.3785515      -2.72513461               1
      140033      230032   39.5016174      -2.69729137               1
      130032      140035   61.4966393      -1.86475289               1
      130034      140035   92.3906479      -1.68232703               1
      140035      150024   35.8446960      -1.96240401               1
      140035      150025   36.3268204      -2.00134993               1
      140035      150026   36.8816490      -2.03870535               1
      140035      150027   37.2686157      -2.05458498               1
      140035      150028   37.8665237      -2.10307050               1
      140035      150029   38.4122734      -2.06804609               1
      140035      150030   40.5233192      -2.09431434               1
      140035      150031   42.1287460      -2.09952903               1
      140035      150032   45.1405296      -2.12140346               1
      140035      150033   55.1784821      -1.97517812               1
      140035      160034   58.0117531      -1.84956205               1
      140035      170034   47.9770889      -1.73423004               1
      140035      180034   45.0969391      -1.73104179               1
      140035      190034   43.6109924      -1.73695183               1
      140035      200034   42.3552589      -1.68377447               1
      140035      210034   41.8199654      -1.69450235               1
      140035      220034   41.3848228      -1.68183577               1
      140035      230034   40.6155434      -1.63568127               1
      140035      240034   40.1891937      -1.64667714               1
      140035      250034   39.7070694      -1.60721302               1
      120033      150034   54.9240875      -1.57245302               1
      140033      150034   81.5632935      -1.53172159               1
      140035      150034   76.0338898      -1.79552042               1
      150034      160025   60.7672768      -1.89215922               1
      150034      160026   61.4423332      -1.91701138               1
      150034      160027   61.9213600      -1.92646015               1
      150034      160028   62.6889534      -1.95905089               1
      150034      160029   63.4375572      -1.92446697               1
      150034      160030   66.6002960      -1.92551005               1
      150034      160031   69.3152466      -1.91728938               1
      150034      160032   75.5617599      -1.90830100               1
      150034      160033   105.995140      -1.58047318               1
      150034      170026   18.2611923      -1.90517342               1
      150034      170027   18.7402191      -1.93669665               1
      150034      170028   19.5078125      -2.04102492               1
      150034      170029   20.2564144      -1.92968833               1
      150034      170030   23.4191570      -1.93194950               1
      150034      170031   26.1341057      -1.90947700               1
      150034      170032   32.3806190      -1.89000905               1
      150034      170033   62.8139992      -1.34568036               1
      150034      180032   23.9931507      -2.08780146               1
      150034      180033   54.4265289      -1.34898984               1
      150034      190033   51.0524940      -1.34715569               1
      150034      200033   48.8065071      -1.25618851               1
      150034      210033   47.9616814      -1.27002251               1
      150034      220033   47.3413773      -1.25236273               1
      150034      230033   46.3452187      -1.19613159               1
      150034      240033   45.8160248      -1.20593703               1
      140033      150036   45.4220085      -2.07272840               1
      140035      150036   69.7828445      -1.48102534               1
      150036      160025   60.3790817      -1.89014816               1
      150036      160026   60.9038239      -1.91268063               1
      150036      160027   61.2413445      -1.92290235               1
      150036      160028   61.7209511      -1.95014417               1
      150036      160029   62.1179657      -1.93756151               1
      150036      160030   63.5017738      -1.95838070               1
      150036      160031   64.4440689      -1.96527231               1
      150036      160032   65.9504623      -1.98231053               1
      150036      160033   69.8692932      -1.95712769               1
      150036      160034   75.5457993      -1.88807666               1
      150036      170026   17.7414417      -1.89100575               1
      150036      170027   18.0789604      -1.92603600               1
      150036      170028   18.5585651      -2.01655412               1
      150036      170029   18.9555836      -1.97392929               1
      150036      170031   21.2816868      -2.05386662               1
      150036      170032   22.7880802      -2.09732032               1
      150036      170035   51.0735703      -1.23447144               1
      150036      180035   42.6993713      -1.21697390               1
      150036      190035   39.3405266      -1.20292389               1
      150036      200035   37.1254883      -1.07596588               1
      150036      210035   36.3030243      -1.08988678               1
      150036      220035   35.7123451      -1.06425738               1
      150036      230035   34.8056793     -0.989126384               1
      150036      240035   34.3453827     -0.995891273               1
      150036      250035   33.8568764     -0.941133976               1
      150036      260035   33.3321342     -0.885022879               1
      130034      160035   50.5254211      -1.89908588               1
      150034      160035   100.470749      -1.78311479               1
      150036      160035   94.2359467      -1.54918849               1
      160035      170026   39.7361794      -1.43151438               1
      160035      170027   40.1646271      -1.45421851               1
      160035      170028   40.8019714      -1.51184916               1
      160035      170029   41.3681488      -1.48645496               1
      160035      170030   43.5208473      -1.54046369               1
      160035      170031   45.1441994      -1.56522357               1
      160035      170032   48.1715775      -1.61964345               1
      160035      170033   58.2263451      -1.56807315               1
      160035      170034   79.0914688      -1.50278795               1
      160035      180034   55.0747299      -1.73333228               1
      160035      190034   48.0318909      -1.80065238               1
      160035      200034   44.3462181      -1.68129694               1
      160035      210034   43.1204720      -1.72229791               1
      160035      220034   42.3131485      -1.70753980               1
      160035      230034   41.1651344      -1.64788890               1
      160035      240034   40.5990639      -1.66528487               1
      160035      250034   40.0022202      -1.62010419               1
      150034      160037   69.5146408      -1.95727682               1
      150036      160037   121.985611      -2.09009910               1
      160037      170026   39.2934875      -1.41073871               1
      160037      170027   39.6142578      -1.43063748               1
      160037      170028   40.0455475      -1.47558272               1
      160037      170029   40.3808327      -1.46504545               1
      160037      170030   41.4734764      -1.50910378               1
      160037      170031   42.1689072      -1.52786255               1
      160037      170032   43.1780815      -1.56392848               1
      160037      170033   45.4413223      -1.58669329               1
      160037      170034   48.1611633      -1.57486939               1
      160037      170035   54.3602180      -1.45416892               1
      160037      180035   30.3561039      -1.83440483               1
      160037      180036   76.6287842      -2.23691344               1
      160037      190036   69.6002274      -2.33411098               1
      160037      200036   65.9431534      -2.28424549               1
      160037      210036   64.7377777      -2.32277441               1
      160037      220036   63.9569664      -2.32089972               1
      160037      230036   62.8870010      -2.29508948               1
      160037      240036   62.3796539      -2.31044602               1
      160037      250035   15.5930510      -1.66617298               1
      160037      250036   61.8657341      -2.29056215               1
      160037      260036   61.3394127      -2.27166629               1
      160037      270036   61.0186424      -2.26327348               1
      140035      170036   41.7260513      -1.19908500               1
      160035      170036   72.8570938      -1.17652500               1
      160037      170036   100.632889      -1.93550539               1
      170036      180027   61.1071510      -2.30382419               1
      170036      180028   61.6590233      -2.33267593               1
      170036      180029   62.0921211      -2.31683636               1
      170036      180030   63.5468445      -2.33089876               1
      170036      180031   64.5190277      -2.33256459               1
      170036      180032   66.0509186      -2.34182739               1
      170036      180033   69.9966431      -2.29727650               1
      170036      180034   75.6884842      -2.20300007               1
      170036      180035   94.3886108      -1.80222583               1
      170036      190035   55.2972450      -1.74892533               1
      170036      200035   42.7833252      -1.18111694               1
      170036      210035   39.5168495      -1.25511789               1
      170036      220035   37.7977753      -1.19539213               1
      170036      240035   35.1419716      -1.06796873               1
      170036      250035   34.4086266     -0.991338491               1
      170036      260035   33.6984367     -0.917993128               1
      160035      170038   47.8354759      -1.53500247               1
      160037      170038   86.5329361      -2.14283180               1
      170038      180027   60.7690620      -2.29889774               1
      170038      180028   61.2058907      -2.32420564               1
      170038      180029   61.5180283      -2.31488109               1
      170038      180030   62.4554634      -2.33137822               1
      170038      180031   63.0126457      -2.33630395               1
      170038      180032   63.7515907      -2.34921360               1
      170038      180033   65.2056808      -2.35330892               1
      170038      180034   66.7160339      -2.33874249               1
      170038      180035   69.3873978      -2.27525043               1
      170038      180036   83.5276337      -2.35976052               1
      170038      190037   69.0012512      -2.84752679               1
      170038      200037   56.5069122      -2.66117692               1
      170038      220037   51.5528297      -2.81461525               1
      170038      240037   48.9855232      -2.81029010               1
      170038      250037   48.3042183      -2.78413558               1
      170038      260037   47.6675606      -2.76079178               1
      170038      270037   47.3136101      -2.75119591               1
      170038      280037   46.8767853      -2.72236681               1
      150036      180037   70.4490356      -2.28444290               1
      160035      180037   30.3236198      -1.83317256               1
      170036      180037   122.162880      -2.28522038               1
      170038      180037   108.082672      -2.49689293               1
      180037      190028   46.6398392      -2.43808913               1
      180037      190029   47.0237694      -2.42021823               1
      180037      190030   48.2101936      -2.43816066               1
      180037      190031   48.9447174      -2.44111133               1
      180037      190032   49.9869232      -2.45458674               1
      180037      190035   61.2356606      -2.19512892               1
      180037      190036   107.527710      -2.32691407               1
      180037      200036   76.7115631      -2.08296227               1
      180037      210036   70.1747742      -2.32641220               1
      180037      220036   67.2449722      -2.34452081               1
      180037      230036   64.5377731      -2.30008507               1
      180037      240036   63.5281029      -2.33512783               1
      180037      250035   16.3544369      -1.75770223               1
      180037      250036   62.6464844      -2.30713344               1
      180037      260036   61.8512344      -2.28194022               1
      180037      270036   61.4185295      -2.27102971               1
      170036      180039   70.4363480      -2.27267146               1
      170038      180039   91.6748047      -1.83700669               1
      180039      190028   46.2232704      -2.42470264               1
      180039      190029   46.5082932      -2.41300082               1
      180039      190030   47.2976112      -2.43022537               1
      180039      190031   47.7359314      -2.43428946               1
      180039      190032   48.2674675      -2.44656014               1
      180039      190033   49.1860123      -2.45202422               1
      180039      190036   55.8238792      -2.34949803               1
      180039      190037   61.3278503      -2.29498243               1
      180039      200038   46.2695847      -1.06258178               1
      180039      210038   39.7471046      -1.32488024               1
      180039      220038   36.8353806      -1.27927732               1
      180039      230038   34.1791267      -1.11551869               1
      180039      250037   16.6376858      -2.14804077               1
      180039      250038   32.3749123      -1.06555426               1
      180039      260037   15.9114389      -2.05179167               1
      180039      260038   31.6486664     -0.992324829               1
      180039      270037   15.5356560      -2.00664091               1
      180039      270038   31.2728844     -0.957164168               1
      180039      280037   15.1045818      -1.89801085               1
      180039      280038   30.8418121     -0.889294863               1
      180039      290038   30.5567894     -0.892783523               1
      180037      190038   93.4493713      -2.57813430               1
      180039      190038   77.0650635      -1.81022513               1
      190038      200036   63.1331482     -0.461899340               1
      190038      200037   87.6981201      -1.16246855               1
      190038      210037   63.5655022      -2.39620686               1
      190038      220037   56.5747910      -2.64005160               1
      190038      250037   49.1695862      -2.76972198               1
      190038      260037   48.2051888      -2.75190377               1
      190038      270037   47.7234802      -2.74433136               1
      190038      280037   47.1792297      -2.71253633               1
      180039      190040   93.6436844      -1.99640715               1
      190040      200038   56.8251991      -1.83269698E-02           1
      190040      210039   63.7948952      -1.54285812               1
      190040      220039   56.8185005      -1.68109512               1
      190040      230039   52.1078415      -1.63770306               1
      190040      240039   50.6497421      -1.70975471               1
      190040      250039   49.5196419      -1.67042065               1
      190040      260039   48.6067696      -1.63377166               1
      190040      270039   48.1664658      -1.61649859               1
      190040      280039   47.6925430      -1.57700706               1
      190040      290039   47.3971176      -1.58408999               1
      190040      300039   46.6241379      -1.55278146               1
      170038      200039   40.0990601      -1.21976125               1
      190038      200039   71.3108826      -7.36179994E-03           1
      190040      200039   87.9160995     -0.546394229               1
      200039      210030   64.6200714      -3.15633321               1
      200039      210031   65.1279678      -3.15320897               1
      200039      210032   65.7153854      -3.15644884               1
      200039      210033   66.6892776      -3.15103865               1
      200039      210034   67.5505981      -3.13230753               1
      200039      210035   68.7317276      -3.08215761               1
      200039      210036   73.4034729      -3.00882506               1
      200039      210037   78.9230423      -2.92047358               1
      200039      210038   94.6741257      -2.42185187               1
      200039      220032   26.7454166      -3.23914337               1
      200039      220038   55.7041702      -1.94764102               1
      200039      230038   40.0754738      -1.24932253               1
      200039      250037   18.5629940      -2.28038263               1
      200039      250038   34.3141136      -1.19848251               1
      200039      260038   32.7436218      -1.07038939               1
      200039      270038   32.0691872      -1.01429617               1
      200039      280038   31.4069023     -0.915341675               1
      200039      290038   31.0201130     -0.920960844               1
      180039      210040   56.3257217      -1.77726889               1
      200039      210040   111.278198      -2.48751998               1
      210040      220031   56.9976082      -3.13816261               1
      210040      220032   57.5435715      -3.14364600               1
      210040      220033   58.3849640      -3.14495873               1
      210040      220034   59.0806808      -3.13357139               1
      210040      220035   59.9369202      -3.09960318               1
      210040      220036   62.9210472      -3.07240224               1
      210040      220037   65.9816666      -3.03854060               1
      210040      220038   72.3765488      -2.81566191               1
      210040      220039   103.486893      -2.42398739               1
      210040      230039   62.7755585      -1.65869641               1
      210040      240039   56.0386963      -1.86912537               1
      210040      250038   21.2779350      -2.12671566               1
      210040      250039   52.3882980      -1.76213396               1
      210040      260038   19.0026379      -1.96500921               1
      210040      260039   50.1130028      -1.68426239               1
      210040      270038   18.1139126      -1.89112997               1
      210040      270039   49.2242775      -1.65200698               1
      210040      280038   17.3130245      -1.72285140               1
      210040      280039   48.4233894      -1.58788669               1
      210040      290038   16.8801022      -1.75699389               1
      210040      290039   47.9904671      -1.59867835               1
      210040      300039   46.9893608      -1.56145799               1
