         792
       10020       20011   51.8438187      -3.20929050               1
       10020       20012   52.4206810      -3.22109413               1
       10020       20013   53.0532646      -3.20156956               1
       10020       20014   53.6195869      -3.17885494               1
       10020       20015   54.7823601      -3.14445114               1
       10020       20016   55.9199829      -3.10949898               1
       10020       20017   60.7746506      -3.03890443               1
       10020       20018   67.0374298      -2.85351205               1
       10020       20019   92.2000732      -1.96864188               1
       10020       30012   22.2730942      -2.96696615               1
       10020       30013   22.9056778      -2.92876196               1
       10020       30014   23.4720020      -2.88345480               1
       10020       30015   24.6347733      -2.82089162               1
       10020       30016   25.7723980      -2.75933599               1
       10020       30017   30.6270657      -2.67475581               1
       10020       30018   36.8898468      -2.39967632               1
       10020       30019   62.0525322      -1.26893437               1
       10022       20011   51.5703659      -3.21603203               1
       10022       20012   52.0450172      -3.22759128               1
       10022       20013   52.5340996      -3.21444130               1
       10022       20014   52.9270401      -3.20031643               1
       10022       20015   53.6166573      -3.18520260               1
       10022       20016   54.1645622      -3.17521024               1
       10022       20017   56.0358162      -3.17575526               1
       10022       20018   57.8005524      -3.14964676               1
       10022       20019   61.2919083      -3.03643060               1
       10022       20020   76.9488602      -3.17050767               1
       10022       30012   21.9047604      -2.97725797               1
       10022       30013   22.3938446      -2.95187664               1
       10022       30014   22.7867832      -2.92359614               1
       10022       30015   23.4764042      -2.89720750               1
       10022       30016   24.0243073      -2.88124681               1
       10022       30017   25.8955593      -2.90366840               1
       10022       30018   27.6602974      -2.86646962               1
       10022       30019   31.1516552      -2.67545033               1
       10022       30020   46.8086014      -3.01660419               1
       10022       30021   78.0727158      -2.95357895               1
       10022       40021   65.2976837      -2.90325570               1
       10022       50021   62.5810661      -2.94346285               1
       10022       60021   60.4545708      -2.89837480               1
       10022       70021   59.2299576      -2.92955351               1
       10022       80021   58.4403992      -2.94815993               1
       10022       90021   57.9555283      -2.96266246               1
       10022      100021   56.9872627      -2.95795846               1
       10022      110021   56.6426048      -2.95724225               1
       10022      120021   56.1679535      -2.94434452               1
       10020       20021   115.815941      -3.03932858               1
       10022       20021   108.212967      -3.08057213               1
       20021       30012   51.3019524      -2.10968876               1
       20021       30013   51.8852005      -2.10479808               1
       20021       30014   52.3650169      -2.09670663               1
       20021       30015   53.2480850      -2.09406567               1
       20021       30016   54.0043221      -2.09357262               1
       20021       30017   56.8206406      -2.13941050               1
       20021       30018   59.8137283      -2.13530254               1
       20021       30019   67.3803635      -1.98271167               1
       20021       30020   115.034477      -2.53564930               1
       20021       40020   78.7777023      -2.69977379               1
       20021       50020   73.0462799      -2.82100725               1
       20021       60020   69.4099045      -2.78772116               1
       20021       70020   67.6045914      -2.84172630               1
       20021       80020   66.5259399      -2.87068558               1
       20021       90020   65.8957520      -2.89051819               1
       20021      100020   64.7074585      -2.89062190               1
       20021      110020   64.2956161      -2.89097738               1
       10020       20023   61.5490799      -3.05753064               1
       10022       20023   88.0421906      -2.89957023               1
       20023       30012   50.9047585      -2.09686112               1
       20023       30013   51.3537254      -2.09163618               1
       20023       30014   51.6854057      -2.08411121               1
       20023       30015   52.2081070      -2.07953835               1
       20023       30016   52.5745506      -2.07771921               1
       20023       30017   53.6836090      -2.09173107               1
       20023       30018   54.5978317      -2.08768845               1
       20023       30019   56.0296021      -2.04928374               1
       20023       30020   60.7883797      -2.10443783               1
       20023       30021   66.9620972      -2.05751824               1
       10020       30022   46.7986145      -3.01749587               1
       20021       30022   107.436012      -2.54157686               1
       20023       30022   87.2873001      -2.23449969               1
       30022       40020   59.3083038      -2.44835901               1
       30022       40021   90.5801239      -2.58991790               1
       30022       50014   16.5534935      -2.39902329               1
       30022       50015   17.2871647      -2.37761235               1
       30022       50016   17.8535786      -2.36992145               1
       30022       50020   40.7157288      -2.80883098               1
       30022       50021   71.9875488      -2.83035970               1
       30022       60021   64.2356567      -2.74821663               1
       30022       70021   61.2580757      -2.85075927               1
       30022       80021   59.6984825      -2.90133691               1
       30022       90020   27.5912476      -3.01853395               1
       30022       90021   58.8630676      -2.93345523               1
       30022      100020   26.1899471      -3.04050231               1
       30022      100021   57.4617691      -2.94139338               1
       30022      110020   25.7436161      -3.04716015               1
       30022      110021   57.0154381      -2.94362354               1
       30022      120021   56.4380188      -2.93087721               1
       10022       30024   38.0129471      -2.95982695               1
       20021       30024   60.3536797      -2.14807010               1
       20023       30024   123.305168      -3.05379725               1
       30024       50023   87.8967209      -3.49630570               1
       30024       60023   80.1650848      -3.49510241               1
       30024       70023   77.2134399      -3.60462213               1
       30024       80023   75.6806183      -3.65934610               1
       30024       90023   74.8703766      -3.69229460               1
       30024      100023   73.5591278      -3.71327066               1
       30024      110023   73.1607132      -3.71947026               1
       30024      120023   72.6679993      -3.71669674               1
       30024      130023   72.2088776      -3.73092723               1
       30024      140023   71.8876114      -3.74351478               1
       30024       40023   106.479012      -3.17567086               1
       40023       50014   77.5738144      -4.58649206               1
       40023       50015   78.1814270      -4.56287527               1
       40023       50016   78.5818787      -4.54874325               1
       40023       50017   79.7488937      -4.52226591               1
       40023       50018   80.6916809      -4.49101973               1
       40023       50019   82.1448288      -4.42199516               1
       40023       50020   86.9288788      -4.33006859               1
       40023       50021   93.1149139      -4.14826441               1
       40023       50022   113.450806      -3.90968275               1
       40023       60015   23.3122845      -2.17787743               1
       40023       60016   23.7127361      -2.17132211               1
       40023       60020   32.0597534      -2.19737363               1
       20023       40025   41.1226768      -2.93436766               1
       30024       40025   92.0156479      -2.41044974               1
       40025       50014   77.2486877      -4.59683752               1
       40025       50015   77.7233200      -4.57843256               1
       40025       50016   78.0027237      -4.56900644               1
       40025       50017   78.7261124      -4.55436277               1
       40025       50018   79.2422867      -4.53907251               1
       40025       50019   79.8919220      -4.51121902               1
       40025       50020   81.5223846      -4.48496342               1
       40025       50021   83.0628586      -4.43856907               1
       40025       50022   86.0976562      -4.40505314               1
       40025       50023   103.568008      -4.32779646               1
       40025       60015   22.8677063      -2.18394089               1
       40025       60016   23.1471043      -2.18107867               1
       40025       60017   23.8704967      -2.20514822               1
       40025       60018   24.3866749      -2.20518851               1
       40025       60019   25.0363140      -2.17686701               1
       40025       60020   26.6667767      -2.23932767               1
       40025       60021   28.2072525      -2.22534966               1
       40025       60022   31.2420502      -2.34797359               1
       40025       60023   48.7123909      -2.92147374               1
       40025       60024   80.1981201      -2.53007722               1
       40025       70024   68.4898911      -2.59230709               1
       40025       80024   64.1345291      -2.62670207               1
       40025       90024   62.2642479      -2.65960979               1
       40025      100023   28.4645672      -3.46374750               1
       40025      100024   59.9502907      -2.65535855               1
       40025      110024   59.3662262      -2.65470910               1
       40025      120024   58.7183418      -2.63719726               1
       40025      130024   58.1612778      -2.64795804               1
       40025      140024   57.8050575      -2.65923214               1
       40025      150024   57.3304176      -2.66814256               1
       20023       50024   81.3478546      -3.57734442               1
       40023       50024   149.497009      -4.18153763               1
       40025       50024   135.053680      -3.76751304               1
       30024       50026   34.3788910      -2.54705954               1
       40023       50026   88.4442444      -4.42968273               1
       40025       50026   118.041695      -4.18815517               1
       50026       60015   45.7185059      -1.95727527               1
       50026       60016   45.9710159      -1.95636857               1
       50026       60017   46.5759544      -1.96771610               1
       50026       60018   46.9783669      -1.96882093               1
       50026       60019   47.4351730      -1.95995724               1
       50026       60020   48.4330521      -1.98221040               1
       50026       60021   49.2585297      -1.97847593               1
       50026       60022   50.6257935      -2.01580453               1
       50026       60023   56.7262268      -2.22279859               1
       50026       60024   64.2842331      -2.17378163               1
       50026       70024   35.8859291      -2.37274671               1
       50026      120024   20.0270901      -2.59585643               1
       50026      150024   18.5657330      -2.70693326               1
       30024       60025   65.7017059      -2.49372411               1
       40023       60025   48.6918335      -2.92156911               1
       50026       60025   86.3238907      -2.64924932               1
       60025       70016   55.6777458      -3.75968909               1
       60025       70017   56.4814720      -3.74942851               1
       60025       70018   57.0354271      -3.73494697               1
       60025       70019   57.7121773      -3.70466542               1
       60025       70020   59.3731079      -3.69065809               1
       60025       70021   60.9279938      -3.64701748               1
       60025       70022   63.9749336      -3.63939881               1
       60025       70023   81.4657440      -3.70551491               1
       60025       70024   112.961708      -3.20893693               1
       60025       80017   21.9856567      -3.40570092               1
       60025       80018   22.5396118      -3.37750363               1
       60025       80019   23.2163639      -3.31264806               1
       60025       80020   24.8772926      -3.30539060               1
       60025       80021   26.4321823      -3.22745967               1
       60025       80022   29.4791222      -3.25429082               1
       60025       80023   46.9699287      -3.51237178               1
       60025       80024   78.4659042      -2.87501121               1
       60025       90018   13.3333778      -3.41275573               1
       60025       90019   14.0101290      -3.30358005               1
       60025       90020   15.6710587      -3.29302025               1
       60025       90021   17.2259464      -3.17455649               1
       60025       90022   20.2728882      -3.22152328               1
       60025       90023   37.7636948      -3.55769730               1
       60025       90024   69.2596664      -2.81500483               1
       60025      100023   30.6332588      -3.49833345               1
       60025      100024   62.1292343      -2.70049763               1
       60025      110023   29.3350601      -3.49621034               1
       60025      110024   60.8310356      -2.68244720               1
       60025      120023   28.1482239      -3.43549275               1
       60025      120024   59.6442032      -2.63759971               1
       60025      130023   27.2461853      -3.48166347               1
       60025      130024   58.7421608      -2.64676261               1
       60025      140023   26.7318249      -3.52732038               1
       60025      140024   58.2278023      -2.66034794               1
       60025      150024   57.6143188      -2.67012811               1
       50026       60027   90.6382675      -3.12516165               1
       60027       70016   55.3575554      -3.76616049               1
       60027       70017   55.9570465      -3.75773335               1
       60027       70018   56.3341217      -3.74753833               1
       60027       70019   56.7328873      -3.72958064               1
       60027       70020   57.5288277      -3.72104001               1
       60027       70021   58.1376495      -3.70094657               1
       60027       70022   59.0519257      -3.69770646               1
       60027       70023   62.5876923      -3.72736144               1
       60027       70024   66.2593231      -3.64031458               1
       60027       70025   74.2065353      -3.74107862               1
       60027       80024   31.7757587      -3.28332710               1
       60027       80026   65.8215866      -4.03951693               1
       60027       90026   56.6264877      -4.15496159               1
       60027      100026   49.5336456      -4.20415926               1
       60027      110026   48.2543526      -4.22157431               1
       60027      120026   47.0993958      -4.20388603               1
       60027      130026   46.2359695      -4.24428749               1
       60027      140026   45.7581520      -4.27743483               1
       60027      150026   45.2172279      -4.30853224               1
       60027      160026   44.9476013      -4.32228947               1
       60027      170026   44.3481102      -4.34044027               1
       60025       70026   95.9697113      -3.62743211               1
       60027       70026   100.305153      -4.01536655               1
       70026       80017   67.3235703      -2.29825282               1
       70026       80018   67.7895966      -2.29695988               1
       70026       80019   68.2909317      -2.28800845               1
       70026       80020   69.3374023      -2.29920602               1
       70026       80021   70.1854706      -2.29244542               1
       70026       80022   71.5714493      -2.31295371               1
       70026       80023   77.7028275      -2.44124627               1
       70026       80024   85.2761688      -2.38472486               1
       70026       80025   107.331024      -2.72393751               1
       70026       90018   28.7152672      -2.65769720               1
       70026       90019   29.2166061      -2.63058400               1
       70026       90020   30.2630749      -2.64439321               1
       70026       90021   31.1111393      -2.61973262               1
       70026       90022   32.4971237      -2.65094113               1
       70026       90023   38.6285057      -2.85535908               1
       70026       90024   46.2018394      -2.68315530               1
       70026       90025   68.2567062      -3.12012625               1
       70026      100024   26.5893288      -2.69108319               1
       70026      110024   23.8967400      -2.68202877               1
       70026      120024   21.8513031      -2.51934862               1
       70026      130024   20.4726334      -2.57987404               1
       70026      140024   19.7734776      -2.64738607               1
       70026      150024   19.0419769      -2.69693899               1
       60025       70028   65.7569199      -3.55274343               1
       60027       70028   90.3386765      -3.25181007               1
       70028       80017   67.0097961      -2.29233932               1
       70028       80018   67.3800507      -2.29011345               1
       70028       80019   67.7422485      -2.28224540               1
       70028       80020   68.3976059      -2.28481030               1
       70028       80021   68.8609009      -2.27662516               1
       70028       80022   69.4947891      -2.27994442               1
       70028       80023   71.6473999      -2.30776572               1
       70028       80024   73.6007843      -2.27025723               1
       70028       80025   77.1329041      -2.30653739               1
       70028       80026   85.1834717      -2.36817431               1
       70028       90018   28.3135567      -2.64651775               1
       70028       90020   29.3311119      -2.62178683               1
       70028       90021   29.7944050      -2.59762931               1
       70028       90023   32.5809097      -2.63865519               1
       70028       90024   34.5342865      -2.53999925               1
       70028       90027   62.6486816      -2.53279114               1
       70028      100027   43.0621643      -2.47054195               1
       70028      110027   40.3824272      -2.45102119               1
       70028      120027   38.3583527      -2.34766865               1
       70028      130027   37.0051117      -2.37502170               1
       70028      140027   36.3293686      -2.40775847               1
       70028      150027   35.6427460      -2.42990494               1
       70028      160027   35.3335381      -2.43659592               1
       70028      170027   34.7053833      -2.43312359               1
       70028      180027   34.3351250      -2.43900967               1
       50026       80027   54.1572762      -3.93412113               1
       70026       80027   111.667328      -3.10740447               1
       70028       80027   101.715179      -2.34037519               1
       80027       90018   71.4007187      -2.14869261               1
       80027       90019   71.8548813      -2.14190817               1
       80027       90020   72.7095261      -2.15213633               1
       80027       90021   73.3451767      -2.14838457               1
       80027       90022   74.2813339      -2.16472387               1
       80027       90023   77.8525848      -2.25829005               1
       80027       90024   81.5416031      -2.25324154               1
       80027       90025   89.5058823      -2.45989728               1
       80027       90026   115.620506      -2.98698997               1
       80027      100026   59.1012383      -3.84353399               1
       80027      110026   53.4559364      -4.00643015               1
       80027      120026   49.9132004      -4.00164700               1
       80027      130026   47.7741051      -4.12137556               1
       80027      140026   46.7887764      -4.20099449               1
       80027      150026   45.8582268      -4.26490641               1
       80027      160026   45.4605293      -4.28834295               1
       80027      170026   44.6780853      -4.31679440               1
       70026       80029   79.3724670      -2.38137770               1
       70028       80029   115.669487      -2.89307404               1
       80029       90018   71.1067047      -2.14346433               1
       80029       90019   71.4692764      -2.13699484               1
       80029       90020   72.0820847      -2.14105582               1
       80029       90021   72.4945526      -2.13537502               1
       80029       90022   73.0295639      -2.14008546               1
       80029       90023   74.7237015      -2.16925097               1
       80029       90024   76.1646500      -2.14976525               1
       80029       90025   78.5747147      -2.18594217               1
       80029       90026   83.3354721      -2.24882436               1
       80029       90027   90.5272141      -2.27183914               1
       80029      100028   63.1370277      -3.40395403               1
       80029      110028   57.5019341      -3.51233816               1
       80029      120028   53.9760170      -3.47602272               1
       80029      130028   51.8567276      -3.56430316               1
       80029      140028   50.8893166      -3.62621856               1
       80029      150028   49.9923744      -3.67358160               1
       80029      160028   49.6209183      -3.68991137               1
       80029      170028   48.9209137      -3.70664120               1
       80029      180028   48.5287743      -3.72162390               1
       80029      190028   48.1662064      -3.74310279               1
       60027       90028   46.6600189      -2.70645308               1
       80027       90028   105.671478      -2.23716211               1
       80029       90028   119.635445      -2.78362679               1
       90028      100020   31.4634190      -2.34380770               1
       90028      100027   64.9234467      -2.39816260               1
       90028      110027   49.2983246      -2.42766929               1
       90028      120027   42.5058365      -2.17974663               1
       90028      130027   39.0178909      -2.26678753               1
       90028      140027   37.5857239      -2.34940004               1
       90028      150027   36.3731117      -2.40268087               1
       90028      160027   35.9036407      -2.41713643               1
       90028      170027   35.0615005      -2.41887450               1
       90028      180027   34.5998878      -2.42849016               1
       80027       90030   80.0484619      -2.17525411               1
       80029       90030   103.621925      -2.14543581               1
       70028      100029   57.0164986      -3.55994630               1
       90028      100029   78.8912811      -3.19827414               1
      100029      110020   78.8881760      -5.30038023               1
      100029      110021   79.3679352      -5.27569389               1
      100029      110022   79.9546967      -5.25768518               1
      100029      110023   81.7271500      -5.21865511               1
      100029      110024   83.2048492      -5.14649963               1
      100029      110026   90.4429321      -4.99910593               1
      100029      110027   97.6509399      -4.81757498               1
      100029      110028   126.776421      -4.71608210               1
      100029      120028   76.7828751      -3.47949195               1
      100029      130028   60.3909416      -3.43837404               1
      100029      140028   55.4045334      -3.56922245               1
      100029      150028   52.2116394      -3.65599418               1
      100029      160028   51.2412491      -3.67946029               1
      100029      170028   49.8501282      -3.69474316               1
      100029      180028   49.1876259      -3.71265411               1
      100029      190028   48.6584396      -3.73867583               1
       90030      100031   92.0269775      -2.74120688               1
      100031      110020   78.3918686      -5.31907511               1
      100031      110021   78.7289124      -5.30099726               1
      100031      110022   79.0927277      -5.28902674               1
      100031      110023   80.0104904      -5.26703596               1
      100031      110024   80.6649857      -5.23255396               1
      100031      110025   81.5851974      -5.20871258               1
      100031      110026   82.9927597      -5.17224264               1
      100031      110027   84.4353943      -5.12272120               1
      100031      110028   87.8704758      -5.08565092               1
      100031      110029   93.6007919      -4.84879923               1
      100031      120021   28.7540054      -3.01530981               1
      100031      120024   30.6900883      -2.97960687               1
      100031      120030   89.9745331      -2.97123384               1
      100031      130030   73.6041031      -2.82395720               1
      100031      140030   68.6365204      -2.88451886               1
      100031      150030   65.4774704      -2.91981530               1
      100031      160030   64.5322342      -2.92702746               1
      100031      170030   63.2163887      -2.92254806               1
      100031      180030   62.6111717      -2.92768049               1
      100031      190030   62.1550827      -2.93899989               1
      100031      200030   61.5575790      -2.94038033               1
      100031      210030   61.2205315      -2.95053220               1
      100029      110030   110.794342      -4.39798212               1
      100031      110030   139.949356      -4.27279234               1
      110030      120021   59.9264297      -2.98114300               1
      110030      120022   60.3727264      -2.97909904               1
      110030      120023   61.5416489      -2.98596191               1
      110030      120024   62.4121094      -2.95792985               1
      110030      120025   63.6994324      -2.96037364               1
      110030      120026   65.8359375      -2.96134686               1
      110030      120027   68.3275604      -2.93242431               1
      110030      120028   75.3595428      -3.03235126               1
      110030      120029   91.9367905      -2.70503187               1
      110030      130029   52.3028488      -2.15167832               1
      110030      140029   42.8308563      -2.21840096               1
      100029      110032   87.2707596      -5.01933336               1
      100031      110032   127.127129      -4.30512142               1
      110032      120021   59.6020203      -2.98675609               1
      110032      120022   59.9444618      -2.98494744               1
      110032      120023   60.7403641      -2.98963380               1
      110032      120024   61.2739868      -2.97194862               1
      110032      120025   61.9823990      -2.97246766               1
      110032      120026   62.9826660      -2.97198200               1
      110032      120027   63.8989792      -2.96022415               1
      110032      120028   65.8156433      -2.99233079               1
      110032      120029   68.4300919      -2.91577816               1
      110032      120030   84.3648529      -2.91700721               1
      110032      130031   68.6589584      -2.51439428               1
       90030      120031   69.6398773      -2.71872544               1
      110030      120031   121.086777      -2.96796966               1
      110032      120031   108.280304      -2.85155678               1
      120031      130022   50.6467896      -2.58506989               1
      120031      130023   51.6564369      -2.60299540               1
      120031      130024   52.3521576      -2.58309126               1
      120031      130025   53.3106003      -2.59365106               1
      120031      130026   54.7522049      -2.60672903               1
      120031      130027   56.2116508      -2.59855533               1
      120031      130028   59.6640549      -2.69027042               1
      120031      130029   65.4040298      -2.56115651               1
      120031      130030   111.773643      -2.78884864               1
      120031      140023   21.7436256      -2.80409074               1
      120031      140024   22.4393444      -2.75141835               1
      120031      140030   81.8608322      -2.91017556               1
      120031      150030   70.0881042      -2.96563148               1
      120031      160030   67.4618607      -2.96598744               1
      120031      170030   64.6508636      -2.93698144               1
      120031      180030   63.5417633      -2.93745399               1
      120031      190030   62.8098984      -2.94902825               1
      120031      200030   61.9839401      -2.94596958               1
      120031      210030   61.5560951      -2.95713162               1
      110030      120033   70.9282684      -2.92690182               1
      110032      120033   99.4974060      -2.85830832               1
      120033      130022   50.2808456      -2.58755732               1
      120033      130023   50.9999504      -2.60055995               1
      120033      130024   51.4462738      -2.58735037               1
      120033      130025   51.9997597      -2.59248734               1
      120033      130026   52.7138023      -2.59750128               1
      120033      130027   53.2930336      -2.59264636               1
      120033      130028   54.3538246      -2.62089610               1
      120033      130029   55.5670967      -2.58164406               1
      120033      130030   61.6392250      -2.59584522               1
      120033      130031   68.1552200      -2.57809162               1
      120033      140031   38.2531281      -2.67253494               1
      120033      140032   60.3089371      -2.70823002               1
      120033      150032   48.5549240      -2.73897672               1
      120033      160032   45.9421158      -2.72631693               1
      120033      170031   21.1142082      -2.56013536               1
      120033      170032   43.1700172      -2.66742730               1
      120033      180032   42.0895386      -2.66061568               1
      120033      190032   41.3923645      -2.67180490               1
      120033      200032   40.6428528      -2.66174674               1
      120033      210032   40.2741966      -2.67390156               1
      120033      220031   17.8743763      -2.55146456               1
      120033      220032   39.9301834      -2.67225146               1
      120033      230032   39.2110786      -2.65689278               1
      120031      130032   98.9693375      -2.63831592               1
      120033      130032   90.2110291      -2.62504554               1
      130032      140023   52.5005341      -1.81509447               1
      130032      140024   53.0932617      -1.80614591               1
      130032      140025   53.8556137      -1.82369339               1
      130032      140026   54.9032326      -1.84545040               1
      130032      140027   55.8426247      -1.85090709               1
      130032      140028   57.7827950      -1.92556822               1
      130032      140029   60.4101715      -1.88495064               1
      130032      140030   76.3728638      -2.10185719               1
      130032      140031   100.300751      -2.22563028               1
      130032      150031   64.2942352      -2.62688160               1
      120031      130034   59.9288177      -2.53010821               1
      120033      130034   96.5801849      -1.92585552               1
      130034      140023   52.0240211      -1.80797768               1
      130034      140024   52.4475403      -1.80166876               1
      130034      140025   52.9455719      -1.81292915               1
      130034      140026   53.5459480      -1.82500374               1
      130034      140027   53.9904060      -1.82700372               1
      130034      140028   54.7243423      -1.85507071               1
      130034      140029   55.4551620      -1.83750021               1
      130034      140030   58.5809097      -1.86044812               1
      130034      140031   61.2797585      -1.85645318               1
      130034      140032   67.5121078      -1.87021160               1
      130034      150024   16.4564056      -2.44151306               1
      130034      150032   31.5209751      -2.28252363               1
      130034      150033   61.9389076      -1.51473975               1
      130034      160033   56.0648232      -1.45195615               1
      130034      170033   51.1147842      -1.30563879               1
      130034      180033   49.4077682      -1.26707757               1
      130034      190033   48.4095116      -1.25873852               1
      130034      200033   47.4518738      -1.22413266               1
      130034      210033   47.0134811      -1.22521889               1
      130034      220033   46.6328621      -1.21318150               1
      130034      230033   45.9060326      -1.17800725               1
      130034      240033   45.4825134      -1.17941618               1
      110032      140033   50.4149704      -2.59352493               1
      130032      140033   91.5414963      -2.17310357               1
      130034      140033   97.9300461      -1.51267052               1
      140033      150024   36.1857491      -1.89439976               1
      140033      150025   36.7984581      -1.91235197               1
      140033      150026   37.5634460      -1.93250585               1
      140033      150027   38.1670609      -1.93553317               1
      140033      150028   39.2522926      -1.99346542               1
      140033      150029   40.4788094      -1.95779574               1
      140033      150030   46.5791855      -2.05778050               1
      140033      150031   53.1076469      -2.10081339               1
      140033      150032   75.1745682      -2.29714346               1
      140033      160030   28.5504093      -2.37729263               1
      140033      160031   35.0788727      -2.38297868               1
      140033      160032   57.1457977      -2.53228974               1
      140033      170031   25.0254021      -2.37321901               1
      140033      170032   47.0923271      -2.55897903               1
      140033      180031   22.1317253      -2.42485213               1
      140033      180032   44.1986504      -2.59699488               1
      140033      190031   20.6299191      -2.50151134               1
      140033      190032   42.6968460      -2.64008951               1
      140033      200031   19.3408089      -2.48704886               1
      140033      200032   41.4077339      -2.63764858               1
      140033      210031   18.7807178      -2.53516817               1
      140033      210032   40.8476448      -2.66183758               1
      140033      220031   18.3116131      -2.53555036               1
      140033      220032   40.3785400      -2.66348243               1
      140033      230032   39.5016098      -2.64875603               1
      130032      140035   61.4966393      -1.92058623               1
      130034      140035   92.3906479      -1.71302342               1
      140035      150024   35.8446960      -1.89688957               1
      140035      150025   36.3268204      -1.91245210               1
      140035      150026   36.8816528      -1.92920363               1
      140035      150027   37.2686157      -1.93299413               1
      140035      150028   37.8665276      -1.96932721               1
      140035      150029   38.4122772      -1.95365310               1
      140035      150030   40.5233192      -1.99005032               1
      140035      150031   42.1287498      -1.99790657               1
      140035      150032   45.1405296      -2.03480005               1
      140035      150033   55.1784859      -1.90968752               1
      140035      160034   58.0117531      -1.79352891               1
      140035      170034   47.9770927      -1.66503024               1
      140035      180034   45.0969391      -1.64480090               1
      140035      190034   43.6109962      -1.65364635               1
      140035      200034   42.3552589      -1.62151277               1
      140035      210034   41.8199692      -1.63090682               1
      140035      220034   41.3848267      -1.62125778               1
      140035      230034   40.6155434      -1.58747792               1
      140035      240034   40.1891937      -1.59301269               1
      140035      250034   39.7070694      -1.57508528               1
      120033      150034   54.9240913      -1.49628770               1
      140033      150034   81.5632935      -1.49457669               1
      140035      150034   76.0338898      -1.73626947               1
      150034      160025   60.7672768      -1.96194780               1
      150034      160026   61.4423370      -1.97132432               1
      150034      160027   61.9213638      -1.97183919               1
      150034      160028   62.6889572      -1.99562263               1
      150034      160029   63.4375610      -1.97817874               1
      150034      160030   66.6003036      -1.99170113               1
      150034      160031   69.3152542      -1.98290455               1
      150034      160032   75.5617599      -1.98475313               1
      150034      160033   105.995132      -1.62145519               1
      150034      170026   18.2611942      -1.82794642               1
      150034      170027   18.7402229      -1.83331239               1
      150034      170028   19.5078144      -1.91519201               1
      150034      170029   20.2564182      -1.86353505               1
      150034      170030   23.4191589      -1.91747296               1
      150034      170031   26.1341095      -1.90185308               1
      150034      170032   32.3806190      -1.92180240               1
      150034      170033   62.8139954      -1.33925688               1
      150034      180032   23.9931507      -2.00678706               1
      150034      180033   54.4265289      -1.28694713               1
      150034      190033   51.0524940      -1.28936040               1
      150034      200033   48.8065071      -1.23032498               1
      150034      210033   47.9616814      -1.24032557               1
      150034      220033   47.3413773      -1.22598469               1
      150034      230033   46.3452187      -1.18279588               1
      150034      240033   45.8160248      -1.18603826               1
      140033      150036   45.4220161      -1.96499825               1
      140035      150036   69.7828598      -1.50198436               1
      150036      160025   60.3790855      -1.96369410               1
      150036      160026   60.9038277      -1.97253263               1
      150036      160027   61.2413483      -1.97440886               1
      150036      160028   61.7209549      -1.99250126               1
      150036      160029   62.1179733      -1.98560870               1
      150036      160030   63.5017776      -2.00083470               1
      150036      160031   64.4440765      -2.00418282               1
      150036      160032   65.9504700      -2.01907873               1
      150036      160033   69.8693008      -1.99252868               1
      150036      160034   75.5458069      -1.95230806               1
      150036      170026   17.7414436      -1.82798147               1
      150036      170027   18.0789623      -1.83703542               1
      150036      170028   18.5585690      -1.90075624               1
      150036      170029   18.9555874      -1.88009059               1
      150036      170031   21.2816906      -1.94786918               1
      150036      170032   22.7880821      -1.99470150               1
      150036      170035   51.0735817      -1.31385148               1
      150036      180035   42.6993828      -1.24215305               1
      150036      190035   39.3405380      -1.24099159               1
      150036      200035   37.1255035      -1.16100585               1
      150036      210035   36.3030396      -1.17214787               1
      150036      220035   35.7123566      -1.15262616               1
      150036      230035   34.8056946      -1.09665692               1
      150036      240035   34.3453941      -1.09786141               1
      150036      250035   33.8568840      -1.07041180               1
      150036      260035   33.3321419      -1.04019940               1
      130034      160035   50.5254211      -1.81166458               1
      150034      160035   100.470749      -1.81155825               1
      150036      160035   94.2359619      -1.64275765               1
      160035      170026   39.7361832      -1.54667163               1
      160035      170027   40.1646309      -1.55422449               1
      160035      170028   40.8019791      -1.59590185               1
      160035      170029   41.3681564      -1.58578265               1
      160035      170030   43.5208511      -1.63804245               1
      160035      170031   45.1442070      -1.65787518               1
      160035      170032   48.1715813      -1.71387589               1
      160035      170033   58.2263527      -1.65061915               1
      160035      170034   79.0914688      -1.55222392               1
      160035      180034   55.0747299      -1.61038232               1
      160035      190034   48.0318909      -1.67972004               1
      160035      200034   44.3462219      -1.61507607               1
      160035      210034   43.1204720      -1.64640152               1
      160035      220034   42.3131523      -1.63554180               1
      160035      230034   41.1651344      -1.59137571               1
      160035      240034   40.5990639      -1.60030305               1
      160035      250034   40.0022202      -1.58019602               1
      150034      160037   69.5146484      -1.98018515               1
      150036      160037   121.985588      -2.11902046               1
      160037      170026   39.2934914      -1.53538978               1
      160037      170027   39.6142616      -1.54151869               1
      160037      170028   40.0455513      -1.57134032               1
      160037      170029   40.3808365      -1.56581986               1
      160037      170030   41.4734840      -1.59459519               1
      160037      170031   42.1689148      -1.60459423               1
      160037      170032   43.1780891      -1.62958193               1
      160037      170033   45.4413300      -1.63093781               1
      160037      170034   48.1611710      -1.62934303               1
      160037      170035   54.3602219      -1.49647331               1
      160037      180035   30.3561058      -1.55806053               1
      160037      180036   76.6287537      -2.15684557               1
      160037      190036   69.6001968      -2.25971437               1
      160037      200036   65.9431305      -2.24881458               1
      160037      210036   64.7377548      -2.28132725               1
      160037      220036   63.9569397      -2.28233385               1
      160037      230036   62.8869743      -2.26650405               1
      160037      240036   62.3796272      -2.27719736               1
      160037      250035   15.5930529      -1.44705331               1
      160037      250036   61.8657074      -2.27175522               1
      160037      260036   61.3393860      -2.26604080               1
      160037      270036   61.0186119      -2.26590276               1
      140035      170036   41.7260666      -1.26253831               1
      160035      170036   72.8571091      -1.31191444               1
      160037      170036   100.632866      -1.98074806               1
      170036      180027   61.1071320      -2.18940711               1
      170036      180028   61.6590080      -2.20890760               1
      170036      180029   62.0921059      -2.20013595               1
      170036      180030   63.5468254      -2.21143579               1
      170036      180031   64.5190048      -2.21176147               1
      170036      180032   66.0508957      -2.22217441               1
      170036      180033   69.9966354      -2.18437290               1
      170036      180034   75.6884689      -2.12989640               1
      170036      180035   94.3886108      -1.78553915               1
      170036      190035   55.2972527      -1.67828119               1
      170036      200035   42.7833443      -1.27825904               1
      170036      210035   39.5168648      -1.30972779               1
      170036      220035   37.7977905      -1.25667775               1
      170036      240035   35.1419868      -1.14201581               1
      170036      250035   34.4086418      -1.10118806               1
      170036      260035   33.6984444      -1.06046379               1
      160035      170038   47.8354836      -1.55619347               1
      160037      170038   86.5329361      -2.07090712               1
      170038      180027   60.7690468      -2.18743277               1
      170038      180028   61.2058716      -2.20338774               1
      170038      180029   61.5180130      -2.19717312               1
      170038      180030   62.4554482      -2.20441318               1
      170038      180031   63.0126305      -2.20441031               1
      170038      180032   63.7515717      -2.21017003               1
      170038      180033   65.2056656      -2.20010257               1
      170038      180034   66.7160187      -2.18925309               1
      170038      180035   69.3873825      -2.12487841               1
      170038      180036   83.5276031      -2.22077632               1
      170038      190037   69.0012207      -2.55756330               1
      170038      200037   56.5069084      -2.44944811               1
      170038      220037   51.5528221      -2.54664326               1
      170038      240037   48.9855118      -2.53399563               1
      170038      250037   48.3042068      -2.52666545               1
      170038      260037   47.6675491      -2.51989508               1
      170038      270037   47.3135986      -2.52081394               1
      170038      280037   46.8767738      -2.50308871               1
      150036      180037   70.4490051      -2.22461987               1
      160035      180037   30.3236198      -1.55722928               1
      170036      180037   122.162834      -2.22882342               1
      170038      180037   108.082642      -2.33337164               1
      180037      190028   46.6398087      -2.32328677               1
      180037      190029   47.0237389      -2.31203628               1
      180037      190030   48.2101631      -2.32070017               1
      180037      190031   48.9446869      -2.31889939               1
      180037      190032   49.9868889      -2.32637501               1
      180037      190035   61.2356262      -2.08062363               1
      180037      190036   107.527649      -2.28251386               1
      180037      200036   76.7115555      -2.14850402               1
      180037      210036   70.1747513      -2.30061340               1
      180037      220036   67.2449493      -2.30730677               1
      180037      230036   64.5377502      -2.26809645               1
      180037      240036   63.5280800      -2.28760314               1
      180037      250035   16.3544388      -1.51131022               1
      180037      250036   62.6464615      -2.27852726               1
      180037      260036   61.8512039      -2.27003717               1
      180037      270036   61.4185028      -2.26960182               1
      170036      180039   70.4363251      -2.10041356               1
      170038      180039   91.6748199      -1.82746053               1
      180039      190028   46.2232399      -2.31497574               1
      180039      190029   46.5082626      -2.30611420               1
      180039      190030   47.2975807      -2.30927920               1
      180039      190031   47.7359009      -2.30610919               1
      180039      190032   48.2674370      -2.30733824               1
      180039      190033   49.1859818      -2.29111934               1
      180039      190036   55.8238487      -2.17001081               1
      180039      190037   61.3278236      -2.11411405               1
      180039      200038   46.2696228      -1.30058193               1
      180039      210038   39.7471352      -1.42971957               1
      180039      220038   36.8354111      -1.37343609               1
      180039      230038   34.1791573      -1.22879171               1
      180039      250037   16.6376934      -1.65269947               1
      180039      250038   32.3749390      -1.19163501               1
      180039      260037   15.9114466      -1.59558630               1
      180039      260038   31.6486893      -1.15234113               1
      180039      270037   15.5356617      -1.57851684               1
      180039      270038   31.2729053      -1.13853526               1
      180039      280037   15.1045866      -1.49943483               1
      180039      280038   30.8418312      -1.09365571               1
      180039      290038   30.5568085      -1.09575081               1
      180037      190038   93.4493332      -2.41156530               1
      180039      190038   77.0650558      -1.82619727               1
      190038      200036   63.1332169      -1.07968628               1
      190038      200037   87.6982117      -1.53799939               1
      190038      210037   63.5655098      -2.31538630               1
      190038      220037   56.5747910      -2.45846105               1
      190038      250037   49.1695747      -2.51133800               1
      190038      260037   48.2051773      -2.50994778               1
      190038      270037   47.7234688      -2.51415753               1
      190038      280037   47.1792183      -2.49429703               1
      180039      190040   93.6436615      -1.88496912               1
      190040      200038   56.8252678     -0.685087204               1
      190040      210039   63.7949181      -1.54227173               1
      190040      220039   56.8185196      -1.58992469               1
      190040      230039   52.1078606      -1.50751078               1
      190040      240039   50.6497574      -1.53590834               1
      190040      250039   49.5196533      -1.51497877               1
      190040      260039   48.6067810      -1.49555552               1
      190040      270039   48.1664734      -1.49035347               1
      190040      280039   47.6925507      -1.46324372               1
      190040      290039   47.3971252      -1.46732736               1
      190040      300039   46.6241455      -1.45061445               1
      170038      200039   40.0990906      -1.34032679               1
      190038      200039   71.3109512     -0.704640806               1
      190040      200039   87.9161835     -0.979077995               1
      200039      210030   64.6200027      -2.91176105               1
      200039      210031   65.1279068      -2.90428138               1
      200039      210032   65.7153244      -2.89996099               1
      200039      210033   66.6892090      -2.87906289               1
      200039      210034   67.5505371      -2.85901237               1
      200039      210035   68.7316666      -2.80570388               1
      200039      210036   73.4034042      -2.73244429               1
      200039      210037   78.9229813      -2.64967036               1
      200039      210038   94.6741028      -2.32617450               1
      200039      220032   26.7453957      -3.07669997               1
      200039      220038   55.7041779      -2.00961900               1
      200039      230038   40.0755005      -1.38166463               1
      200039      250037   18.5629997      -1.76480412               1
      200039      250038   34.3141403      -1.27844381               1
      200039      260038   32.7436447      -1.20065510               1
      200039      270038   32.0692101      -1.17696154               1
      200039      280038   31.4069214      -1.10894370               1
      200039      290038   31.0201321      -1.11137402               1
      180039      210040   56.3257370      -1.64412689               1
      200039      210040   111.278145      -2.30108142               1
      210040      220031   56.9976044      -2.97744751               1
      210040      220032   57.5435677      -2.97270823               1
      210040      220033   58.3849640      -2.95323181               1
      210040      220034   59.0806770      -2.93610740               1
      210040      220035   59.9369164      -2.89314985               1
      210040      220036   62.9210396      -2.84171319               1
      210040      220037   65.9816666      -2.79032016               1
      210040      220038   72.3765564      -2.62353802               1
      210040      220039   103.486900      -2.29091120               1
      210040      230039   62.7755737      -1.60880232               1
      210040      240039   56.0387039      -1.65534627               1
      210040      250038   21.2779484      -1.66903627               1
      210040      250039   52.3883095      -1.57879412               1
      210040      260038   19.0026493      -1.54635811               1
      210040      260039   50.1130104      -1.52817774               1
      210040      270038   18.1139259      -1.51537454               1
      210040      270039   49.2242851      -1.51644790               1
      210040      280038   17.3130360      -1.38593316               1
      210040      280039   48.4233971      -1.47018588               1
      210040      290038   16.8801136      -1.39911246               1
      210040      290039   47.9904747      -1.47558165               1
      210040      300039   46.9893684      -1.45456576               1
