         220
       10004       20007   47.5082932      -7.46867561               1
       20007       10004   47.5031929      -7.46318102               1
       10006       20007   107.828026      -8.17430782               1
       20007       10006   107.813889      -8.17318916               1
       10008       20007   118.263260      -7.25962543               1
       20007       10008   118.272858      -7.25796270               1
       10015       20007   60.0667992      -7.17921019               1
       10004       60003   12.2003717      -13.4162369               1
       30006       40001   12.1963396      -13.4448729               1
       30006       10008   37.3120880      -6.33352375               1
       10008       30006   37.2886353      -6.34540749               1
       10015       30006   18.7815590      -5.51117373               1
       30006       20007   101.072113      -8.94540691               1
       20007       30006   101.059242      -8.94813251               1
       40007       10006   40.7023354      -8.99848175               1
       10006       40007   40.7097511      -9.00071716               1
       40007       10008   64.3561707      -7.02719307               1
       10008       40007   64.3492279      -7.02931452               1
       10015       40007   11.6030149      -5.35998917               1
       40007       10015   11.5959301      -5.35551119               1
       40007       30006   79.7076187      -9.07059669               1
       30006       40007   79.7153091      -9.06883430               1
       10008       40009   64.6105270      -7.36411047               1
       40009       10008   64.5954666      -7.35775232               1
       10015       40009   15.5475483      -4.93673086               1
       40009       10015   15.4958124      -4.89717340               1
       20007       40009   32.5586052      -6.96307230               1
       40009       20007   32.5390549      -6.95648050               1
       30006       40009   41.0702477      -8.31180286               1
       40009       30006   41.0455170      -8.31443119               1
       10004      100005   56.9733658      -8.00321960               1
       50010       40001   56.9818420      -8.00555992               1
       10006      100005   50.0736504      -9.23007488               1
       50010       60001   50.0952110      -9.23065376               1
       10008       50010   15.2268095      -6.21229601               1
       50010       10008   15.2233248      -6.20457554               1
       10015       50010   13.3538752      -5.49799490               1
       20007       50010   1.41907811       7.64221001               1
       30006      100005   35.4697533      -9.31512070               1
       50010       60003   35.4892921      -9.30949020               1
       40007       50010   53.1131592      -7.47455978               1
       50010       40007   53.1064644      -7.47416639               1
       50010       40009   104.833458      -7.81723118               1
       40009       50010   104.825333      -7.81565571               1
       10004       90006   17.2827358      -8.07327557               1
       60009       40001   17.2999058      -8.07903385               1
       60009       10008   40.4263306      -7.84393740               1
       10008       60009   40.4579163      -7.84752655               1
       10015       60009   6.44564867      -5.10407925               1
       60009       70002   27.7808132      -10.8074360               1
       20007       90006   27.7522221      -10.8082018               1
       40007       90006   12.8324442      -14.3102980               1
       60009       70004   12.8496428      -14.3054466               1
       60009       50010   97.9255905      -8.42978477               1
       50010       60009   97.9468002      -8.43056870               1
       10004      110006   20.2192192      -8.23223686               1
       60011       40001   20.2243156      -8.23412228               1
       10008      110006   7.65333509      -9.86523819               1
       60011       80001   7.65173769      -9.86150360               1
       10015       60011   13.0063410      -5.39490080               1
       60011       70002   41.8564339      -9.77904892               1
       20007      110006   41.8480263      -9.78075886               1
       40007      110006   24.7226181      -11.1216516               1
       60011       70004   24.7271366      -11.1203918               1
       60011       40009   32.4707870      -6.88288546               1
       40009       60011   32.4605408      -6.87589312               1
       60011       50010   116.675117      -8.61577034               1
       50010       60011   116.673531      -8.61535454               1
       10004      100007   7.62034512      -7.76471758               1
       70010       40001   7.62418556      -7.77500105               1
       70010       60001   46.4878197      -9.66371918               1
       10006      100007   46.4770012      -9.66261196               1
       70010       80001   38.5406380      -7.66524458               1
       10008      100007   38.5409126      -7.66207647               1
       10015       70010   7.16227388      -5.12674665               1
       70010       60003   43.0773697      -9.68476105               1
       30006      100007   43.0667610      -9.68623638               1
       70010       40009   36.1580238      -8.00634289               1
       40009       70010   36.1514816      -8.00563240               1
       70010       60009   75.0216370      -9.05686092               1
       60009       70010   75.0081177      -9.05681610               1
       70010       60011   103.648849      -9.01098156               1
       60011       70010   103.647682      -9.01184368               1
       10004      120007   9.40825653      -7.88088465               1
       70012       40001   9.40661240      -7.89040375               1
       10006      120007   50.8672714      -9.48842335               1
       70012       60001   50.8723755      -9.48983479               1
       10008      120007   52.0468063      -7.63067913               1
       70012       80001   52.0335236      -7.63334274               1
       10015       70012   14.0712423      -4.20740414               1
       30006      120007   46.4756813      -9.47657490               1
       70012       60003   46.4856300      -9.47493553               1
       70012       40009   1.96974099       7.83044767               1
       40009       70012   1.95412934       7.98438835               1
       60009       70012   43.4128609      -9.05034447               1
       70012       60009   43.4352226      -9.05080032               1
       60011       70012   101.702141      -8.28099251               1
       70012       60011   101.703903      -8.27967834               1
       50010       70012   35.7979088      -7.28689003               1
       70012       50010   35.8029938      -7.28420544               1
       10004      150008   7.25346184      -7.78976202               1
       80015       40001   7.23239374      -7.79572868               1
       80015       60001   22.2831402      -7.66640234               1
       80015       70002   58.1964607      -7.34262466               1
       20007      150008   58.2217369      -7.34076977               0
       80015       60003   18.5070896      -7.19201374               1
       40007      150008   52.7602577      -7.39460421               0
       80015       70004   52.7462311      -7.39652967               1
       80015       90004   49.0630379      -8.13331985               1
       40009      150008   49.0997162      -8.13430691               1
       60009      150008   34.0465355      -8.36911011               0
       80015       90006   34.0122948      -8.36743546               1
       80015       60011   20.6596279      -7.05092716               1
       70010       80015   45.6962090      -7.26434660               1
       80015       70010   45.7031670      -7.26475811               1
       80015       70012   66.1179886      -6.90213871               1
       80015      100005   1.87296128      -11.3051529               1
       10004      120009   3.62665534      -8.84941959               1
       90012       40001   3.61324358      -8.84234715               1
       90012       60001   9.74549103      -8.20207024               1
       10006      120009   9.76353931      -8.21052837               1
       90012       80001   52.2728386      -8.03905201               1
       10008      120009   52.3081245      -8.04121208               1
       10015       90012   10.1267052      -4.40828037               1
       90012       70002   16.2605438      -7.56201744               1
       20007      120009   16.2809486      -7.56691837               1
       90012       60003   7.82351971      -7.50592327               1
       30006      120009   7.83061123      -7.51831675               1
       40007      120009   13.5718842      -7.50903559               1
       90012       70004   13.5594282      -7.50626659               1
       90012       60011   44.5208817      -7.72503281               1
       60011       90012   44.5043564      -7.72346210               1
       70010      120009   4.74642897      -16.5437393               1
       90012      100007   4.73739147      -16.5435352               1
       80015       90012   62.4347725      -7.45196390               1
       90012      100005   15.9092331      -10.1504145               1
       50010      120009   15.9291363      -10.1528330               1
       10004      140009   4.68293190      -8.96616745               1
       90014       40001   4.66228199      -8.96044540               1
       10006      140009   12.0492802      -8.19476509               1
       90014       60001   12.0228252      -8.18781185               1
       10008      140009   56.9944153      -7.93288755               1
       90014       80001   56.9453354      -7.93087912               1
       10015       90014   43.5957794      -6.93999004               1
       20007      140009   19.0828609      -7.52173138               1
       90014       70002   19.0550785      -7.51854086               1
       30006      140009   9.50573254      -7.40763378               1
       90014       60003   9.49624348      -7.39747524               1
       40007      140009   15.6194401      -7.43145943               1
       90014       70004   15.6033754      -7.43047285               1
       60011       90014   6.32683516      -7.17765379               1
       90014       60011   6.34463501      -7.19213867               1
       70010      140009   18.5771027      -9.51803684               1
       90014      100007   18.5679321      -9.51360416               1
       90014       70012   31.0055161      -6.26338577               1
       70012       90014   30.9885330      -6.25586748               1
       80015       90014   100.590179      -7.50256586               1
       90014       80015   100.595802      -7.50405884               1
       50010      140009   31.2556477      -8.64344692               1
       90014      100005   31.2324905      -8.64148998               1
       10004      130010   2.35316443      -8.36102104               1
      100013       40001   2.34447002      -8.36977482               1
      100013       60001   5.62354565      -7.52352810               1
       10006      130010   5.63273144      -7.51991320               1
      100013       80001   16.1293850      -7.24174690               1
       10008      130010   16.1484470      -7.23967934               1
       10015      100013   15.7265015      -5.80900764               1
      100013       70002   7.78992558      -7.01258707               1
       20007      130010   7.79931974      -7.00728035               1
      100013       60003   4.32555532      -6.62374973               1
       30006      130010   4.32691002      -6.62565613               1
       40007      130010   6.07830477      -6.92355251               1
      100013       70004   6.07336473      -6.93023491               1
      100013       90004   38.1505585      -8.51348686               1
       40009      130010   38.1629715      -8.51381779               1
      100013       90006   34.8714867      -8.66347027               1
       60009      130010   34.8834076      -8.66399956               1
      100013      110006   28.7486515      -10.0409594               1
       60011      130010   28.7485352      -10.0385590               1
      100013       70012   34.5884972      -7.52744436               1
       70012      100013   34.5895691      -7.52753496               1
       80015      100013   31.8749409      -6.53381300               1
      100013       90012   66.6656876      -8.14613056               1
       90012      100013   66.6742325      -8.14712524               1
      100013       90014   88.3059692      -8.43028545               1
       90014      100013   88.3171463      -8.43173122               1
       10004      150010   3.23215675      -8.81505299               1
      100015       40001   3.21624613      -8.82120132               1
      100015       60001   7.45633316      -7.84110022               1
      100015       80001   19.6165276      -7.28083181               1
      100015       70002   9.96525383      -7.22391129               1
      100015       60003   5.64857721      -6.83578873               1
      100015       70004   7.63045359      -7.07394886               1
      100015       90004   42.7011337      -8.27833176               1
       40009      150010   42.7206573      -8.27883339               1
      100015       90006   38.4610481      -8.40849304               1
      100015      110006   45.7008209      -9.24284172               1
       90012      100015   32.0795135      -8.01981258               0
      100015       90012   32.0714340      -8.01860809               1
      100015       90014   82.4752045      -7.72880316               1
       90014      100015   82.4840240      -7.73015738               1
       10004      150012   1.44424558      -9.35857391               1
      120015       40001   1.43381906      -9.36466312               1
      120015       60001   3.07177043      -8.11929798               1
      120015       80001   6.12364578      -6.70489073               1
      120015       70002   3.72000074      -7.25446081               1
       20007      150012   3.72972417      -7.24143839               0
      120015       60003   2.24030471      -6.85533762               1
       40007      150012   2.70235562      -6.88731146               0
      120015       70004   2.69794583      -6.90418482               1
      120015       90004   8.51262760      -5.70636559               1
      120015       90006   6.87467623      -5.39120293               1
       60009      150012   6.88377476      -5.39749336               0
      120015      110006   43.7558899      -7.55334520               1
       70010      150012   16.6320324      -6.92423916               1
      120015      100007   16.6316814      -6.92385960               1
      120015      100005   18.5889473      -6.90755606               1
      100013      150012   10.4368896      -10.2877884               1
      120015      130010   10.4316645      -10.2822542               1
      120015       90014   32.9096336      -8.10575485               1
