         792
       10020       20011   52.0040817      -3.36720300               1
       10020       20012   52.5611458      -3.37712097               1
       10020       20013   53.1941261      -3.34271026               1
       10020       20014   53.7515907      -3.31997991               1
       10020       20015   54.9256821      -3.27672648               1
       10020       20016   56.1149597      -3.24443936               1
       10020       20017   61.2201843      -3.11090326               1
       10020       20018   67.6302948      -2.84342980               1
       10020       20019   92.5073318      -1.79217064               1
       10020       30012   22.4837952      -2.03822517               1
       10020       30013   23.1167793      -1.99570429               1
       10020       30014   23.6742420      -1.97581387               1
       10020       30015   24.8483391      -1.94371736               1
       10020       30016   26.0376167      -1.93501973               1
       10020       30017   31.1428452      -1.88716853               1
       10020       30018   37.5529747      -1.61435342               1
       10020       30019   62.4300957     -0.546384513               1
       10022       20011   51.7297058      -3.37479305               1
       10022       20012   52.1785278      -3.38442779               1
       10022       20013   52.6552162      -3.36023307               1
       10022       20014   53.0310707      -3.34686065               1
       10022       20015   53.7081337      -3.32779026               1
       10022       20016   54.2696686      -3.32217097               1
       10022       20017   56.2320480      -3.30475497               1
       10022       20018   58.0682487      -3.25631189               1
       10022       20019   61.7752686      -3.10082531               1
       10022       20020   77.5029068      -3.00644207               1
       10022       30012   22.1084232      -2.03198218               1
       10022       30013   22.5851116      -2.00411916               1
       10022       30014   22.9609661      -1.99543250               1
       10022       30015   23.6380291      -1.99081171               1
       10022       30016   24.1995659      -2.00923347               1
       10022       30017   26.1619453      -2.07028198               1
       10022       30018   27.9981461      -2.05077124               1
       10022       30019   31.7051773      -1.88877070               1
       10022       30020   47.4328117      -2.13644290               1
       10022       30021   79.3945084      -2.27419353               1
       10022       40021   66.5750580      -2.17215896               1
       10022       50021   63.7734680      -2.31882811               1
       10022       60021   61.4897537      -2.27833581               1
       10022       70021   60.2477417      -2.33112049               1
       10022       80021   59.4663811      -2.35889792               1
       10022       90021   58.9829330      -2.37701607               1
       10022      100021   58.0622902      -2.38259864               1
       10022      110021   57.7349091      -2.38420701               1
       10022      120021   57.2860909      -2.36767030               1
       10020       20021   116.497795      -2.63042259               1
       10022       20021   109.464607      -2.85232830               1
       20021       30012   51.8467293      -1.02056372               1
       20021       30013   52.4251099      -1.01419687               1
       20021       30014   52.8931274      -1.01651001               1
       20021       30015   53.7797012      -1.02718055               1
       20021       30016   54.5731163      -1.04863691               1
       20021       30017   57.5877533      -1.12620151               1
       20021       30018   60.7554855      -1.14024949               1
       20021       30019   68.7797089      -1.03214955               1
       20021       30020   116.120377      -1.56644690               1
       20021       40020   79.8377457      -1.56106591               1
       20021       50020   73.9127960      -1.87434161               1
       20021       60020   69.9515991      -1.85425150               1
       20021       70020   68.0872421      -1.94280434               1
       20021       80020   66.9998474      -1.98555422               1
       20021       90020   66.3610840      -2.01070333               1
       20021      100020   65.2122040      -2.02213836               1
       20021      110020   64.8146210      -2.02461958               1
       10020       20023   61.7918816      -3.02651620               1
       10022       20023   90.2922592      -2.37604237               1
       20023       30012   51.4482079     -0.998622596               1
       20023       30013   51.8812370     -0.991405904               1
       20023       30014   52.1933022     -0.990760863               1
       20023       30015   52.6947174     -0.993320048               1
       20023       30016   53.0602036      -1.00276983               1
       20023       30017   54.1935463      -1.03040040               1
       20023       30018   55.1206245      -1.03342927               1
       20023       30019   56.6257706      -1.00277054               1
       20023       30020   61.4345551      -1.01744092               1
       20023       30021   67.8915863     -0.961341381               1
       10020       30022   47.4223099      -2.13737535               1
       20021       30022   109.090965      -1.72059095               1
       20023       30022   89.9398956      -1.00122797               1
       30022       40020   60.6903458      -1.33175755               1
       30022       40021   92.6594925      -1.72715509               1
       30022       50014   17.3465023      -1.72345221               1
       30022       50015   18.0668640      -1.72065735               1
       30022       50016   18.6469593      -1.75159335               1
       30022       50020   41.9580841      -2.03534031               1
       30022       50021   73.9272385      -2.22666883               1
       30022       60021   65.4867096      -2.07776380               1
       30022       70021   62.3726921      -2.22600102               1
       30022       80021   60.7739983      -2.29474306               1
       30022       90020   27.9458733      -2.17034292               1
       30022       90021   59.9150276      -2.33438301               1
       30022      100020   26.5726662      -2.22241473               1
       30022      100021   58.5418205      -2.36186671               1
       30022      110020   26.1386967      -2.23617220               1
       30022      110021   58.1078491      -2.36909676               1
       30022      120021   57.5557671      -2.35276103               1
       10022       30024   38.4494553      -2.09158754               1
       20021       30024   60.8189926      -1.13585770               1
       20023       30024   123.692818      -2.42010760               1
       30024       50023   88.5668564      -3.11968541               1
       30024       60023   80.1458435      -3.09242034               1
       30024       70023   77.0561066      -3.25292230               1
       30024       80023   75.4824371      -3.32944822               1
       30024       90023   74.6481934      -3.37252450               1
       30024      100023   73.3614349      -3.41443849               1
       30024      110023   72.9746094      -3.42631412               1
       30024      120023   72.5083771      -3.42291689               1
       30024      130023   72.0657501      -3.44267535               1
       30024      140023   71.7650909      -3.45290852               1
       30024       40023   107.289207      -2.53271294               1
       40023       50014   79.1091766      -5.12860441               1
       40023       50015   79.6940231      -5.09976435               1
       40023       50016   80.0935898      -5.08622599               1
       40023       50017   81.2862778      -5.04595232               1
       40023       50018   82.2415237      -5.00169802               1
       40023       50019   83.7682571      -4.90875626               1
       40023       50020   88.6013794      -4.70617819               1
       40023       50021   95.0703049      -4.41508913               1
       40023       50022   117.129341      -3.79537868               1
       40023       60015   23.5983677      -1.44184184               1
       40023       60016   23.9979343      -1.45756173               1
       40023       60020   32.5057831      -1.37140071               1
       20023       40025   41.5905876      -1.62830210               1
       30024       40025   93.0712128      -1.34536409               1
       40025       50014   78.7917938      -5.14103508               1
       40025       50015   79.2409897      -5.11883020               1
       40025       50016   79.5127487      -5.11057234               1
       40025       50017   80.2299271      -5.08993387               1
       40025       50018   80.7328949      -5.07017326               1
       40025       50019   81.3887634      -5.03612661               1
       40025       50020   82.9712677      -4.97877932               1
       40025       50021   84.5110168      -4.90941477               1
       40025       50022   87.6735916      -4.80786610               1
       40025       50023   105.085670      -4.56306839               1
       40025       60015   23.1581745      -1.43706644               1
       40025       60016   23.4299355      -1.45174623               1
       40025       60017   24.1471157      -1.49184215               1
       40025       60018   24.6500893      -1.50054073               1
       40025       60019   25.3059578      -1.48355544               1
       40025       60020   26.8884735      -1.51568186               1
       40025       60021   28.4282303      -1.49704707               1
       40025       60022   31.5908184      -1.55683517               1
       40025       60023   49.0028954      -2.18705320               1
       40025       60024   80.6272125      -1.67523515               1
       40025       70024   68.7133865      -1.71359384               1
       40025       80024   64.2606354      -1.73136199               1
       40025       90024   62.3282394      -1.75561082               1
       40025      100023   28.3786144      -2.75304866               1
       40025      100024   60.0029221      -1.76700199               1
       40025      110024   59.4188881      -1.77196848               1
       40025      120024   58.7958145      -1.74731946               1
       40025      130024   58.2532921      -1.76162100               1
       40025      140024   57.9182320      -1.76696491               1
       40025      150024   57.4690399      -1.77120936               1
       20023       50024   81.5154190      -3.14112377               1
       40023       50024   150.909363      -4.33313608               1
       40025       50024   136.709839      -3.71158528               1
       30024       50026   35.0710526      -1.83821082               1
       40023       50026   89.8640213      -4.84924650               1
       40025       50026   120.126900      -4.52132416               1
       50026       60015   46.2933540     -0.719110489               1
       50026       60016   46.5377655     -0.728469849               1
       50026       60017   47.1330338     -0.753115058               1
       50026       60018   47.5201530     -0.762547076               1
       50026       60019   47.9747391     -0.764524400               1
       50026       60020   48.9296608     -0.790673971               1
       50026       60021   49.7421951     -0.797292471               1
       50026       60022   51.1528854     -0.837078273               1
       50026       60023   57.1939888      -1.11711526               1
       50026       60024   64.7650909      -1.08445740               1
       50026       70024   36.0537071      -1.42530859               1
       50026      120024   19.8758240      -1.87923348               1
       50026      150024   18.4717426      -2.00007939               1
       30024       60025   65.9278030      -1.53693020               1
       40023       60025   48.9836197      -2.18700433               1
       50026       60025   87.4572067      -1.95818400               1
       60025       70016   55.8853378      -3.52099967               1
       60025       70017   56.6857796      -3.51178479               1
       60025       70018   57.2264404      -3.49732852               1
       60025       70019   57.9100113      -3.46667719               1
       60025       70020   59.5222702      -3.42816043               1
       60025       70021   61.0761528      -3.37080622               1
       60025       70022   64.2511749      -3.30785704               1
       60025       70023   81.6829453      -3.31282663               1
       60025       70024   113.317055      -2.63424969               1
       60025       80017   22.2222786      -2.87033105               1
       60025       80018   22.7629414      -2.84922409               1
       60025       80019   23.4465141      -2.79241395               1
       60025       80020   25.0587711      -2.74430609               1
       60025       80021   26.6126595      -2.65260792               1
       60025       80022   29.7876835      -2.59337997               1
       60025       80023   47.2194481      -2.86573625               1
       60025       80024   78.8535843      -2.06994438               1
       60025       90018   13.4297285      -2.56545305               1
       60025       90019   14.1133013      -2.48481870               1
       60025       90020   15.7255602      -2.43969440               1
       60025       90021   17.2794476      -2.32585979               1
       60025       90022   20.4544735      -2.29032564               1
       60025       90023   37.8862381      -2.76921439               1
       60025       90024   69.5203781      -1.91050708               1
       60025      100023   30.6174583      -2.77776337               1
       60025      100024   62.2516060      -1.81444526               1
       60025      110023   29.2677383      -2.81637788               1
       60025      110024   60.9018860      -1.81165314               1
       60025      120023   28.0963593      -2.73221493               1
       60025      120024   59.7305107      -1.75236046               1
       60025      130023   27.1995983      -2.79721475               1
       60025      130024   58.8337479      -1.76747549               1
       60025      140023   26.7076931      -2.82773471               1
       60025      140024   58.3418388      -1.77276468               1
       60025      150024   57.7550240      -1.77724874               1
       50026       60027   91.1213608      -1.99966681               1
       60027       70016   55.5769081      -3.52528715               1
       60027       70017   56.1680069      -3.51843262               1
       60027       70018   56.5298233      -3.50927639               1
       60027       70019   56.9246750      -3.49293137               1
       60027       70020   57.6817093      -3.47572708               1
       60027       70021   58.2763062      -3.45260191               1
       60027       70022   59.2146034      -3.43456769               1
       60027       70023   62.7064934      -3.44259000               1
       60027       70024   66.3871994      -3.29993701               1
       60027       70025   74.5352707      -3.45646334               1
       60027       80024   31.9346256      -2.62448502               1
       60027       80026   65.9830856      -3.18355846               1
       60027       90026   56.6602478      -3.17111492               1
       60027      100026   49.4255905      -3.23619628               1
       60027      110026   48.0933990      -3.27267885               1
       60027      120026   46.9522858      -3.23491693               1
       60027      130026   46.0934601      -3.28146529               1
       60027      140026   45.6366119      -3.30353189               1
       60027      150026   45.1207199      -3.32734609               1
       60027      160026   44.8587570      -3.33041096               1
       60027      170026   44.2676544      -3.33650613               1
       60025       70026   96.7526550      -3.45518613               1
       60027       70026   100.435661      -3.43824744               1
       70026       80017   67.6015854      -2.28032041               1
       70026       80018   68.0514450      -2.27855968               1
       70026       80019   68.5509872      -2.26977897               1
       70026       80020   69.5527573      -2.26786399               1
       70026       80021   70.3871613      -2.25521040               1
       70026       80022   71.8167801      -2.25504756               1
       70026       80023   77.8872452      -2.35134983               1
       70026       80024   85.4728394      -2.21699929               1
       70026       80025   108.178993      -2.68607855               1
       70026       90018   29.0910969      -1.97496688               1
       70026       90019   29.5906334      -1.95975006               1
       70026       90020   30.5924091      -1.96554828               1
       70026       90021   31.4268093      -1.94523478               1
       70026       90022   32.8564262      -1.95836592               1
       70026       90023   38.9268951      -2.19731927               1
       70026       90024   46.5124893      -1.97555315               1
       70026       90025   69.2186432      -2.78786063               1
       70026      100024   26.5986786      -1.97879791               1
       70026      110024   23.7474327      -2.07608843               1
       70026      120024   21.7049236      -1.85167289               1
       70026      130024   20.3218040      -1.94548476               1
       70026      140024   19.6481590      -1.98397303               1
       70026      150024   18.9464264      -2.02097154               1
       60025       70028   65.9632416      -3.30621409               1
       60027       70028   90.3403473      -2.82961273               1
       70028       80017   67.2963257      -2.27451134               1
       70028       80018   67.6508789      -2.27233362               1
       70028       80019   68.0078125      -2.26533890               1
       70028       80020   68.6271286      -2.26122093               1
       70028       80021   69.0755539      -2.25094604               1
       70028       80022   69.7214203      -2.24593258               1
       70028       80023   71.8369904      -2.26115584               1
       70028       80024   73.7928391      -2.19501352               1
       70028       80025   77.4024200      -2.25331426               1
       70028       80026   85.4384918      -2.21133447               1
       70028       90018   28.6977615      -1.95616984               1
       70028       90020   29.6740055      -1.94087088               1
       70028       90021   30.1224365      -1.92207789               1
       70028       90023   32.8838692      -1.97199857               1
       70028       90024   34.8397217      -1.84813750               1
       70028       90027   62.8271675      -1.82025838               1
       70028      100027   42.9366760      -1.75186157               1
       70028      110027   40.0971947      -1.79407108               1
       70028      120027   38.0746880      -1.65315378               1
       70028      130027   36.7161865      -1.69783390               1
       70028      140027   36.0646820      -1.71476638               1
       70028      150027   35.4061699      -1.73061562               1
       70028      160027   35.1048851      -1.72360694               1
       70028      170027   34.4839592      -1.70755041               1
       70028      180027   34.1294060      -1.70597708               1
       50026       80027   54.1524925      -2.89032054               1
       70026       80027   111.863083      -2.69614410               1
       70028       80027   101.780289      -2.08242059               1
       80027       90018   72.1750717      -1.25619733               1
       80027       90019   72.6253815      -1.25528383               1
       80027       90020   73.4384995      -1.26500189               1
       80027       90021   74.0587845      -1.26412451               1
       80027       90022   75.0189667      -1.27731121               1
       80027       90023   78.5440979      -1.38019371               1
       80027       90024   82.2410202      -1.35694528               1
       80027       90025   90.4045410      -1.66140318               1
       80027       90026   116.319305      -2.04541159               1
       80027      100026   59.4007149      -2.84214306               1
       80027      110026   53.3433876      -3.12422419               1
       80027      120026   49.7712593      -3.06242418               1
       80027      130026   47.6070328      -3.19596243               1
       80027      140026   46.6501389      -3.25161052               1
       80027      150026   45.7527275      -3.30285931               1
       80027      160026   45.3633804      -3.31007576               1
       80027      170026   44.5855904      -3.32202768               1
       70026       80029   79.6087646      -2.30166626               1
       70028       80029   115.867317      -2.43439913               1
       80029       90018   71.8885651      -1.24982464               1
       80029       90019   72.2453003      -1.24912119               1
       80029       90020   72.8224030      -1.25525427               1
       80029       90021   73.2192993      -1.25345242               1
       80029       90022   73.7612915      -1.25934505               1
       80029       90023   75.4173737      -1.30155540               1
       80029       90024   76.8548660      -1.28089273               1
       80029       90025   79.3075790      -1.36329842               1
       80029       90026   84.0739136      -1.42217839               1
       80029       90027   91.2266464      -1.47106886               1
       80029      100028   63.4353638      -2.35478425               1
       80029      110028   57.3873634      -2.56573939               1
       80029      120028   53.8309402      -2.47231627               1
       80029      130028   51.6858330      -2.57019758               1
       80029      140028   50.7458420      -2.60937881               1
       80029      150028   49.8806915      -2.64461613               1
       80029      160028   49.5173492      -2.64633989               1
       80029      170028   48.8225250      -2.64761186               1
       80029      180028   48.4467163      -2.65338612               1
       80029      190028   48.0899849      -2.66485453               1
       60027       90028   46.5649681      -1.93239236               1
       80027       90028   106.239471      -1.39559412               1
       80029       90028   120.335258      -1.81489539               1
       90028      100020   33.7384377     -0.850142360               1
       90028      100027   67.0285187      -1.27765715               1
       90028      110027   49.5057106      -1.77672577               1
       90028      120027   42.4092560      -1.46982777               1
       90028      130027   38.7709007      -1.62157249               1
       90028      140027   37.3426971      -1.67703104               1
       90028      150027   36.1494484      -1.72342670               1
       90028      160027   35.6832199      -1.71747148               1
       90028      170027   34.8363647      -1.70220470               1
       90028      180027   34.3894501      -1.70214200               1
       80027       90030   80.8663483      -1.34063399               1
       80029       90030   105.197159      -1.05276203               1
       70028      100029   57.0237083      -2.54871273               1
       90028      100029   81.1277161      -1.92017889               1
      100029      110020   79.1222839      -4.58467436               1
      100029      110021   79.5858459      -4.56405592               1
      100029      110022   80.1813812      -4.54617167               1
      100029      110023   81.9132156      -4.51839113               1
      100029      110024   83.3859940      -4.44241667               1
      100029      110026   90.6671829      -4.32150841               1
      100029      110027   97.8346558      -4.15502119               1
      100029      110028   126.958794      -3.86563015               1
      100029      120028   76.9387436      -2.46174550               1
      100029      130028   60.2242851      -2.56299114               1
      100029      140028   55.2871437      -2.61601973               1
      100029      150028   52.1405945      -2.68099236               1
      100029      160028   51.1704636      -2.67015672               1
      100029      170028   49.7478333      -2.65656662               1
      100029      180028   49.0984535      -2.65939999               1
      100029      190028   48.5693779      -2.67058420               1
       90030      100031   94.4229202      -2.06674671               1
      100031      110020   78.6415634      -4.59952593               1
      100031      110021   78.9644318      -4.58505154               1
      100031      110022   79.3298187      -4.57434988               1
      100031      110023   80.2143936      -4.56084871               1
      100031      110024   80.8588257      -4.52646446               1
      100031      110025   81.7804947      -4.52053547               1
      100031      110026   83.1916885      -4.48701143               1
      100031      110027   84.6477051      -4.44721603               1
      100031      110028   88.1595688      -4.38734245               1
      100031      110029   94.0725479      -4.09333754               1
      100031      120021   28.9614792      -2.09842062               1
      100031      120024   30.8558788      -2.09755826               1
      100031      120030   90.2846146      -2.53642511               1
      100031      130030   73.5905762      -2.63590717               1
      100031      140030   68.6708908      -2.68366957               1
      100031      150030   65.5562668      -2.73833275               1
      100031      160030   64.6106033      -2.73074651               1
      100031      170030   63.2623711      -2.72179437               1
      100031      180030   62.6686440      -2.72408676               1
      100031      190030   62.2129135      -2.73124027               1
      100031      200030   61.6460075      -2.73446584               1
      100031      210030   61.3231354      -2.74328423               1
      100029      110030   111.848557      -3.42611790               1
      100031      110030   140.287506      -3.77996993               1
      110030      120021   60.1164665      -1.82338691               1
      110030      120022   60.5692863      -1.82619333               1
      110030      120023   61.7090988      -1.85201764               1
      110030      120024   62.5766487      -1.82767248               1
      110030      120025   63.8844337      -1.86784744               1
      110030      120026   66.0477829      -1.87932444               1
      110030      120027   68.5779724      -1.87294221               1
      110030      120028   75.7929840      -1.91517448               1
      110030      120029   92.9409790      -1.40841198               1
      110030      130029   52.9299660      -1.12644172               1
      110030      140029   43.5837479     -0.995587289               1
      100029      110032   87.4612808      -4.32122850               1
      100031      110032   127.820091      -4.15454435               1
      110032      120021   59.7888260      -1.82364404               1
      110032      120022   60.1305313      -1.82640874               1
      110032      120023   60.8869171      -1.84579432               1
      110032      120024   61.4026985      -1.83231926               1
      110032      120025   62.0955276      -1.85644591               1
      110032      120026   63.0767708      -1.86801302               1
      110032      120027   63.9837265      -1.87414491               1
      110032      120028   65.9104614      -1.91177237               1
      110032      120029   68.5704193      -1.83331645               1
      110032      120030   84.2260132      -2.12646508               1
      110032      130031   68.9252777      -3.01093411               1
       90030      120031   69.8313828      -2.46238708               1
      110030      120031   121.375389      -2.29010344               1
      110032      120031   108.923820      -2.55949187               1
      120031      130022   51.0914993      -2.04970455               1
      120031      130023   52.0684547      -2.07730675               1
      120031      130024   52.7539406      -2.05480170               1
      120031      130025   53.7122688      -2.09056926               1
      120031      130026   55.1556587      -2.10359836               1
      120031      130027   56.6273193      -2.10608554               1
      120031      130028   60.1552277      -2.15602350               1
      120031      130029   66.0771713      -1.93713546               1
      120031      130030   112.311005      -2.43342757               1
      120031      140023   21.9244022      -2.30173540               1
      120031      140024   22.6098881      -2.24242234               1
      120031      140030   82.1669617      -2.62395883               1
      120031      150030   70.3768921      -2.80133629               1
      120031      160030   67.7074203      -2.77370286               1
      120031      170030   64.7427444      -2.74170160               1
      120031      180030   63.6235161      -2.73857498               1
      120031      190030   62.8731651      -2.74368596               1
      120031      200030   62.0715675      -2.74268651               1
      120031      210030   61.6553040      -2.75205016               1
      110030      120033   70.8983154      -1.83990228               1
      110032      120033   99.9810181      -1.93595266               1
      120033      130022   50.7215614      -2.04650927               1
      120033      130023   51.4030647      -2.06512618               1
      120033      130024   51.8304253      -2.04934788               1
      120033      130025   52.3625107      -2.06703281               1
      120033      130026   53.0518341      -2.07047367               1
      120033      130027   53.6173744      -2.06884360               1
      120033      130028   54.6735916      -2.07983422               1
      120033      130029   55.9028244      -2.01277590               1
      120033      130030   61.8577080      -2.03490758               1
      120033      130031   68.5453186      -2.08792758               1
      120033      140031   38.4114647      -2.22445560               1
      120033      140032   60.8081055      -2.15954208               1
      120033      150032   49.0361290      -2.30263424               1
      120033      160032   46.3800507      -2.23398280               1
      120033      170031   21.0581112      -2.25979567               1
      120033      170032   43.4547501      -2.15074492               1
      120033      180032   42.3639450      -2.13077617               1
      120033      190032   41.6491928      -2.12706709               1
      120033      200032   40.9227333      -2.11436725               1
      120033      210032   40.5661011      -2.12135458               1
      120033      220031   17.8237553      -2.20579243               1
      120033      220032   40.2203941      -2.11804390               1
      120033      230032   39.5388908      -2.09507394               1
      120031      130032   99.8605499      -2.74512577               1
      120033      130032   90.9419556      -2.07814646               1
      130032      140023   52.7757263     -0.699420035               1
      130032      140024   53.3521881     -0.694547057               1
      130032      140025   54.0982323     -0.740033507               1
      130032      140026   55.1255264     -0.775014102               1
      130032      140027   56.0545502     -0.800611019               1
      130032      140028   58.0036354     -0.880417347               1
      130032      140029   60.6758957     -0.836940408               1
      130032      140030   76.3572083      -1.36539245               1
      130032      140031   101.066971      -2.01824212               1
      130032      150031   65.2558136      -3.12073445               1
      120031      130034   60.4776917      -1.99523652               1
      120033      130034   96.4911194      -1.55013227               1
      130034      140023   52.3078232     -0.678917170               1
      130034      140024   52.7145844     -0.674072206               1
      130034      140025   53.1912079     -0.701232970               1
      130034      140026   53.7679596     -0.718429267               1
      130034      140027   54.2004890     -0.727893591               1
      130034      140028   54.9327087     -0.752778888               1
      130034      140029   55.6824989     -0.726047695               1
      130034      140030   58.8271599     -0.777256489               1
      130034      140031   61.7027168     -0.819283545               1
      130034      140032   68.3633804     -0.839964747               1
      130034      150024   16.9177723      -2.08287954               1
      130034      150032   32.5665741      -1.75416303               1
      130034      150033   61.9176331      -1.27833867               1
      130034      160033   55.9654617      -1.19244218               1
      130034      170033   50.6735306      -1.08186316               1
      130034      180033   48.9186707      -1.05099547               1
      130034      190033   47.8740273      -1.03823233               1
      130034      200033   46.9240227      -1.01218510               1
      130034      210033   46.4912758      -1.01338589               1
      130034      220033   46.1020241      -1.00306857               1
      130034      230033   45.4066315     -0.967585444               1
      130034      240033   44.9998703     -0.975870311               1
      110032      140033   50.6467514      -2.09465694               1
      130032      140033   92.1469193      -1.28955925               1
      130034      140033   97.7144547     -0.813057542               1
      140033      150024   35.8248749      -1.81923127               1
      140033      150025   36.4155540      -1.84931731               1
      140033      150026   37.1545906      -1.85795796               1
      140033      150027   37.7435265      -1.85873437               1
      140033      150028   38.8230667      -1.88061786               1
      140033      150029   40.0649529      -1.79235804               1
      140033      150030   46.0459633      -1.85058427               1
      140033      150031   52.7456322      -1.94274640               1
      140033      150032   75.1532593      -1.97417367               1
      140033      160030   28.7879772      -1.85234892               1
      140033      160031   35.4876442      -1.98899734               1
      140033      160032   57.8952751      -2.01189184               1
      140033      170031   25.0702934      -2.03563762               1
      140033      170032   47.4779243      -2.04154325               1
      140033      180031   22.1455917      -2.09258938               1
      140033      180032   44.5532227      -2.07023931               1
      140033      190031   20.5854950      -2.14441276               1
      140033      190032   42.9931259      -2.09424186               1
      140033      200031   19.3019238      -2.14579868               1
      140033      200032   41.7095566      -2.09333920               1
      140033      210031   18.7455807      -2.18918586               1
      140033      210032   41.1532097      -2.11239314               1
      140033      220031   18.2619724      -2.19169903               1
      140033      220032   40.6696014      -2.11260867               1
      140033      230032   39.8242416      -2.08891153               1
      130032      140035   62.0894127     -0.856561780               1
      130034      140035   92.5801163     -0.909637511               1
      140035      150024   35.4884109      -1.82639301               1
      140035      150025   35.9465446      -1.85195208               1
      140035      150026   36.4743729      -1.86180317               1
      140035      150027   36.8464203      -1.86562896               1
      140035      150028   37.4356766      -1.88391197               1
      140035      150029   37.9906464      -1.84479582               1
      140035      150030   40.1102333      -1.85649049               1
      140035      150031   41.8298531      -1.86194766               1
      140035      150032   45.1063919      -1.83371139               1
      140035      150033   55.0312958      -1.70013368               1
      140035      160034   58.3447533      -1.40315568               1
      140035      170034   47.9458771      -1.30056500               1
      140035      180034   45.0341988      -1.28082204               1
      140035      190034   43.4898567      -1.27584803               1
      140035      200034   42.2380333      -1.25006175               1
      140035      210034   41.7058258      -1.25699973               1
      140035      220034   41.2569046      -1.24719167               1
      140035      230034   40.5172920      -1.20879054               1
      140035      240034   40.1078949      -1.21979034               1
      140035      250034   39.6497650      -1.18960941               1
      120033      150034   54.5852966      -1.34643507               1
      140033      150034   80.7207031      -1.35014451               1
      140035      150034   75.5963058      -1.50455773               1
      150034      160025   61.1192780      -1.54670405               1
      150034      160026   61.7689323      -1.55438232               1
      150034      160027   62.2346497      -1.55714166               1
      150034      160028   62.9989738      -1.57018256               1
      150034      160029   63.7657394      -1.53676069               1
      150034      160030   66.9445877      -1.54403079               1
      150034      160031   69.8356857      -1.54964972               1
      150034      160032   76.5103226      -1.50469732               1
      150034      160033   105.875877      -1.29576564               1
      150034      170026   18.1948853      -1.50978994               1
      150034      170027   18.6605988      -1.52010548               1
      150034      170028   19.4249249      -1.56385684               1
      150034      170029   20.1916904      -1.45855033               1
      150034      170030   23.3705368      -1.49001348               1
      150034      170031   26.2616405      -1.51090205               1
      150034      170032   32.9362717      -1.41433096               1
      150034      170033   62.3018265      -1.10186553               1
      150034      180032   24.6503544      -1.45795405               1
      150034      180033   54.0159111      -1.07384157               1
      150034      190033   50.5620918      -1.06236982               1
      150034      200033   48.3138008      -1.02171004               1
      150034      210033   47.4646530      -1.03246748               1
      150034      220033   46.8134880      -1.01984608               1
      150034      230033   45.8384132     -0.974252641               1
      150034      240033   45.3224106     -0.986147940               1
      140033      150036   45.2140732      -1.91662097               1
      140035      150036   69.0754471      -1.41671836               1
      150036      160025   60.7271271      -1.55081773               1
      150036      160026   61.2220383      -1.56030369               1
      150036      160027   61.5417824      -1.56563234               1
      150036      160028   62.0058632      -1.58026481               1
      150036      160029   62.4024620      -1.56866217               1
      150036      160030   63.7745743      -1.59084237               1
      150036      160031   64.7775345      -1.60508490               1
      150036      160032   66.4271851      -1.61967003               1
      150036      160033   70.3847809      -1.63180721               1
      150036      160034   76.0464401      -1.61622858               1
      150036      170026   17.6666756      -1.52910697               1
      150036      170027   17.9864197      -1.54789400               1
      150036      170028   18.4505024      -1.59751475               1
      150036      170029   18.8470993      -1.55873561               1
      150036      170031   21.2221756      -1.67102146               1
      150036      170032   22.8718243      -1.70862579               1
      150036      170035   50.6956825      -1.13567245               1
      150036      180035   42.4227104      -1.10647082               1
      150036      190035   38.9841881      -1.09392560               1
      150036      200035   36.7657547      -1.04206657               1
      150036      210035   35.9386826      -1.05583978               1
      150036      220035   35.3182297      -1.03916109               1
      150036      230035   34.4325409     -0.980681002               1
      150036      240035   33.9867172     -0.991709411               1
      150036      250035   33.5239220     -0.951789677               1
      150036      260035   33.0290108     -0.925230801               1
      130034      160035   50.8311272      -1.40666676               1
      150034      160035   100.755592      -1.40907693               1
      150036      160035   94.2510452      -1.33775091               1
      160035      170026   39.6845474      -1.27474380               1
      160035      170027   40.0972404      -1.28504181               1
      160035      170028   40.7248688      -1.31274569               1
      160035      170029   41.2997246      -1.28394532               1
      160035      170030   43.4585533      -1.32336807               1
      160035      170031   45.1958084      -1.34907281               1
      160035      170032   48.4880066      -1.35795069               1
      160035      170033   58.4289780      -1.31349444               1
      160035      170034   79.0030899      -1.22710681               1
      160035      180034   55.2107506      -1.30283940               1
      160035      190034   48.0277290      -1.31537902               1
      160035      200034   44.3163681      -1.26294577               1
      160035      210034   43.0718002      -1.28889954               1
      160035      220034   42.2106590      -1.27512145               1
      160035      230034   41.0695000      -1.21987164               1
      160035      240034   40.5122337      -1.23591268               1
      160035      250034   39.9381790      -1.19984317               1
      150034      160037   70.1051331      -1.60418677               1
      150036      160037   123.335739      -1.38830030               1
      160037      170026   39.2390327      -1.26821566               1
      160037      170027   39.5412483      -1.27834272               1
      160037      170028   39.9545479      -1.30197859               1
      160037      170029   40.2857246      -1.28943121               1
      160037      170030   41.3595581      -1.32235312               1
      160037      170031   42.0963402      -1.34171355               1
      160037      170032   43.2088089      -1.36438727               1
      160037      170033   45.5566864      -1.39333355               1
      160037      170034   48.3784790      -1.39516664               1
      160037      170035   54.7981148      -1.26134706               1
      160037      180035   31.0179920      -1.42263567               1
      160037      180036   77.8290253      -1.30156910               1
      160037      190036   70.6602631      -1.30985785               1
      160037      200036   66.9762650      -1.27502596               1
      160037      210036   65.7516174      -1.29205024               1
      160037      220036   64.9177170      -1.28328788               1
      160037      230036   63.8537712      -1.24961436               1
      160037      240036   63.3557663      -1.25857186               1
      160037      250035   16.0555305      -1.28899336               1
      160037      250036   62.8665657      -1.23862386               1
      160037      260036   62.3701172      -1.22700489               1
      160037      270036   62.0679016      -1.22035265               1
      140035      170036   41.4250183      -1.12198329               1
      160035      170036   72.4982986      -1.11842358               1
      160037      170036   101.609154      -1.24291945               1
      170036      180027   61.5863800      -1.75360739               1
      170036      180028   62.1229057      -1.76988304               1
      170036      180029   62.5556870      -1.75653601               1
      170036      180030   63.9966660      -1.77614689               1
      170036      180031   65.0299072      -1.78793001               1
      170036      180032   66.7059174      -1.79856086               1
      170036      180033   70.6899796      -1.80141234               1
      170036      180034   76.3664169      -1.77352619               1
      170036      180035   94.5810394      -1.46568322               1
      170036      190035   55.3136024      -1.35874557               1
      170036      200035   42.7454224      -1.12128687               1
      170036      210035   39.4072876      -1.18584049               1
      170036      220035   37.5280037      -1.14457023               1
      170036      240035   34.7969589      -1.04363060               1
      170036      250035   34.0798225     -0.985232592               1
      170036      260035   33.3945808     -0.949090064               1
      160035      170038   47.8408318      -1.33910644               1
      160037      170038   86.9465103      -2.24780130               1
      170038      180027   61.2364960      -1.74772310               1
      170038      180028   61.6502037      -1.76120114               1
      170038      180029   61.9516830      -1.75246477               1
      170038      180030   62.8465157      -1.76555336               1
      170038      180031   63.4174423      -1.77221096               1
      170038      180032   64.2058334      -1.78039896               1
      170038      180033   65.6774292      -1.79072678               1
      170038      180034   67.2094955      -1.78782880               1
      170038      180035   69.9451218      -1.73969221               1
      170038      180036   84.0594635      -1.73673236               1
      170038      190037   69.7911148      -2.71680880               1
      170038      200037   57.2421722      -2.83765984               1
      170038      220037   52.0571899      -3.02606869               1
      170038      240037   49.4165497      -3.05777693               1
      170038      250037   48.7538719      -3.04799390               1
      170038      260037   48.1455383      -3.05196667               1
      170038      270037   47.8118820      -3.05437684               1
      170038      280037   47.3981743      -3.04825115               1
      150036      180037   71.5074005      -1.28772831               1
      160035      180037   30.9857426      -1.42189813               1
      170036      180037   123.689957      -1.48626101               1
      170038      180037   109.048355      -2.32062101               1
      180037      190028   46.6051598      -1.49421167               1
      180037      190029   46.9849777      -1.48091388               1
      180037      190030   48.1496124      -1.50731003               1
      180037      190031   48.9258766      -1.52183068               1
      180037      190032   50.0723534      -1.53836989               1
      180037      190035   61.7267952      -1.41542423               1
      180037      190036   108.556839      -1.33176064               1
      180037      200036   78.1666412      -1.21296239               1
      180037      210036   71.5854111      -1.34398985               1
      180037      220036   68.3922806      -1.33471525               1
      180037      230036   65.5655746      -1.26216328               1
      180037      240036   64.5206680      -1.28487504               1
      180037      250035   16.8207989      -1.34540081               1
      180037      250036   63.6508484      -1.25423074               1
      180037      260036   62.8791733      -1.23830342               1
      180037      270036   62.4643021      -1.22945726               1
      170036      180039   70.8451920      -1.63068128               1
      170038      180039   92.3866272      -1.47297180               1
      180039      190028   46.1716805      -1.47947335               1
      180039      190029   46.4428749      -1.47010255               1
      180039      190030   47.1799507      -1.48554897               1
      180039      190031   47.6169777      -1.49196208               1
      180039      190032   48.1682167      -1.49958086               1
      180039      190033   49.0778580      -1.50701416               1
      180039      190036   55.7353592      -1.36934316               1
      180039      190037   61.3301811      -1.49847114               1
      180039      200038   46.9082184      -1.00559604               1
      180039      210038   40.3412361      -1.20448899               1
      180039      220038   37.1669998      -1.17621005               1
      180039      230038   34.3915863      -1.02877867               1
      180039      250037   16.6188736      -1.66944146               1
      180039      250038   32.5670090      -1.00460529               1
      180039      260037   15.9191895      -1.63265884               1
      180039      260038   31.8673248     -0.971633434               1
      180039      270037   15.5642424      -1.61163771               1
      180039      270038   31.5123768     -0.953805327               1
      180039      280037   15.1584978      -1.55633712               1
      180039      280038   31.1066341     -0.918276429               1
      180039      290038   30.8354397     -0.927454650               1
      180037      190038   93.9159851      -2.27640867               1
      180039      190038   77.2783127      -1.25357628               1
      190038      200036   63.3148422     -0.479026228               1
      190038      200037   88.3134537      -1.55612493               1
      190038      210037   64.8797379      -2.57511258               1
      190038      220037   57.3845520      -2.83881617               1
      190038      250037   49.6311264      -3.01632237               1
      190038      260037   48.6845055      -3.03421736               1
      190038      270037   48.2210846      -3.04136729               1
      190038      280037   47.6990509      -3.03594065               1
      180039      190040   93.1872864      -1.17255831               1
      190040      200038   57.1117516     -0.203354120               1
      190040      210039   64.1836319     -0.975390971               1
      190040      220039   56.7027740      -1.03121281               1
      190040      230039   51.7300377     -0.918783844               1
      190040      240039   50.1854630     -0.972782969               1
      190040      250039   49.0535736     -0.929467738               1
      190040      260039   48.1583366     -0.908691466               1
      190040      270039   47.7365952     -0.896812916               1
      190040      280039   47.2867699     -0.871680915               1
      190040      290039   47.0051117     -0.877830744               1
      190040      300039   46.2858391     -0.853285074               1
      170038      200039   40.5804291      -1.12016523               1
      190038      200039   71.6723251     -0.285978585               1
      190040      200039   87.6064835     -0.376029462               1
      200039      210030   65.0587387      -2.05254865               1
      200039      210031   65.5654984      -2.05264139               1
      200039      210032   66.1737671      -2.05347490               1
      200039      210033   67.1372452      -2.05184007               1
      200039      210034   67.9928665      -2.03911185               1
      200039      210035   69.1973877      -1.99621522               1
      200039      210036   73.8686600      -1.89759588               1
      200039      210037   79.4785995      -1.96022391               1
      200039      210038   95.4410324      -1.68477416               1
      200039      220032   27.0832291      -2.29986548               1
      200039      220038   56.3504944      -1.54742563               1
      200039      230038   40.4400253      -1.00163126               1
      200039      250037   18.5314827      -1.67171586               1
      200039      250038   34.4939308      -1.04308569               1
      200039      260038   32.9466743     -0.999397993               1
      200039      270038   32.2954674     -0.975775421               1
      200039      280038   31.6612911     -0.925581396               1
      200039      290038   31.2893505     -0.939096212               1
      180039      210040   56.2502098      -1.08415329               1
      200039      210040   111.374138      -1.55550957               1
      210040      220031   58.0199242      -2.40830684               1
      210040      220032   58.5795479      -2.40669274               1
      210040      220033   59.4041290      -2.40317106               1
      210040      220034   60.0880928      -2.38970160               1
      210040      220035   60.9580116      -2.35159159               1
      210040      220036   63.9441147      -2.26748824               1
      210040      220037   67.0596619      -2.29559517               1
      210040      220038   73.6570663      -2.13722134               1
      210040      220039   104.170265      -1.71641791               1
      210040      230039   62.7624054     -0.887186348               1
      210040      240039   55.5774345      -1.07103324               1
      210040      250038   21.3929615      -1.34798145               1
      210040      250039   51.9061775     -0.967429817               1
      210040      260038   19.1284523      -1.30609691               1
      210040      260039   49.6416702     -0.933930814               1
      210040      270038   18.2616615      -1.27607024               1
      210040      270039   48.7748795     -0.916074753               1
      210040      280038   17.4888954      -1.18487573               1
      210040      280039   48.0021133     -0.877053916               1
      210040      290038   17.0712414      -1.22044766               1
      210040      290039   47.5844612     -0.887113750               1
      210040      300039   46.6458969     -0.859017074               1
