         792
       10020       20011   50.6217346      -4.83157444               1
       10020       20012   51.3744392      -4.88158894               1
       10020       20013   52.2045517      -4.90834427               1
       10020       20014   52.7502213      -4.87873793               1
       10020       20015   53.8513718      -4.84185076               1
       10020       20016   54.9892960      -4.78494215               1
       10020       20017   61.3941689      -4.80695534               1
       10020       20018   67.4274521      -4.37763309               1
       10020       20019   90.4919281      -2.73551369               1
       10020       30012   22.3450260      -5.14633465               1
       10020       30013   23.1751404      -5.19712067               1
       10020       30014   23.7208080      -5.12463951               1
       10020       30015   24.8219585      -5.03370476               1
       10020       30016   25.9598808      -4.90474844               1
       10020       30017   32.3647537      -4.92279720               1
       10020       30018   38.3980408      -4.15069962               1
       10020       30019   61.4625893      -1.81815028               1
       10022       20011   50.2909966      -4.84246159               1
       10022       20012   50.9017296      -4.88891459               1
       10022       20013   51.5378952      -4.91835737               1
       10022       20014   51.9156685      -4.90423155               1
       10022       20015   52.5775795      -4.89732981               1
       10022       20016   53.1505470      -4.88633823               1
       10022       20017   55.9008064      -5.01216173               1
       10022       20018   57.9095116      -4.95055866               1
       10022       20019   62.3475189      -4.75884008               1
       10022       20020   77.5139771      -5.25871849               1
       10022       30012   21.8833580      -5.16775084               1
       10022       30013   22.5195274      -5.22725534               1
       10022       30014   22.8973007      -5.19013119               1
       10022       30015   23.5592098      -5.16669607               1
       10022       30016   24.1321793      -5.13609219               1
       10022       30017   26.8824368      -5.37218523               1
       10022       30018   28.8911438      -5.22367573               1
       10022       30019   33.3291473      -4.82866812               1
       10022       30020   48.4956131      -5.60582161               1
       10022       30021   78.8166809      -5.31586647               1
       10022       40021   66.3114243      -5.30041647               1
       10022       50021   64.1763916      -5.42629194               1
       10022       60021   61.5943069      -5.35964108               1
       10022       70021   60.2463722      -5.38764381               1
       10022       80021   59.4925613      -5.38844156               1
       10022       90021   58.9132080      -5.40992212               1
       10022      100021   57.9188766      -5.39287949               1
       10022      110021   57.5440521      -5.40825987               1
       10022      120021   56.9333191      -5.37279749               1
       10020       20021   114.637093      -4.85804796               1
       10022       20021   107.835045      -5.14438868               1
       20021       30012   50.0533257      -3.61008906               1
       20021       30013   50.8323402      -3.66169906               1
       20021       30014   51.3103905      -3.65264487               1
       20021       30015   52.1970482      -3.65901589               1
       20021       30016   53.0286102      -3.65541196               1
       20021       30017   57.3266983      -3.88838720               1
       20021       30018   60.8281212      -3.79532814               1
       20021       30019   70.2213516      -3.40491772               1
       20021       30020   113.657448      -4.28960133               1
       20021       40020   78.6086121      -4.57186079               1
       20021       50020   74.1585846      -4.83977842               1
       20021       60020   69.7866974      -4.79255915               1
       20021       70020   67.7964859      -4.84249496               1
       20021       80020   66.7731857      -4.84578800               1
       20021       90020   66.0266571      -4.87049341               1
       20021      100020   64.7981796      -4.85021782               1
       20021      110020   64.3437119      -4.86558008               1
       10020       20023   61.6052284      -4.75338650               1
       10022       20023   96.6174088      -4.08616734               1
       20023       30012   49.5084915      -3.57060337               1
       20023       30013   50.0806580      -3.60694480               1
       20023       30014   50.3913231      -3.59903526               1
       20023       30015   50.8756714      -3.59805417               1
       20023       30016   51.2434311      -3.59237027               1
       20023       30017   52.8309479      -3.67483139               1
       20023       30018   53.8504028      -3.64381433               1
       20023       30019   55.7132835      -3.55061793               1
       20023       30020   60.6562958      -3.68734503               1
       20023       30021   67.0899811      -3.52320910               1
       10020       30022   48.4800224      -5.60733366               1
       20021       30022   106.858337      -4.54245567               1
       20023       30022   95.6730728      -3.40390038               1
       30022       40020   63.4988976      -4.00864410               1
       30022       40021   93.8279648      -4.28087711               1
       30022       50014   20.9080830      -4.49634838               1
       30022       50015   21.6132736      -4.48606157               1
       30022       50016   22.2044334      -4.46700335               1
       30022       50020   46.6635666      -5.30109835               1
       30022       50021   76.9926376      -5.12373209               1
       30022       60021   66.4066315      -5.14528036               1
       30022       70021   62.6933594      -5.29792786               1
       30022       80021   61.0830421      -5.32381582               1
       30022       90020   29.7104549      -5.90924740               1
       30022       90021   60.0395164      -5.37459183               1
       30022      100020   28.1940975      -5.92878675               1
       30022      100021   58.5231590      -5.37015200               1
       30022      110020   27.6904869      -5.99482632               1
       30022      110021   58.0195503      -5.39682102               1
       30022      120021   57.2597275      -5.35934877               1
       10022       30024   42.7216263      -4.89898634               1
       20021       30024   60.0892639      -3.74445629               1
       20023       30024   126.506393      -4.73815060               1
       30024       50023   96.6835861      -5.26133585               1
       30024       60023   86.1242294      -5.29604626               1
       30024       70023   82.4422302      -5.41883373               1
       30024       80023   80.8623505      -5.44083595               1
       30024       90023   79.8553772      -5.47969866               1
       30024      100023   78.4393921      -5.48098946               1
       30024      110023   77.9921722      -5.50060749               1
       30024      120023   77.3512421      -5.47980309               1
       30024      130023   76.7512054      -5.46941376               1
       30024      140023   76.4460754      -5.48138237               1
       30024       40023   113.509735      -4.54443169               1
       40023       50014   77.5018539      -5.32880402               1
       40023       50015   78.0659409      -5.31499958               1
       40023       50016   78.4658966      -5.30178642               1
       40023       50017   80.1322174      -5.32252741               1
       40023       50018   81.1806488      -5.28004694               1
       40023       50019   83.0692368      -5.17969990               1
       40023       50020   88.0394058      -5.18241692               1
       40023       50021   94.4857864      -4.96355581               1
       40023       50022   123.085823      -4.53633451               1
       40023       60015   23.7215672      -4.00838423               1
       40023       60016   24.1215229      -3.98706698               1
       40023       60020   33.6950378      -4.04871655               1
       20023       40025   42.1538086      -5.35908842               1
       30024       40025   96.7825165      -4.07871675               1
       40025       50014   77.0876846      -5.33240795               1
       40025       50015   77.5117264      -5.32321405               1
       40025       50016   77.7741013      -5.31564569               1
       40025       50017   78.7429810      -5.33587933               1
       40025       50018   79.2748108      -5.32065964               1
       40025       50019   80.0687027      -5.29135275               1
       40025       50020   81.7145004      -5.32233047               1
       40025       50021   83.2726364      -5.29308176               1
       40025       50022   87.6933517      -5.31662989               1
       40025       50023   104.646385      -5.60805082               1
       40025       60015   23.1859379      -4.00734615               1
       40025       60016   23.4483166      -3.99696779               1
       40025       60017   24.4171963      -4.11454391               1
       40025       60018   24.9490204      -4.09221840               1
       40025       60019   25.7429142      -4.03894949               1
       40025       60020   27.3887081      -4.20662832               1
       40025       60021   28.9468460      -4.18254328               1
       40025       60022   33.3675613      -4.39156008               1
       40025       60023   50.3205719      -5.30925417               1
       40025       60024   82.9246368      -4.72227526               1
       40025       70024   70.9088135      -4.96958828               1
       40025       80024   67.0581207      -4.96671581               1
       40025       90024   65.0296097      -5.02833414               1
       40025      100023   30.0669632      -6.29961061               1
       40025      100024   62.6710052      -5.00771141               1
       40025      110024   62.0331764      -5.03873253               1
       40025      120024   61.2097664      -4.99893999               1
       40025      130024   60.4941101      -4.97654152               1
       40025      140024   60.1627464      -4.99025488               1
       40025      150024   59.7387085      -4.99975538               1
       20023       50024   87.0434952      -5.41082954               1
       40023       50024   153.953995      -5.40617180               1
       40025       50024   137.250427      -5.18242741               1
       30024       50026   37.9884491      -4.55550957               1
       40023       50026   88.3429947      -5.38152599               1
       40025       50026   118.426750      -5.44321012               1
       50026       60015   42.4032593      -2.63017344               1
       50026       60016   42.6316566      -2.62952137               1
       50026       60017   43.4128418      -2.69769931               1
       50026       60018   43.8090973      -2.69668794               1
       50026       60019   44.3417473      -2.68773723               1
       50026       60020   45.3076706      -2.76356316               1
       50026       60021   46.0931854      -2.76891947               1
       50026       60022   47.9734306      -2.87280869               1
       50026       60023   53.5356026      -3.28664994               1
       50026       60024   60.4775009      -3.26296639               1
       50026       70024   33.8050156      -4.36360598               1
       50026      120024   19.5911789      -4.73498392               1
       50026      150024   18.0742683      -4.74753523               1
       30024       60025   69.3969727      -4.82771730               1
       40023       60025   50.2940102      -5.30927277               1
       50026       60025   83.6180801      -4.12787008               1
       60025       70016   55.1552086      -7.06452370               1
       60025       70017   56.2306137      -7.06318665               1
       60025       70018   56.7995605      -7.02357578               1
       60025       70019   57.6248360      -6.95740938               1
       60025       70020   59.3021507      -6.95379305               1
       60025       70021   60.8745155      -6.87110043               1
       60025       70022   65.3136292      -6.79582977               1
       60025       70023   82.2909775      -6.86233282               1
       60025       70024   114.906746      -5.99777794               1
       60025       80017   23.8191338      -6.15750265               1
       60025       80018   24.3880844      -6.08637667               1
       60025       80019   25.2133617      -5.96583128               1
       60025       80020   26.8906746      -6.01970530               1
       60025       80021   28.4630451      -5.89445019               1
       60025       80022   32.9021606      -5.87680054               1
       60025       80023   49.8794975      -6.29932404               1
       60025       80024   82.4953156      -5.31768990               1
       60025       90018   14.6097345      -6.43237495               1
       60025       90019   15.4350109      -6.21696138               1
       60025       90020   17.1123238      -6.27700520               1
       60025       90021   18.6846943      -6.06454754               1
       60025       90022   23.1238098      -6.00678062               1
       60025       90023   40.1011505      -6.47730446               1
       60025       90024   72.7169647      -5.28383875               1
       60025      100023   32.6975594      -6.32460499               1
       60025      100024   65.3133850      -5.07210875               1
       60025      110023   31.2312298      -6.48491573               1
       60025      110024   63.8470535      -5.12176037               1
       60025      120023   29.6832352      -6.36554098               1
       60025      120024   62.2990608      -5.03101110               1
       60025      130023   28.4896774      -6.30935001               1
       60025      130024   61.1055069      -4.97874594               1
       60025      140023   27.9991550      -6.36559963               1
       60025      140024   60.6149864      -4.99396086               1
       60025      150024   60.0612717      -5.00355005               1
       50026       60027   83.9637909      -4.23286057               1
       60027       70016   54.8195992      -7.06944180               1
       60027       70017   55.6093102      -7.06232309               1
       60027       70018   55.9863853      -7.03295040               1
       60027       70019   56.4599609      -6.99108076               1
       60027       70020   57.2543488      -6.97975397               1
       60027       70021   57.8506737      -6.93783617               1
       60027       70022   59.1600800      -6.90402985               1
       60027       70023   62.5656700      -6.90288162               1
       60027       70024   66.0566101      -6.68631506               1
       60027       70025   74.5214081      -6.61540270               1
       60027       80024   33.6577148      -5.68225861               1
       60027       80026   64.0770569      -5.97284985               1
       60027       90026   54.3132629      -6.04500341               1
       60027      100026   46.9477005      -5.87206125               1
       60027      110026   45.5014877      -5.96697426               1
       60027      120026   43.9938087      -5.87181377               1
       60027      130026   42.8488846      -5.82330132               1
       60027      140026   42.3922234      -5.85329628               1
       60027      150026   41.9054756      -5.87747145               1
       60027      160026   41.6563721      -5.89591169               1
       60027      170026   40.8666611      -5.88292074               1
       60025       70026   96.1076508      -6.47924232               1
       60027       70026   96.4759521      -6.56273508               1
       70026       80017   71.6980286      -4.19232988               1
       70026       80018   72.1608124      -4.18221617               1
       70026       80019   72.7482529      -4.16468477               1
       70026       80020   73.7677460      -4.19332838               1
       70026       80021   74.5770111      -4.18098116               1
       70026       80022   76.4874420      -4.21213961               1
       70026       80023   82.0888672      -4.39331722               1
       70026       80024   89.0495529      -4.29081631               1
       70026       80025   112.211311      -4.72380114               1
       70026       90018   31.3836308      -5.07363462               1
       70026       90019   31.9710712      -5.01736450               1
       70026       90020   32.9905663      -5.05506182               1
       70026       90021   33.7998238      -5.00718594               1
       70026       90022   35.7102623      -5.02972364               1
       70026       90023   41.3116913      -5.27887869               1
       70026       90024   48.2723694      -4.96209812               1
       70026       90025   71.4341583      -5.42458963               1
       70026      100024   27.7462578      -4.70706367               1
       70026      110024   24.6258240      -5.13392448               1
       70026      120024   21.8884792      -4.82400179               1
       70026      130024   20.0045757      -4.62469530               1
       70026      140024   19.3175430      -4.70042372               1
       70026      150024   18.6492062      -4.74864292               1
       60025       70028   66.9854965      -6.63939524               1
       60027       70028   88.4454956      -5.98988008               1
       70028       80017   71.3881836      -4.18194532               1
       70028       80018   71.7653885      -4.17266369               1
       70028       80019   72.2071991      -4.15830803               1
       70028       80020   72.8938599      -4.17426109               1
       70028       80021   73.3741531      -4.16328764               1
       70028       80022   74.3570023      -4.17556095               1
       70028       80023   76.6806564      -4.24681377               1
       70028       80024   78.7805786      -4.18978691               1
       70028       80025   83.0990982      -4.23785543               1
       70028       80026   91.0265198      -4.32373571               1
       70028       90018   30.9969330      -5.06246758               1
       70028       90020   32.1254082      -5.03483582               1
       70028       90021   32.6057014      -4.99746561               1
       70028       90023   35.9122086      -5.09900808               1
       70028       90024   38.0121231      -4.93374157               1
       70028       90027   63.7924805      -4.61887550               1
       70028      100027   43.2887955      -4.29408646               1
       70028      110027   40.1799812      -4.52355385               1
       70028      120027   37.4655380      -4.30081892               1
       70028      130027   35.6087265      -4.16368294               1
       70028      140027   34.9399490      -4.19604969               1
       70028      150027   34.3062134      -4.21293783               1
       70028      160027   34.0161209      -4.22901106               1
       70028      170027   33.1727524      -4.17933083               1
       70028      180027   32.7955513      -4.19961166               1
       50026       80027   50.8194733      -5.50823927               1
       70026       80027   112.582092      -4.80090666               1
       70028       80027   104.560936      -4.18111563               1
       80027       90018   75.6250305      -4.49449158               1
       80027       90019   76.1629257      -4.47627258               1
       80027       90020   77.0183029      -4.49378300               1
       80027       90021   77.6411057      -4.48033142               1
       80027       90022   78.9835358      -4.49569321               1
       80027       90023   82.4312363      -4.59552956               1
       80027       90024   85.9420700      -4.52221823               1
       80027       90025   94.4289703      -4.66036129               1
       80027       90026   116.401642      -4.98571205               1
       80027      100026   58.6467438      -5.28198051               1
       80027      110026   52.1606064      -5.86253643               1
       80027      120026   47.4315834      -5.75113392               1
       80027      130026   44.4820518      -5.69799376               1
       80027      140026   43.4991493      -5.77707672               1
       80027      150026   42.6396904      -5.83205032               1
       80027      160026   42.2698631      -5.86421728               1
       80027      170026   41.2341537      -5.85824919               1
       70026       80029   85.4116364      -4.42765999               1
       70028       80029   116.568825      -4.59558868               1
       80029       90018   75.3313370      -4.49374008               1
       80029       90019   75.7710342      -4.47935915               1
       80029       90020   76.4157791      -4.49297953               1
       80029       90021   76.8454132      -4.48361826               1
       80029       90022   77.6866302      -4.49597454               1
       80029       90023   79.5725021      -4.56108141               1
       80029       90024   81.1758270      -4.52790070               1
       80029       90025   84.2522507      -4.58195114               1
       80029       90026   89.2395782      -4.68422079               1
       80029       90027   95.5542679      -4.68083525               1
       80029      100028   62.6675758      -4.86874390               1
       80029      110028   56.1911964      -5.35955715               1
       80029      120028   51.4812088      -5.21165085               1
       80029      130028   48.5539131      -5.13065338               1
       80029      140028   47.5856705      -5.19024324               1
       80029      150028   46.7532387      -5.22850990               1
       80029      160028   46.4058952      -5.25180674               1
       80029      170028   45.4689178      -5.23493004               1
       80029      180028   45.0720406      -5.25945568               1
       80029      190028   44.6323433      -5.29141378               1
       60027       90028   46.2828484      -4.86045885               1
       80027       90028   108.386986      -4.40146065               1
       80029       90028   120.403366      -4.78037977               1
       90028      100020   39.9823799      -2.46931267               1
       90028      100027   71.8346786      -3.23377299               1
       90028      110027   52.7811508      -4.49772549               1
       90028      120027   43.1399155      -4.19755459               1
       90028      130027   37.9652710      -3.99371982               1
       90028      140027   36.4235764      -4.10146427               1
       90028      150027   35.2291374      -4.16195869               1
       90028      160027   34.7710571      -4.19786882               1
       90028      170027   33.6074028      -4.15348959               1
       90028      180027   33.1296234      -4.18523836               1
       80027       90030   85.6927948      -4.54336262               1
       80029       90030   110.401718      -3.93146944               1
       70028      100029   55.2966995      -5.14328861               1
       90028      100029   83.8566666      -3.94555449               1
      100029      110020   80.9985352      -7.79740858               1
      100029      110021   81.4938812      -7.76624298               1
      100029      110022   82.4129028      -7.74216747               1
      100029      110023   84.3929672      -7.73126650               1
      100029      110024   86.0389175      -7.63861179               1
      100029      110026   94.1856842      -7.51947784               1
      100029      110027   100.515656      -7.33792305               1
      100029      110028   125.380119      -6.90681124               1
      100029      120028   75.0305023      -5.82361746               1
      100029      130028   56.2881927      -5.01296282               1
      100029      140028   51.8487396      -5.12773180               1
      100029      150028   49.1154366      -5.19550943               1
      100029      160028   48.2643623      -5.24446630               1
      100029      170028   46.4635811      -5.21252155               1
      100029      180028   45.8126526      -5.25121784               1
      100029      190028   45.1873970      -5.29444218               1
       90030      100031   102.321289      -4.45874596               1
      100031      110020   80.4491959      -7.81321716               1
      100031      110021   80.8004532      -7.78952646               1
      100031      110022   81.3870773      -7.77326727               1
      100031      110023   82.4920197      -7.76807737               1
      100031      110024   83.2860565      -7.72118282               1
      100031      110025   84.5915680      -7.69370985               1
      100031      110026   86.3050079      -7.67180777               1
      100031      110027   87.8132706      -7.62262106               1
      100031      110028   91.3842087      -7.53002024               1
      100031      110029   98.4323196      -7.12616491               1
      100031      120021   30.4745197      -6.58199072               1
      100031      120024   32.9601288      -6.50035763               1
      100031      120030   93.5583496      -6.01515913               1
      100031      130030   74.8432236      -5.45392704               1
      100031      140030   70.4211273      -5.56562138               1
      100031      150030   67.7184830      -5.63188362               1
      100031      160030   66.8916550      -5.67205572               1
      100031      170030   65.1928635      -5.66369247               1
      100031      180030   64.6013870      -5.69343376               1
      100031      190030   64.0657043      -5.72362852               1
      100031      200030   63.4351006      -5.72263145               1
      100031      210030   63.0838356      -5.74133444               1
      100029      110030   115.412697      -6.27856779               1
      100031      110030   143.884216      -6.89152861               1
      110030      120021   63.1697083      -6.10046768               1
      110030      120022   63.8836288      -6.09075069               1
      110030      120023   65.2648544      -6.11033392               1
      110030      120024   66.2964630      -6.05357409               1
      110030      120025   68.0666275      -6.03913260               1
      110030      120026   70.5423584      -6.03662872               1
      110030      120027   72.9824448      -5.96843290               1
      110030      120028   79.6954956      -5.82379389               1
      110030      120029   97.7270050      -4.91671133               1
      110030      130029   53.2499809      -2.92816782               1
      110030      140029   44.9451599      -2.92267394               1
      100029      110032   90.4566803      -7.37227249               1
      100031      110032   130.334412      -6.56209660               1
      110032      120021   62.7556572      -6.10980177               1
      110032      120022   63.2862549      -6.10171318               1
      110032      120023   64.2115326      -6.11589098               1
      110032      120024   64.8293839      -6.08086824               1
      110032      120025   65.7823181      -6.07192755               1
      110032      120026   66.9387360      -6.07344961               1
      110032      120027   67.8426361      -6.05031013               1
      110032      120028   69.7214584      -6.01421833               1
      110032      120029   72.7984924      -5.80960464               1
      110032      120030   88.0681839      -5.81294346               1
      110032      130031   68.2115707      -4.20532894               1
       90030      120031   73.6628265      -5.50137615               1
      110030      120031   126.192665      -5.92281818               1
      110032      120031   112.669785      -5.42547846               1
      120031      130022   50.1732979      -5.19504642               1
      120031      130023   51.4010658      -5.25155640               1
      120031      130024   52.2480545      -5.21409416               1
      120031      130025   53.6088181      -5.23377514               1
      120031      130026   55.3653221      -5.27831411               1
      120031      130027   56.8909035      -5.26646185               1
      120031      130028   60.4787712      -5.26635838               1
      120031      130029   67.5386276      -4.91370106               1
      120031      130030   113.015121      -5.50542784               1
      120031      140023   21.9939880      -5.13104820               1
      120031      140024   22.8409786      -5.04982328               1
      120031      140030   83.6080475      -5.56302023               1
      120031      150030   72.9524078      -5.61938810               1
      120031      160030   70.5858765      -5.69663095               1
      120031      170030   66.8514099      -5.64829493               1
      120031      180030   65.7429962      -5.69343948               1
      120031      190030   64.8735275      -5.73415422               1
      120031      200030   63.9852448      -5.72914886               1
      120031      210030   63.5365105      -5.75244331               1
      110030      120033   73.8147964      -5.84388399               1
      110032      120033   100.492439      -5.33861685               1
      120033      130022   49.6362495      -5.19101191               1
      120033      130023   50.4761086      -5.22812176               1
      120033      130024   50.9864616      -5.20147705               1
      120033      130025   51.7131424      -5.20475483               1
      120033      130026   52.5161514      -5.21884441               1
      120033      130027   53.0616074      -5.20793676               1
      120033      130028   54.0367622      -5.19126320               1
      120033      130029   55.3592224      -5.07503414               1
      120033      130030   60.6787643      -5.05092096               1
      120033      130031   66.3229065      -4.84086895               1
      120033      140031   36.9279900      -4.44153738               1
      120033      140032   57.9608345      -4.39195824               1
      120033      150032   47.3260193      -4.21526575               1
      120033      160032   44.9753761      -4.26252794               1
      120033      170031   20.2729759      -3.80590487               1
      120033      170032   41.3058205      -4.05999756               1
      120033      180032   40.2339783      -4.08961010               1
      120033      190032   39.4171677      -4.11960506               1
      120033      200032   38.6260872      -4.08174419               1
      120033      210032   38.2523842      -4.10065937               1
      120033      220031   16.6866684      -3.79933238               1
      120033      220032   37.7195129      -4.08124876               1
      120033      230032   36.8796577      -4.00518513               1
      120031      130032   99.4909210      -4.88546801               1
      120033      130032   87.3557510      -4.71182537               1
      130032      140023   50.2540512      -4.81966257               1
      130032      140024   50.9522705      -4.79107761               1
      130032      140025   51.9876938      -4.80824518               1
      130032      140026   53.2075653      -4.84295082               1
      130032      140027   54.1366386      -4.83601904               1
      130032      140028   56.0397263      -4.83346844               1
      130032      140029   59.1333466      -4.64289856               1
      130032      140030   74.4376602      -4.88812590               1
      130032      140031   99.0557556      -4.67736578               1
      130032      150031   66.9958344      -4.59801149               1
      120031      130034   60.4543953      -4.98003006               1
      120033      130034   91.7759171      -3.95392036               1
      130034      140023   49.7018242      -4.81423712               1
      130034      140024   50.2101059      -4.79450750               1
      130034      140025   50.8990898      -4.80690479               1
      130034      140026   51.6215706      -4.83026123               1
      130034      140027   52.0769463      -4.82766533               1
      130034      140028   52.8285789      -4.82450581               1
      130034      140029   53.7538986      -4.74969244               1
      130034      140030   57.1035767      -4.75529814               1
      130034      140031   60.0401726      -4.63683605               1
      130034      140032   67.7093353      -4.55316448               1
      130034      150024   18.1639996      -4.70734787               1
      130034      150032   35.6632271      -4.29190731               1
      130034      150033   59.3093376      -3.11811781               1
      130034      160033   54.1008949      -3.11720610               1
      130034      170033   47.5402145      -2.66817403               1
      130034      180033   45.8295021      -2.65834212               1
      130034      190033   44.6460876      -2.65475583               1
      130034      200033   43.6070137      -2.57330823               1
      130034      210033   43.1511574      -2.57741094               1
      130034      220033   42.5440521      -2.53344488               1
      130034      230033   41.6536522      -2.42201352               1
      130034      240033   41.1453705      -2.41653800               1
      110032      140033   47.7413292      -3.92791605               1
      130032      140033   86.9153366      -4.47368431               1
      130034      140033   91.3554153      -3.72349954               1
      140033      150024   32.6827011      -3.08690310               1
      140033      150025   33.4880066      -3.14299679               1
      140033      150026   34.3504524      -3.21898270               1
      140033      150027   34.9190750      -3.23525119               1
      140033      150028   35.9161987      -3.26552415               1
      140033      150029   37.2534599      -3.16066289               1
      140033      150030   42.6035652      -3.36767173               1
      140033      150031   48.2621536      -3.27607918               1
      140033      150032   69.3116074      -3.58910537               1
      140033      160030   29.6376038      -4.22002125               1
      140033      160031   35.2961884      -3.95813608               1
      140033      160032   56.3456459      -4.08839321               1
      140033      170031   23.9593754      -3.55657959               1
      140033      170032   45.0088310      -3.90744328               1
      140033      180031   21.3944054      -3.77922559               1
      140033      180032   42.4438629      -4.04087448               1
      140033      190031   19.7820053      -3.93432570               1
      140033      190032   40.8314629      -4.12634945               1
      140033      200031   18.4687195      -3.83661079               1
      140033      200032   39.5181770      -4.08706427               1
      140033      210031   17.9160194      -3.90810752               1
      140033      210032   38.9654770      -4.12349033               1
      140033      220031   17.2005100      -3.85614681               1
      140033      220032   38.2499695      -4.10415316               1
      140033      230032   37.2176094      -4.01361179               1
      130032      140035   62.0022087      -4.81178236               1
      130034      140035   87.7790756      -3.88206792               1
      140035      150024   32.3548393      -3.09613419               1
      140035      150025   33.0206451      -3.15261173               1
      140035      150026   33.6936150      -3.22623587               1
      140035      150027   34.0967064      -3.24823022               1
      140035      150028   34.7276840      -3.28538060               1
      140035      150029   35.4594917      -3.24315667               1
      140035      150030   37.9540253      -3.40468407               1
      140035      150031   39.9448547      -3.39760900               1
      140035      150032   44.4030914      -3.56266952               1
      140035      150033   54.4511070      -3.37756443               1
      140035      160034   57.2199135      -3.18492389               1
      140035      170034   45.9046631      -2.78467417               1
      140035      180034   43.3515129      -2.84806967               1
      140035      190034   41.7555428      -2.88411999               1
      140035      200034   40.4712639      -2.80578017               1
      140035      210034   39.9399300      -2.82212925               1
      140035      220034   39.2683449      -2.77949452               1
      140035      230034   38.3347054      -2.65998936               1
      140035      240034   37.8256531      -2.65611577               1
      140035      250034   37.1598473      -2.59804535               1
      120033      150034   51.7462349      -2.91347909               1
      140033      150034   73.7533264      -2.71355629               1
      140035      150034   70.1804886      -2.85897470               1
      150034      160025   57.1064034      -3.89093757               1
      150034      160026   57.9024887      -3.92482185               1
      150034      160027   58.3854523      -3.92962432               1
      150034      160028   59.1623192      -3.93847084               1
      150034      160029   60.1041222      -3.88420510               1
      150034      160030   63.4870224      -3.93530655               1
      150034      160031   66.4390564      -3.86411667               1
      150034      160032   74.1257019      -3.86788201               1
      150034      160033   97.7877884      -3.25841665               1
      150034      170026   16.5834980      -2.77805519               1
      150034      170027   17.0664635      -2.82693791               1
      150034      170028   17.8433285      -2.90427876               1
      150034      170029   18.7851334      -2.78250194               1
      150034      170030   22.1680317      -3.09697437               1
      150034      170031   25.1200657      -3.00720501               1
      150034      170032   32.8067131      -3.21648812               1
      150034      170033   56.4688301      -2.43402243               1
      150034      180032   26.4523659      -3.71001196               1
      150034      180033   50.1144714      -2.59530926               1
      150034      190033   47.0031204      -2.67167544               1
      150034      200033   44.9260979      -2.57646036               1
      150034      210033   44.1542854      -2.60666490               1
      150034      220033   43.2557983      -2.56199670               1
      150034      230033   42.0857086      -2.43085694               1
      150034      240033   41.4715233      -2.42928100               1
      140033      150036   43.4456978      -3.28027964               1
      140035      150036   62.6067467      -2.03928638               1
      150036      160025   56.5822258      -3.88972259               1
      150036      160026   57.1916466      -3.92029738               1
      150036      160027   57.5257072      -3.92720842               1
      150036      160028   58.0041962      -3.93870378               1
      150036      160029   58.5114174      -3.91473436               1
      150036      160030   60.1066055      -3.95916271               1
      150036      160031   61.2549324      -3.94235373               1
      150036      160032   63.4849854      -3.97411132               1
      150036      160033   67.4982758      -3.86724544               1
      150036      160034   71.5734940      -3.64348245               1
      150036      170026   15.9015207      -2.71586823               1
      150036      170027   16.2355804      -2.76513672               1
      150036      170028   16.7140713      -2.83829832               1
      150036      170029   17.2212925      -2.78926945               1
      150036      170031   19.9648037      -3.02866864               1
      150036      170032   22.1948528      -3.21130967               1
      150036      170035   45.3791466      -1.43848956               1
      150036      180035   39.0403366      -1.48359096               1
      150036      190035   35.9501266      -1.48690927               1
      150036      200035   33.9094086      -1.29204392               1
      150036      210035   33.1635780      -1.30271077               1
      150036      220035   32.3169823      -1.21163702               1
      150036      230035   31.2590809      -1.00155008               1
      150036      240035   30.7315979     -0.972009957               1
      150036      250035   30.0870571     -0.871142089               1
      150036      260035   29.4776459     -0.749416113               1
      130034      160035   50.5245552      -3.34977961               1
      150034      160035   94.2231216      -3.38810229               1
      150036      160035   86.6691971      -2.84182906               1
      160035      170026   33.4569588      -1.86206949               1
      160035      170027   33.8941727      -1.90280724               1
      160035      170028   34.5554581      -1.96719837               1
      160035      170029   35.3065872      -1.95131338               1
      160035      170030   37.8393211      -2.20139837               1
      160035      170031   39.8476677      -2.25454855               1
      160035      170032   44.3255157      -2.53613353               1
      160035      170033   54.3912659      -2.54080439               1
      160035      170034   70.1275253      -2.20938969               1
      160035      180034   51.8837624      -2.67857766               1
      160035      190034   45.7167931      -2.89212036               1
      160035      200034   42.4400711      -2.79194403               1
      160035      210034   41.3639183      -2.85993052               1
      160035      220034   40.2325554      -2.81906295               1
      160035      230034   38.8909378      -2.66994238               1
      160035      240034   38.2364693      -2.67224646               1
      160035      250034   37.4374771      -2.61081052               1
      150034      160037   67.1250229      -3.92145729               1
      150036      160037   119.771141      -4.69686890               1
      160037      170026   32.8651581      -1.80664980               1
      160037      170027   33.1833916      -1.84110034               1
      160037      170028   33.6167488      -1.89155602               1
      160037      170029   34.0547256      -1.88926017               1
      160037      170030   35.3778419      -2.05202150               1
      160037      170031   36.2872963      -2.09715009               1
      160037      170032   37.9495888      -2.26285815               1
      160037      170033   40.6872673      -2.34640288               1
      160037      170034   43.0668755      -2.30155611               1
      160037      170035   49.6079559      -2.12478328               1
      160037      180035   31.3788090      -2.85144925               1
      160037      180036   77.4819870      -4.93694448               1
      160037      190036   71.3347549      -5.26810551               1
      160037      200036   68.0914612      -5.32021856               1
      160037      210036   67.0389633      -5.40170860               1
      160037      220036   65.9542389      -5.42014980               1
      160037      230036   64.7117920      -5.38638496               1
      160037      240036   64.1325912      -5.41166782               1
      160037      250035   17.3544693      -2.89408636               1
      160037      250036   63.4576836      -5.40950537               1
      160037      260036   62.8460159      -5.39540482               1
      160037      270036   62.5277786      -5.39538670               1
      140035      170036   38.3309402      -1.43117857               1
      160035      170036   62.5715790      -1.31067979               1
      160037      170036   95.7110291      -4.16310406               1
      170036      180027   63.5238113      -4.03136301               1
      170036      180028   64.0771332      -4.04482746               1
      170036      180029   64.6300812      -4.02160263               1
      170036      180030   66.3126450      -4.06368876               1
      170036      180031   67.5001221      -4.04720068               1
      170036      180032   69.7731171      -4.07495832               1
      170036      180033   73.8244934      -3.97283459               1
      170036      180034   77.9141922      -3.76174903               1
      170036      180035   93.0220795      -2.99539304               1
      170036      190035   53.7371941      -2.76502013               1
      170036      200035   41.0581436      -1.85054111               1
      170036      210035   37.8742065      -1.92355096               1
      170036      220035   35.2469254      -1.69225383               1
      170036      240035   31.8169613      -1.16505945               1
      170036      250035   30.7877464      -1.00672019               1
      170036      260035   29.9210491     -0.830866039               1
      160035      170038   42.4448891      -2.13713908               1
      160037      170038   79.5245132      -3.43866110               1
      170038      180027   63.0909462      -4.02996302               1
      170038      180028   63.5194817      -4.04421473               1
      170038      180029   63.9110413      -4.03149986               1
      170038      180030   65.0072861      -4.07192993               1
      170038      180031   65.7093506      -4.07145071               1
      170038      180032   66.8918381      -4.10804701               1
      170038      180033   68.6494446      -4.10149813               1
      170038      180034   69.9716415      -4.05843353               1
      170038      180035   72.9248657      -3.94166946               1
      170038      180036   88.6098480      -4.45305395               1
      170038      190037   70.7292328      -4.80908155               1
      170038      200037   58.0728149      -4.60892534               1
      170038      220037   52.3081512      -4.80776978               1
      170038      240037   48.9897385      -4.68204021               1
      170038      250037   48.0372391      -4.65575695               1
      170038      260037   47.2638550      -4.61252451               1
      170038      270037   46.9095764      -4.60307980               1
      170038      280037   46.4810371      -4.58888721               1
      150036      180037   72.1422348      -5.18656063               1
      160035      180037   31.3329430      -2.84876013               1
      170036      180037   126.158493      -4.71690416               1
      170038      180037   110.000519      -4.27436781               1
      180037      190028   45.2508621      -3.52503085               1
      180037      190029   45.7482834      -3.50596905               1
      180037      190030   47.1833611      -3.58984733               1
      180037      190031   48.1425285      -3.59545922               1
      180037      190032   49.8589058      -3.67521334               1
      180037      190035   61.5978546      -3.29732513               1
      180037      190036   107.730423      -4.60715199               1
      180037      200036   80.1225891      -4.89455032               1
      180037      210036   74.4068909      -5.33471012               1
      180037      220036   70.3073120      -5.43774939               1
      180037      230036   66.8868561      -5.35954571               1
      180037      240036   65.6417847      -5.41552734               1
      180037      250035   18.2863026      -3.04720998               1
      180037      250036   64.4189224      -5.41680479               1
      180037      260036   63.4502411      -5.39570618               1
      180037      270036   63.0120239      -5.39495039               1
      170036      180039   73.5611954      -4.00550365               1
      170038      180039   92.8137894      -3.53448677               1
      180039      190028   44.6630821      -3.48775721               1
      180039      190029   45.0024338      -3.47372174               1
      180039      190030   45.8838501      -3.52275586               1
      180039      190031   46.4081879      -3.52324510               1
      180039      190032   47.2154007      -3.56014848               1
      180039      190033   48.2840195      -3.55519748               1
      180039      190036   55.1670074      -3.55364466               1
      180039      190037   59.5179863      -3.35976195               1
      180039      200038   46.8404160      -2.67933869               1
      180039      210038   41.1429253      -3.16808701               1
      180039      220038   37.0784454      -3.12709236               1
      180039      230038   33.7302017      -2.74853897               1
      180039      250037   16.4953690      -3.29855585               1
      180039      250038   31.3991470      -2.67284608               1
      180039      260037   15.6271496      -3.10809302               1
      180039      260038   30.5309315      -2.55756474               1
      180039      270037   15.2605562      -3.05113363               1
      180039      270038   30.1643372      -2.52205753               1
      180039      280037   14.8549061      -2.97492886               1
      180039      280038   29.7586880      -2.47680569               1
      180039      290038   29.4193325      -2.48661423               1
      180037      190038   91.5733032      -4.05640602               1
      180039      190038   74.4217606      -3.08351278               1
      190038      200036   65.5214081      -2.19664955               1
      190038      200037   86.9224777      -2.52548599               1
      190038      210037   67.5379944      -4.14866304               1
      190038      220037   58.5063972      -4.57116175               1
      190038      250037   49.0437622      -4.61782551               1
      190038      260037   47.8563309      -4.58450031               1
      190038      270037   47.3719368      -4.58024216               1
      190038      280037   46.8423424      -4.56869364               1
      180039      190040   86.8169556      -3.97761059               1
      190040      200038   57.4168472      -1.21104467               1
      190040      210039   62.8170853      -4.04652119               1
      190040      220039   53.8094292      -4.48966408               1
      190040      230039   47.8907623      -4.38440275               1
      190040      240039   46.0675507      -4.51512766               1
      190040      250039   44.4861298      -4.52867365               1
      190040      260039   43.3640137      -4.49330902               1
      190040      270039   42.9251900      -4.48848677               1
      190040      280039   42.4743919      -4.47689581               1
      190040      290039   42.1206284      -4.50156832               1
      190040      300039   41.2455559      -4.46842813               1
      170038      200039   40.8860893      -3.06998563               1
      190038      200039   69.7645493      -1.11064875               1
      190040      200039   82.1890182      -2.35407281               1
      200039      210030   64.7783890      -4.88332701               1
      200039      210031   65.3813477      -4.87121010               1
      200039      210032   66.2700729      -4.88281631               1
      200039      210033   67.4075699      -4.85830069               1
      200039      210034   68.1152725      -4.81812954               1
      200039      210035   69.3479080      -4.72611284               1
      200039      210036   74.3731918      -4.73481560               1
      200039      210037   78.7399673      -4.52240419               1
      200039      210038   93.6642456      -4.11798620               1
      200039      220032   28.9939842      -5.98268223               1
      200039      220038   56.3881226      -4.17792130               1
      200039      230038   40.2270508      -2.95360017               1
      200039      250037   18.5522499      -3.55277872               1
      200039      250038   33.4765587      -2.85352826               1
      200039      260038   31.6514053      -2.64215517               1
      200039      270038   31.0072746      -2.58344746               1
      200039      280038   30.4014130      -2.51749182               1
      200039      290038   29.9540367      -2.53036571               1
      180039      210040   53.5381508      -4.59836721               1
      200039      210040   106.089211      -4.72905302               1
      210040      220031   57.9815216      -5.42343807               1
      210040      220032   58.8150635      -5.43232346               1
      210040      220033   59.8265305      -5.40721941               1
      210040      220034   60.4150162      -5.37048435               1
      210040      220035   61.3518143      -5.29400730               1
      210040      220036   64.8299866      -5.31747866               1
      210040      220037   67.4494171      -5.18808270               1
      210040      220038   74.2560272      -5.04185772               1
      210040      220039   99.0517044      -5.03253889               1
      210040      230039   59.0110321      -4.19155836               1
      210040      240039   51.8760834      -4.54276991               1
      210040      250038   22.5977211      -4.12118149               1
      210040      250039   47.3933907      -4.58339310               1
      210040      260038   20.0113468      -3.89030457               1
      210040      260039   44.8070145      -4.50696087               1
      210040      270038   19.1779289      -3.83871365               1
      210040      270039   43.9735947      -4.49614811               1
      210040      280038   18.4605789      -3.76714110               1
      210040      280039   43.2562447      -4.47650576               1
      210040      290038   17.9701157      -3.82690239               1
      210040      290039   42.7657814      -4.50975275               1
      210040      300039   41.6639671      -4.46961308               1
