         792
       10020       20011   51.4681511      -5.20009756               1
       10020       20012   52.0423241      -5.22396803               1
       10020       20013   52.6712074      -5.22369337               1
       10020       20014   53.2362251      -5.19716120               1
       10020       20015   54.3901329      -5.16281557               1
       10020       20016   55.5155792      -5.09838295               1
       10020       20017   60.3139648      -4.96969461               1
       10020       20018   66.5518112      -4.44016266               1
       10020       20019   91.9042587      -2.07660151               1
       10020       30012   22.0703964      -5.43183661               1
       10020       30013   22.6992817      -5.42544031               1
       10020       30014   23.2642975      -5.35982609               1
       10020       30015   24.4182053      -5.27563620               1
       10020       30016   25.5436516      -5.13062954               1
       10020       30017   30.3420391      -4.86972332               1
       10020       30018   36.5798950      -3.92336464               1
       10020       30019   61.9325294     -0.627527595               1
       10022       20011   51.1964874      -5.21284771               1
       10022       20012   51.6698875      -5.23744678               1
       10022       20013   52.1573677      -5.24421597               1
       10022       20014   52.5503387      -5.23333788               1
       10022       20015   53.2358360      -5.23158741               1
       10022       20016   53.7778702      -5.21964455               1
       10022       20017   55.6216164      -5.25727940               1
       10022       20018   57.3677711      -5.19188690               1
       10022       20019   60.8243561      -4.91767693               1
       10022       20020   76.2969666      -5.46891451               1
       10022       30012   21.7052574      -5.46609068               1
       10022       30013   22.1927357      -5.47697735               1
       10022       30014   22.5857048      -5.44761705               1
       10022       30015   23.2712040      -5.43730116               1
       10022       30016   23.8132381      -5.40564775               1
       10022       30017   25.6569862      -5.47387028               1
       10022       30018   27.4031391      -5.32317066               1
       10022       30019   30.8597240      -4.76799917               1
       10022       30020   46.3323402      -5.72572517               1
       10022       30021   77.2572708      -5.23597383               1
       10022       40021   64.6119919      -5.03577662               1
       10022       50021   61.9108963      -5.18912935               1
       10022       60021   59.8227997      -5.15548325               1
       10022       70021   58.6065865      -5.17300606               1
       10022       80021   57.8185158      -5.16570616               1
       10022       90021   57.3343811      -5.18227720               1
       10022      100021   56.3699417      -5.15645409               1
       10022      110021   56.0254173      -5.16931343               1
       10022      120021   55.5520134      -5.14606237               1
       10020       20021   114.835732      -5.50310421               1
       10022       20021   107.221901      -5.19010019               1
       20021       30012   50.9157219      -4.04101896               1
       20021       30013   51.4960785      -4.05963564               1
       20021       30014   51.9749298      -4.05471420               1
       20021       30015   52.8504753      -4.06705618               1
       20021       30016   53.5964890      -4.06169891               1
       20021       30017   56.3646011      -4.14644432               1
       20021       30018   59.3202362      -4.05315924               1
       20021       30019   66.8224945      -3.51561737               1
       20021       30020   114.045624      -4.96744442               1
       20021       40020   78.0552826      -5.18053961               1
       20021       50020   72.3485031      -5.58247757               1
       20021       60020   68.7789001      -5.62182283               1
       20021       70020   66.9881058      -5.68239117               1
       20021       80020   65.9128799      -5.69296074               1
       20021       90020   65.2843094      -5.72177410               1
       20021      100020   64.1019516      -5.71181440               1
       20021      110020   63.6907845      -5.73126793               1
       10020       20023   61.1036987      -5.08756065               1
       10022       20023   87.1899567      -3.88591886               1
       20023       30012   50.5229950      -4.02229261               1
       20023       30013   50.9715614      -4.03624296               1
       20023       30014   51.3042793      -4.03213882               1
       20023       30015   51.8258400      -4.03837919               1
       20023       30016   52.1900253      -4.03455877               1
       20023       30017   53.2879219      -4.07154512               1
       20023       30018   54.1973534      -4.04701996               1
       20023       30019   55.6195869      -3.93619847               1
       20023       30020   60.3342438      -4.06945753               1
       20023       30021   66.4520798      -3.80593610               1
       10020       30022   46.3224068      -5.72760582               1
       20021       30022   106.436340      -4.61400986               1
       20023       30022   86.4263916      -3.16488051               1
       30022       40020   58.7786026      -3.55078483               1
       30022       40021   89.7112656      -3.87841702               1
       30022       50014   16.3463497      -4.05326986               1
       30022       50015   17.0758514      -4.09139872               1
       30022       50016   17.6363277      -4.08694124               1
       30022       50020   40.2327957      -5.19170952               1
       30022       50021   71.1654663      -4.89148140               1
       30022       60021   63.5633659      -4.99089479               1
       30022       70021   60.6172867      -5.10303450               1
       30022       80021   59.0668182      -5.11624289               1
       30022       90020   27.3025761      -5.89530230               1
       30022       90021   58.2352371      -5.15468740               1
       30022      100020   25.9098587      -5.89361811               1
       30022      100021   56.8425179      -5.13577366               1
       30022      110020   25.4644775      -5.95606995               1
       30022      110021   56.3971367      -5.15798712               1
       30022      120021   55.8214531      -5.13428926               1
       10022       30024   37.6635818      -5.03207970               1
       20021       30024   59.9204597      -4.17383051               1
       20023       30024   122.325821      -5.08180857               1
       30024       50023   87.0949631      -5.49732208               1
       30024       60023   79.5129852      -5.63505554               1
       30024       70023   76.5929031      -5.74816227               1
       30024       80023   75.0692978      -5.77164793               1
       30024       90023   74.2628708      -5.80798674               1
       30024      100023   72.9595184      -5.80695677               1
       30024      110023   72.5617905      -5.82689857               1
       30024      120023   72.0698166      -5.81594849               1
       30024      130023   71.6110611      -5.81674623               1
       30024      140023   71.2886429      -5.82667303               1
       30024       40023   105.630424      -4.53093910               1
       40023       50014   76.6151428      -6.29571772               1
       40023       50015   77.2212601      -6.28318548               1
       40023       50016   77.6192169      -6.26884937               1
       40023       50017   78.7743225      -6.26261997               1
       40023       50018   79.7121658      -6.22006416               1
       40023       50019   81.1556015      -6.10511923               1
       40023       50020   85.8953247      -6.08003187               1
       40023       50021   92.0254440      -5.75549126               1
       40023       50022   112.010193      -4.91311312               1
       40023       60015   23.1053753      -5.10097980               1
       40023       60016   23.5033283      -5.07365274               1
       40023       60020   31.7794552      -4.87456322               1
       20023       40025   40.7747612      -5.09320879               1
       30024       40025   91.3708878      -3.82861710               1
       40025       50014   76.2907333      -6.30404425               1
       40025       50015   76.7648392      -6.29628706               1
       40025       50016   77.0430450      -6.28805637               1
       40025       50017   77.7605896      -6.29242802               1
       40025       50018   78.2757187      -6.27776575               1
       40025       50019   78.9227371      -6.24282265               1
       40025       50020   80.5433502      -6.27660942               1
       40025       50021   82.0772629      -6.22559786               1
       40025       50022   85.0680771      -6.16788054               1
       40025       50023   102.374313      -6.31683540               1
       40025       60015   22.6624432      -5.12214565               1
       40025       60016   22.9406528      -5.10874224               1
       40025       60017   23.6581936      -5.15887928               1
       40025       60018   24.1733208      -5.13555765               1
       40025       60019   24.8203468      -5.05422211               1
       40025       60020   26.4409504      -5.22999287               1
       40025       60021   27.9748669      -5.13771534               1
       40025       60022   30.9656868      -5.08422852               1
       40025       60023   48.2719078      -5.78863621               1
       40025       60024   79.5962143      -5.05811691               1
       40025       70024   68.0112991      -5.14195395               1
       40025       80024   63.6943130      -5.06544304               1
       40025       90024   61.8387833      -5.09670973               1
       40025      100023   28.2232132      -6.26128054               1
       40025      100024   59.5475082      -5.03617764               1
       40025      110024   58.9668961      -5.06289053               1
       40025      120024   58.3213196      -5.03354836               1
       40025      130024   57.7652473      -5.02477694               1
       40025      140024   57.4078789      -5.03275776               1
       40025      150024   56.9337692      -5.03262997               1
       20023       50024   80.6593399      -5.69268417               1
       40023       50024   147.938004      -6.07397652               1
       40025       50024   133.698578      -5.75817585               1
       30024       50026   34.0619850      -4.36928606               1
       40023       50026   87.4046326      -6.23050404               1
       40025       50026   116.612167      -6.23355246               1
       50026       60015   45.3979263      -3.25590658               1
       50026       60016   45.6496353      -3.25713563               1
       50026       60017   46.2502861      -3.29642701               1
       50026       60018   46.6525383      -3.29983330               1
       50026       60019   47.1082344      -3.28577113               1
       50026       60020   48.1020889      -3.37279797               1
       50026       60021   48.9263687      -3.36535430               1
       50026       60022   50.2761307      -3.39260817               1
       50026       60023   56.3238525      -3.73878264               1
       50026       60024   63.8473015      -3.67662692               1
       50026       70024   35.6553993      -4.61072493               1
       50026      120024   19.9111176      -4.70155430               1
       50026      150024   18.4493847      -4.71188259               1
       30024       60025   65.2533875      -4.89290953               1
       40023       60025   48.2512703      -5.78948545               1
       50026       60025   85.5314636      -4.59400797               1
       60025       70016   55.1466866      -6.32376289               1
       60025       70017   55.9435120      -6.32897282               1
       60025       70018   56.4962311      -6.30660248               1
       60025       70019   57.1701508      -6.25637341               1
       60025       70020   58.8209724      -6.30279493               1
       60025       70021   60.3692856      -6.23164368               1
       60025       70022   63.3720894      -6.15360069               1
       60025       70023   80.6986465      -6.34574413               1
       60025       70024   112.033188      -5.67057323               1
       60025       80017   21.7732964      -5.66388083               1
       60025       80018   22.3260155      -5.62373781               1
       60025       80019   22.9999390      -5.51889372               1
       60025       80020   24.6507568      -5.67905140               1
       60025       80021   26.1990738      -5.55196238               1
       60025       80022   29.2018795      -5.45248938               1
       60025       80023   46.5284309      -6.04682589               1
       60025       80024   77.8629913      -5.19565010               1
       60025       90018   13.2028627      -6.11735821               1
       60025       90019   13.8767843      -5.91961241               1
       60025       90020   15.5276041      -6.13126755               1
       60025       90021   17.0759201      -5.89527512               1
       60025       90022   20.0787239      -5.69926167               1
       60025       90023   37.4052811      -6.32424927               1
       60025       90024   68.7398376      -5.23364401               1
       60025      100023   30.3678398      -6.15288019               1
       60025      100024   61.7024078      -5.02491379               1
       60025      110023   29.0853348      -6.33722496               1
       60025      110024   60.4198952      -5.08971167               1
       60025      120023   27.9069233      -6.27740860               1
       60025      120024   59.2414894      -5.03671885               1
       60025      130023   27.0084476      -6.28357458               1
       60025      130024   58.3430138      -5.02046680               1
       60025      140023   26.4931374      -6.33127499               1
       60025      140024   57.8277016      -5.03106451               1
       60025      150024   57.2153397      -5.03095007               1
       50026       60027   89.8649063      -4.55677271               1
       60027       70016   54.8277550      -6.32119656               1
       60027       70017   55.4227257      -6.32068729               1
       60027       70018   55.7997093      -6.30292940               1
       60027       70019   56.1976433      -6.27187443               1
       60027       70020   56.9911232      -6.28668261               1
       60027       70021   57.6001015      -6.24758911               1
       60027       70022   58.5039940      -6.21626377               1
       60027       70023   62.0135994      -6.21668243               1
       60027       70024   65.6732254      -6.00964260               1
       60027       70025   73.5092468      -6.07637644               1
       60027       80024   31.5153732      -5.20431185               1
       60027       80026   65.1634293      -5.80949783               1
       60027       90026   56.0514526      -5.95570755               1
       60027      100026   49.0515442      -5.79880762               1
       60027      110026   47.7879601      -5.90134621               1
       60027      120026   46.6412811      -5.85701895               1
       60027      130026   45.7812042      -5.85373640               1
       60027      140026   45.3023911      -5.87629795               1
       60027      150026   44.7621765      -5.88891697               1
       60027      160026   44.4935379      -5.90302849               1
       60027      170026   43.8985672      -5.89800406               1
       60025       70026   94.9667740      -6.23880386               1
       60027       70026   99.3212891      -6.13386726               1
       70026       80017   66.8805695      -4.43054008               1
       70026       80018   67.3462677      -4.42552710               1
       70026       80019   67.8462296      -4.40723610               1
       70026       80020   68.8883743      -4.45399380               1
       70026       80021   69.7352676      -4.43512201               1
       70026       80022   71.1035461      -4.43424368               1
       70026       80023   77.1820908      -4.60625792               1
       70026       80024   84.7209091      -4.48198748               1
       70026       80025   106.420326      -5.05556011               1
       70026       90018   28.4489365      -5.38285923               1
       70026       90019   28.9489040      -5.32345772               1
       70026       90020   29.9910450      -5.39902163               1
       70026       90021   30.8379383      -5.33039284               1
       70026       90022   32.2062187      -5.29041862               1
       70026       90023   38.2847672      -5.50126219               1
       70026       90024   45.8235817      -5.12426090               1
       70026       90025   67.5230331      -5.82184219               1
       70026      100024   26.4137135      -4.48381424               1
       70026      110024   23.7576408      -4.91549587               1
       70026      120024   21.7277718      -4.72388458               1
       70026      130024   20.3543415      -4.66527081               1
       70026      140024   19.6535320      -4.70956898               1
       70026      150024   18.9227066      -4.71260262               1
       60025       70028   65.1783066      -6.03304720               1
       60027       70028   89.6395645      -5.47066355               1
       70028       80017   66.5688477      -4.41925907               1
       70028       80018   66.9393234      -4.41401339               1
       70028       80019   67.3011093      -4.40013742               1
       70028       80020   67.9554901      -4.42552137               1
       70028       80021   68.4201279      -4.40972376               1
       70028       80022   69.0485611      -4.40500498               1
       70028       80023   71.1920547      -4.44215345               1
       70028       80024   73.1463394      -4.36533403               1
       70028       80025   76.6466675      -4.42114973               1
       70028       80026   84.6458740      -4.46947765               1
       70028       90018   28.0498600      -5.36884737               1
       70028       90020   29.0660267      -5.36237097               1
       70028       90021   29.5306664      -5.31102896               1
       70028       90023   32.3025894      -5.30515957               1
       70028       90024   34.2568741      -5.09189892               1
       70028       90027   62.2189751      -4.67912102               1
       70028      100027   42.8350677      -4.08461952               1
       70028      110027   40.1918526      -4.31367683               1
       70028      120027   38.1832619      -4.17532396               1
       70028      130027   36.8351288      -4.12444305               1
       70028      140027   36.1577187      -4.13853788               1
       70028      150027   35.4715347      -4.13102674               1
       70028      160027   35.1632233      -4.13910055               1
       70028      170027   34.5395966      -4.10603571               1
       70028      180027   34.1691246      -4.11291599               1
       50026       80027   53.6464806      -5.62035275               1
       70026       80027   110.775734      -5.00776100               1
       70028       80027   101.108444      -4.31225872               1
       80027       90018   70.8265533      -5.11792946               1
       80027       90019   71.2797852      -5.09782171               1
       80027       90020   72.1318512      -5.12379551               1
       80027       90021   72.7678146      -5.10105658               1
       80027       90022   73.6934509      -5.09002161               1
       80027       90023   77.2385559      -5.14207220               1
       80027       90024   80.9157181      -5.02189541               1
       80027       90025   88.7689285      -5.16459799               1
       80027       90026   114.597122      -5.42005444               1
       80027      100026   58.5262566      -5.23222113               1
       80027      110026   52.9645729      -5.80734634               1
       80027      120026   49.4509659      -5.76133204               1
       80027      130026   47.3202095      -5.78100300               1
       80027      140026   46.3322945      -5.83518457               1
       80027      150026   45.4020233      -5.86333847               1
       80027      160026   45.0053902      -5.88694763               1
       80027      170026   44.2288132      -5.88471413               1
       70026       80029   78.8607407      -4.60591125               1
       70028       80029   114.806618      -4.99273682               1
       80029       90018   70.5337524      -5.11838579               1
       80029       90019   70.8958282      -5.10335112               1
       80029       90020   71.5076141      -5.12291718               1
       80029       90021   71.9213486      -5.10768175               1
       80029       90022   72.4517288      -5.10356474               1
       80029       90023   74.1383362      -5.13358164               1
       80029       90024   75.5795059      -5.08173847               1
       80029       90025   77.9675674      -5.12951422               1
       80029       90026   82.6920319      -5.19552851               1
       80029       90027   89.8399277      -5.18535423               1
       80029      100028   62.5909233      -5.18993235               1
       80029      110028   57.0394783      -5.71952629               1
       80029      120028   53.5426636      -5.67186546               1
       80029      130028   51.4316521      -5.68621683               1
       80029      140028   50.4616928      -5.73331022               1
       80029      150028   49.5649300      -5.75655460               1
       80029      160028   49.1943817      -5.77625084               1
       80029      170028   48.4995193      -5.77328110               1
       80029      180028   48.1071587      -5.79091978               1
       80029      190028   47.7450829      -5.81834507               1
       60027       90028   46.3697624      -4.63643742               1
       80027       90028   104.932930      -4.78778219               1
       80029       90028   118.640900      -5.39108849               1
       90028      100020   31.0251122      -1.15509272               1
       90028      100027   64.3206940      -2.66792250               1
       90028      110027   49.0129433      -4.14149094               1
       90028      120027   42.3051453      -4.03050184               1
       90028      130027   38.8419991      -4.02263784               1
       90028      140027   37.4093666      -4.09013128               1
       90028      150027   36.1986542      -4.10479259               1
       90028      160027   35.7306824      -4.12631226               1
       90028      170027   34.8952942      -4.09510803               1
       90028      180027   34.4336090      -4.10794878               1
       80027       90030   79.4241333      -5.00461721               1
       80029       90030   102.839561      -3.99025536               1
       70028      100029   56.5332527      -5.52167845               1
       90028      100029   78.0323792      -3.95793915               1
      100029      110020   77.8087769      -7.67769575               1
      100029      110021   78.2895432      -7.64534616               1
      100029      110022   78.8708496      -7.62305737               1
      100029      110023   80.6350708      -7.59766102               1
      100029      110024   82.1129761      -7.50450706               1
      100029      110026   89.2926941      -7.41697359               1
      100029      110027   96.4568634      -7.24283028               1
      100029      110028   125.275002      -6.96465588               1
      100029      120028   76.0822830      -6.00402164               1
      100029      130028   59.8912735      -5.65965700               1
      100029      140028   54.9304810      -5.73136473               1
      100029      150028   51.7576141      -5.73904896               1
      100029      160028   50.7939987      -5.77695656               1
      100029      170028   49.4203987      -5.76371288               1
      100029      180028   48.7601624      -5.78885269               1
      100029      190028   48.2334862      -5.82313919               1
       90030      100031   91.1460495      -4.11589003               1
      100031      110020   77.3128662      -7.68800831               1
      100031      110021   77.6507111      -7.66349173               1
      100031      110022   78.0112228      -7.64919662               1
      100031      110023   78.9252701      -7.63359070               1
      100031      110024   79.5805054      -7.58740711               1
      100031      110025   80.4942932      -7.57286119               1
      100031      110026   81.8913956      -7.54693460               1
      100031      110027   83.3237839      -7.49524546               1
      100031      110028   86.7191086      -7.39576101               1
      100031      110029   92.4196320      -6.98395109               1
      100031      120021   28.4766293      -6.30477285               1
      100031      120024   30.4064312      -6.19187546               1
      100031      120030   89.2520599      -5.86543989               1
      100031      130030   73.0825729      -5.55273151               1
      100031      140030   68.1407089      -5.60242987               1
      100031      150030   65.0017242      -5.60231590               1
      100031      160030   64.0632172      -5.62995386               1
      100031      170030   62.7645454      -5.61818552               1
      100031      180030   62.1616821      -5.63516903               1
      100031      190030   61.7080917      -5.65658903               1
      100031      200030   61.1132812      -5.63965130               1
      100031      210030   60.7754326      -5.65958834               1
      100029      110030   109.505180      -5.87598228               1
      100031      110030   138.426071      -6.78368616               1
      110030      120021   59.4602509      -5.72410297               1
      110030      120022   59.9022598      -5.71211910               1
      110030      120023   61.0657921      -5.71237803               1
      110030      120024   61.9366684      -5.65155602               1
      110030      120025   63.2137489      -5.64875650               1
      110030      120026   65.3337555      -5.62774324               1
      110030      120027   67.8085327      -5.54161549               1
      110030      120028   74.7635727      -5.35591936               1
      110030      120029   91.2597733      -4.26098537               1
      110030      130029   51.9927788      -2.64841413               1
      110030      140029   42.5518608      -2.31276751               1
      100029      110032   86.1539917      -7.27391338               1
      100031      110032   125.661713      -6.41167068               1
      110032      120021   59.1374092      -5.73589897               1
      110032      120022   59.4769440      -5.72873640               1
      110032      120023   60.2707100      -5.73548841               1
      110032      120024   60.8060265      -5.70182991               1
      110032      120025   61.5115433      -5.70800495               1
      110032      120026   62.5070419      -5.71409750               1
      110032      120027   63.4190598      -5.69784117               1
      110032      120028   65.3179932      -5.67474127               1
      110032      120029   67.9252090      -5.47883558               1
      110032      120030   83.7820435      -5.64028692               1
      110032      130031   68.1721497      -4.40117979               1
       90030      120031   69.1612854      -5.41142607               1
      110030      120031   120.175423      -5.69512701               1
      110032      120031   107.426704      -5.13033772               1
      120031      130022   50.2335625      -5.26059866               1
      120031      130023   51.2383804      -5.28328562               1
      120031      130024   51.9347000      -5.24032640               1
      120031      130025   52.8865776      -5.26037216               1
      120031      130026   54.3176193      -5.28264666               1
      120031      130027   55.7667961      -5.26423359               1
      120031      130028   59.1794090      -5.24713898               1
      120031      130029   64.8896713      -4.84905386               1
      120031      130030   110.917198      -5.48529577               1
      120031      140023   21.5517178      -5.52295351               1
      120031      140024   22.2480373      -5.41517019               1
      120031      140030   81.2305374      -5.62271023               1
      120031      150030   69.5518112      -5.57494593               1
      120031      160030   66.9475403      -5.63876629               1
      120031      170030   64.1825943      -5.61032391               1
      120031      180030   63.0814438      -5.63708878               1
      120031      190030   62.3560982      -5.66561031               1
      120031      200030   61.5363541      -5.63963175               1
      120031      210030   61.1083298      -5.66475010               1
      110030      120033   70.4254761      -5.59048414               1
      110032      120033   98.7385101      -5.07714033               1
      120033      130022   49.8701439      -5.26408052               1
      120033      130023   50.5870667      -5.28121185               1
      120033      130024   51.0350571      -5.25241756               1
      120033      130025   51.5872612      -5.26381826               1
      120033      130026   52.2990799      -5.27687788               1
      120033      130027   52.8764191      -5.26988697               1
      120033      130028   53.9287758      -5.25894642               1
      120033      130029   55.1402245      -5.14557505               1
      120033      130030   61.1911354      -5.19466257               1
      120033      130031   67.6507874      -4.90780973               1
      120033      140031   37.9748459      -4.75000620               1
      120033      140032   59.8310318      -4.57735920               1
      120033      150032   48.1709595      -4.25519466               1
      120033      160032   45.5800209      -4.27349854               1
      120033      170031   20.9974213      -4.00722694               1
      120033      170032   42.8536110      -4.14501429               1
      120033      180032   41.7809868      -4.14664650               1
      120033      190032   41.0901718      -4.16173458               1
      120033      200032   40.3464241      -4.09787369               1
      120033      210032   39.9774590      -4.11778736               1
      120033      220031   17.7806549      -3.90856218               1
      120033      220032   39.6368446      -4.11193657               1
      120033      230032   38.9199219      -4.06844664               1
      120031      130032   98.1707840      -4.84024191               1
      120033      130032   89.5069733      -4.75387049               1
      130032      140023   52.1267776      -5.09989452               1
      130032      140024   52.7208290      -5.06542873               1
      130032      140025   53.4799423      -5.08367634               1
      130032      140026   54.5225220      -5.10513210               1
      130032      140027   55.4575272      -5.09771109               1
      130032      140028   57.3798485      -5.09248495               1
      130032      140029   60.0000343      -4.89568090               1
      130032      140030   75.8848724      -5.19723606               1
      130032      140031   99.5419617      -4.75204372               1
      130032      150031   63.7411690      -4.42003250               1
      120031      130034   59.4509964      -5.04116583               1
      120033      130034   96.0858765      -4.19559765               1
      130034      140023   51.6519241      -5.10101223               1
      130034      140024   52.0767365      -5.07677317               1
      130034      140025   52.5737534      -5.09018230               1
      130034      140026   53.1723976      -5.10631752               1
      130034      140027   53.6153488      -5.10521078               1
      130034      140028   54.3429947      -5.10261917               1
      130034      140029   55.0715179      -5.03634691               1
      130034      140030   58.1769257      -5.05304146               1
      130034      140031   60.8416786      -4.89181900               1
      130034      140032   66.9807510      -4.74468374               1
      130034      150024   16.2913208      -4.49087477               1
      130034      150032   31.1953487      -4.05775356               1
      130034      150033   61.6902199      -3.40155983               1
      130034      160033   55.8537102      -3.39954901               1
      130034      170033   50.9883118      -3.17130876               1
      130034      180033   49.2960663      -3.15134788               1
      130034      190033   48.3090172      -3.15004110               1
      130034      200033   47.3612137      -3.06150484               1
      130034      210033   46.9233894      -3.07344651               1
      130034      220033   46.5473175      -3.05887842               1
      130034      230033   45.8237228      -3.00249314               1
      130034      240033   45.3989105      -3.01066113               1
      110032      140033   50.0539398      -4.21456146               1
      130032      140033   90.8773193      -4.65864754               1
      130034      140033   97.4755936      -4.11448956               1
      140033      150024   36.1037941      -3.26560545               1
      140033      150025   36.7149429      -3.31556582               1
      140033      150026   37.4775047      -3.37533092               1
      140033      150027   38.0791702      -3.39609838               1
      140033      150028   39.1558800      -3.43308663               1
      140033      150029   40.3806534      -3.33247352               1
      140033      150030   46.4599152      -3.63542962               1
      140033      150031   52.9320641      -3.45883822               1
      140033      150032   74.7993011      -3.69829059               1
      140033      160030   28.3547134      -4.45615530               1
      140033      160031   34.8268547      -4.03523874               1
      140033      160032   56.6940956      -4.12883902               1
      140033      170031   24.8823700      -3.82184577               1
      140033      170032   46.7496109      -4.03517151               1
      140033      180031   22.0020885      -3.96419096               1
      140033      180032   43.8693275      -4.12056923               1
      140033      190031   20.5140381      -4.06582832               1
      140033      190032   42.3812790      -4.17525578               1
      140033      200031   19.2377319      -3.87056899               1
      140033      200032   41.1049728      -4.08726931               1
      140033      210031   18.6783733      -3.95017076               1
      140033      210032   40.5456123      -4.12692928               1
      140033      220031   18.2150574      -3.93631220               1
      140033      220032   40.0822983      -4.12267447               1
      140033      230032   39.2096558      -4.07308245               1
      130032      140035   61.0259857      -4.96633720               1
      130034      140035   91.8711853      -4.18943310               1
      140035      150024   35.7632332      -3.26856589               1
      140035      150025   36.2446785      -3.31326842               1
      140035      150026   36.7983284      -3.36646080               1
      140035      150027   37.1842957      -3.38823390               1
      140035      150028   37.7775459      -3.42097211               1
      140035      150029   38.3218079      -3.38257527               1
      140035      150030   40.4181557      -3.51677895               1
      140035      150031   42.0013962      -3.45383382               1
      140035      150032   44.9587364      -3.47715569               1
      140035      150033   54.9824905      -3.37113857               1
      140035      160034   57.7047882      -3.39007187               1
      140035      170034   47.7790260      -3.14523983               1
      140035      180034   44.9122963      -3.17127061               1
      140035      190034   43.4401093      -3.19102001               1
      140035      200034   42.1971664      -3.07757497               1
      140035      210034   41.6626930      -3.10136032               1
      140035      220034   41.2330742      -3.08549428               1
      140035      230034   40.4677200      -3.01933479               1
      140035      240034   40.0401421      -3.02852798               1
      140035      250034   39.5586967      -2.98464894               1
      120033      150034   54.7498932      -3.33534908               1
      140033      150034   81.3978271      -3.12476015               1
      140035      150034   75.8033752      -3.14177537               1
      150034      160025   60.3699760      -4.43445683               1
      150034      160026   61.0429497      -4.45737553               1
      150034      160027   61.5203705      -4.46179914               1
      150034      160028   62.2815247      -4.46781778               1
      150034      160029   63.0279198      -4.41638422               1
      150034      160030   66.1704559      -4.46137428               1
      150034      160031   68.8513184      -4.34128428               1
      150034      160032   75.0044632      -4.25507355               1
      150034      160033   105.514763      -3.81442761               1
      150034      170026   18.1828194      -3.62152457               1
      150034      170027   18.6602402      -3.65749335               1
      150034      170028   19.4213924      -3.70831609               1
      150034      170029   20.1677914      -3.57568598               1
      150034      170030   23.3103218      -3.81673574               1
      150034      170031   25.9911880      -3.56510472               1
      150034      170032   32.1443367      -3.51252246               1
      150034      170033   62.6546631      -3.13203692               1
      150034      180032   23.7659988      -3.79926705               1
      150034      180033   54.2763214      -3.19886065               1
      150034      190033   50.9265404      -3.22867465               1
      150034      200033   48.7043343      -3.06122899               1
      150034      210033   47.8616219      -3.10205889               1
      150034      220033   47.2503929      -3.08568692               1
      150034      230033   46.2613335      -3.01548147               1
      150034      240033   45.7314758      -3.02842355               1
      140033      150036   45.2662659      -3.32478619               1
      140035      150036   69.6702728      -2.47423196               1
      150036      160025   59.9837608      -4.43686581               1
      150036      160026   60.5077477      -4.45843077               1
      150036      160027   60.8447990      -4.46503258               1
      150036      160028   61.3214340      -4.47413588               1
      150036      160029   61.7180138      -4.45085144               1
      150036      160030   63.0935974      -4.48476315               1
      150036      160031   64.0232315      -4.44412470               1
      150036      160032   65.4999542      -4.42494106               1
      150036      160033   69.3985291      -4.30366325               1
      150036      160034   75.0572052      -4.07550287               1
      150036      170026   17.6662445      -3.60200787               1
      150036      170027   18.0032940      -3.64035296               1
      150036      170028   18.4799271      -3.69183135               1
      150036      170029   18.8765087      -3.63213611               1
      150036      170031   21.1817284      -3.70090556               1
      150036      170032   22.6584473      -3.69388843               1
      150036      170035   50.9669266      -2.24612260               1
      150036      180035   42.6018524      -2.15724444               1
      150036      190035   39.2672310      -2.10661936               1
      150036      200035   37.0759010      -1.82304978               1
      150036      210035   36.2555809      -1.84803700               1
      150036      220035   35.6736794      -1.80624628               1
      150036      230035   34.7736053      -1.68530774               1
      150036      240035   34.3125877      -1.68076682               1
      150036      250035   33.8246880      -1.61047328               1
      150036      260035   33.3007088      -1.52681684               1
      130034      160035   50.2492981      -3.45683050               1
      150034      160035   99.9253998      -3.86634326               1
      150036      160035   93.8083649      -3.41774845               1
      160035      170026   39.5943909      -2.91258240               1
      160035      170027   40.0215988      -2.94009185               1
      160035      170028   40.6539955      -2.97988915               1
      160035      170029   41.2187271      -2.94925189               1
      160035      170030   43.3567657      -3.09882951               1
      160035      170031   44.9578896      -3.05440593               1
      160035      170032   47.9306870      -3.10156775               1
      160035      170033   57.9712219      -3.06637311               1
      160035      170034   78.8018265      -2.92631173               1
      160035      180034   54.8089104      -3.21563482               1
      160035      190034   47.8117447      -3.31843448               1
      160035      200034   44.1668739      -3.05431104               1
      160035      210034   42.9452171      -3.13841486               1
      160035      220034   42.1511917      -3.12178326               1
      160035      230034   41.0136795      -3.03545308               1
      160035      240034   40.4476929      -3.05231786               1
      160035      250034   39.8524818      -3.00235057               1
      150034      160037   69.0232162      -4.40238810               1
      150036      160037   120.982277      -5.09634447               1
      160037      170026   39.1541901      -2.89323950               1
      160037      170027   39.4746017      -2.91829967               1
      160037      170028   39.9034996      -2.95235562               1
      160037      170029   40.2386742      -2.93990684               1
      160037      170030   41.3252144      -3.04018760               1
      160037      170031   42.0111084      -3.03199792               1
      160037      170032   42.9980507      -3.07148004               1
      160037      170033   45.2358780      -3.10302615               1
      160037      170034   47.9251862      -3.09312963               1
      160037      170035   54.0708923      -3.05186152               1
      160037      180035   30.0905991      -3.67901540               1
      160037      180036   75.9048004      -5.35731030               1
      160037      190036   68.9219208      -5.64521694               1
      160037      200036   65.3055573      -5.59693861               1
      160037      210036   64.1043167      -5.70055246               1
      160037      220036   63.3365479      -5.72084427               1
      160037      230036   62.2766647      -5.71133518               1
      160037      240036   61.7693787      -5.74281025               1
      160037      250035   15.4421701      -3.59078884               1
      160037      250036   61.2563972      -5.73640490               1
      160037      260036   60.7309265      -5.72486496               1
      160037      270036   60.4105148      -5.72350788               1
      140035      170036   41.6459312      -2.02900386               1
      160035      170036   72.6853485      -2.26846433               1
      160037      170036   99.8850250      -4.61488962               1
      170036      180027   60.7043839      -4.53745890               1
      170036      180028   61.2524834      -4.54904747               1
      170036      180029   61.6850739      -4.52419901               1
      170036      180030   63.1313705      -4.56022263               1
      170036      180031   64.0907135      -4.51803780               1
      170036      180032   65.5926132      -4.49789953               1
      170036      180033   69.5179520      -4.37324381               1
      170036      180034   75.1919098      -4.14033318               1
      170036      180035   93.9529953      -3.47054648               1
      170036      190035   55.0461044      -3.21175361               1
      170036      200035   42.6665230      -1.98525488               1
      170036      210035   39.4123268      -2.12843132               1
      170036      220035   37.7269516      -2.02854776               1
      170036      240035   35.1014977      -1.79078805               1
      170036      250035   34.3717194      -1.69016707               1
      170036      260035   33.6644211      -1.57670856               1
      160035      170038   47.6386871      -3.05411148               1
      160037      170038   86.0220795      -3.93992496               1
      170038      180027   60.3698349      -4.54110909               1
      170038      180028   60.8048286      -4.55450773               1
      170038      180029   61.1177330      -4.54030418               1
      170038      180030   62.0534592      -4.57784748               1
      170038      180031   62.6054955      -4.56186867               1
      170038      180032   63.3313408      -4.56758165               1
      170038      180033   64.7736206      -4.55512047               1
      170038      180034   66.2719193      -4.52214289               1
      170038      180035   68.9264526      -4.45023012               1
      170038      180036   82.9709854      -4.80496168               1
      170038      190037   68.4107361      -5.12929249               1
      170038      200037   56.0505219      -4.61950254               1
      170038      220037   51.1421509      -4.90444899               1
      170038      240037   48.6045113      -4.88491917               1
      170038      250037   47.9261208      -4.86004257               1
      170038      260037   47.2914124      -4.82672882               1
      170038      270037   46.9379120      -4.81530142               1
      170038      280037   46.5029144      -4.80034637               1
      150036      180037   69.7757187      -5.55861616               1
      160035      180037   30.0583248      -3.67821860               1
      170036      180037   121.151352      -5.13530493               1
      170038      180037   107.307747      -4.66104460               1
      180037      190028   46.3315086      -4.46232319               1
      180037      190029   46.7153244      -4.43824530               1
      180037      190030   47.8955460      -4.49623537               1
      180037      190031   48.6203766      -4.46733999               1
      180037      190032   49.6400108      -4.47384119               1
      180037      190035   60.7792625      -4.20094013               1
      180037      190036   106.612747      -5.17182064               1
      180037      200036   75.9933395      -4.94914246               1
      180037      210036   69.4563522      -5.56090498               1
      180037      220036   66.5790558      -5.67180109               1
      180037      230036   63.9121819      -5.67220545               1
      180037      240036   62.9087372      -5.74227285               1
      180037      250035   16.1983242      -3.69770837               1
      180037      250036   62.0318298      -5.73816252               1
      180037      260036   61.2400436      -5.72299051               1
      180037      270036   60.8086014      -5.72083139               1
      170036      180039   69.9897766      -4.49653244               1
      170038      180039   91.1229019      -3.87193489               1
      180039      190028   45.9207268      -4.44958878               1
      180039      190029   46.2070580      -4.43232584               1
      180039      190030   46.9973488      -4.47367287               1
      180039      190031   47.4333038      -4.45614910               1
      180039      190032   47.9574432      -4.46096325               1
      180039      190033   48.8709297      -4.44775867               1
      180039      190036   55.4735909      -4.39903641               1
      180039      190037   60.9431038      -4.18310404               1
      180039      200038   46.0107803      -2.32691956               1
      180039      210038   39.4879723      -2.96909785               1
      180039      220038   36.6284676      -2.96810055               1
      180039      230038   34.0119934      -2.76262355               1
      180039      250037   16.5512714      -3.66015744               1
      180039      250038   32.2177963      -2.72615695               1
      180039      260037   15.8274899      -3.51148248               1
      180039      260038   31.4940166      -2.62997484               1
      180039      270037   15.4521179      -3.44841933               1
      180039      270038   31.1186466      -2.58802724               1
      180039      280037   15.0223827      -3.36850762               1
      180039      280038   30.6889133      -2.53686213               1
      180039      290038   30.4025803      -2.54508471               1
      180037      190038   92.7711792      -4.62891769               1
      180039      190038   76.6096039      -3.68337321               1
      190038      200036   63.0594902     -0.758308172               1
      190038      200037   87.4061279      -1.70832944               1
      190038      210037   63.0189362      -4.10367537               1
      190038      220037   56.1101608      -4.57680988               1
      190038      250037   48.7875290      -4.82519674               1
      190038      260037   47.8274803      -4.80207729               1
      190038      270037   47.3469582      -4.79518080               1
      190038      280037   46.8053017      -4.78328705               1
      180039      190040   93.0807266      -4.91331148               1
      190040      200038   56.7903938      0.228611708               1
      190040      210039   63.3636818      -4.52420855               1
      190040      220039   56.4691238      -5.04585361               1
      190040      230039   51.8234978      -5.18201971               1
      190040      240039   50.3762779      -5.34505653               1
      190040      250039   49.2524529      -5.36262369               1
      190040      260039   48.3435364      -5.35184669               1
      190040      270039   47.9040909      -5.35051680               1
      190040      280039   47.4318428      -5.34540224               1
      190040      290039   47.1350327      -5.36953545               1
      190040      300039   46.3606415      -5.34385443               1
      170038      200039   39.8657150      -2.79893208               1
      190038      200039   71.2420120      -2.86966581E-02           1
      190040      200039   87.7392960      -2.02131867               1
      200039      210030   64.0211105      -5.75525618               1
      200039      210031   64.5264511      -5.73084259               1
      200039      210032   65.1059723      -5.72430897               1
      200039      210033   66.0746841      -5.69694185               1
      200039      210034   66.9315643      -5.65781116               1
      200039      210035   68.1065674      -5.58657074               1
      200039      210036   72.7535706      -5.54528332               1
      200039      210037   78.2386398      -5.29650307               1
      200039      210038   93.9188080      -4.70313311               1
      200039      220032   26.4644661      -5.95268488               1
      200039      220038   55.2773247      -4.09861898               1
      200039      230038   39.8539467      -2.97425818               1
      200039      250037   18.4639225      -3.94257879               1
      200039      250038   34.1441536      -2.93219209               1
      200039      260038   32.5835075      -2.73845696               1
      200039      270038   31.9117527      -2.66252518               1
      200039      280038   31.2528572      -2.58332205               1
      200039      290038   30.8647079      -2.59248805               1
      180039      210040   55.9590797      -5.22518349               1
      200039      210040   110.415413      -5.58808470               1
      210040      220031   56.3856430      -5.19401264               1
      210040      220032   56.9249306      -5.19464922               1
      210040      220033   57.7622757      -5.18254137               1
      210040      220034   58.4546585      -5.15987873               1
      210040      220035   59.3056755      -5.11821032               1
      210040      220036   62.2692604      -5.15263700               1
      210040      220037   65.3054047      -5.05442619               1
      210040      220038   71.6437683      -4.89124155               1
      210040      220039   102.612465      -5.27115822               1
      210040      230039   62.3896408      -4.82557440               1
      210040      240039   55.7277946      -5.34656477               1
      210040      250038   21.1346703      -4.27133369               1
      210040      250039   52.1033592      -5.38799715               1
      210040      260038   18.8745232      -4.04951859               1
      210040      260039   49.8432083      -5.35463619               1
      210040      270038   17.9898472      -3.96534061               1
      210040      270039   48.9585304      -5.34728813               1
      210040      280038   17.1933270      -3.87121487               1
      210040      280039   48.1620102      -5.33654118               1
      210040      290038   16.7588463      -3.92904186               1
      210040      290039   47.7275314      -5.37018585               1
      210040      300039   46.7249146      -5.33673382               1
