          40
         492
         574
         662
         757
         858
         965
        1079
        1199
        1325
        1450
        1564
        1667
        1764
        1858
        1952
        2046
        2140
        2234
        2328
        2422
        2516
        2610
        2704
        2798
        2892
        2986
        3080
        3174
        3268
        3362
        3456
        3550
        3644
        3738
        3832
        3926
        4020
        4114
        4208
        4302
