          40
        1164
        1166
        1168
        1170
        1172
        1174
        1176
        1178
        1180
        1182
        1184
        1186
        1188
        1190
        1260
        1330
        1400
        1470
        1540
        1610
        1680
        1750
        1820
        1890
        1960
        2030
        2100
        2170
        2240
        2310
        2380
        2450
        2520
        2590
        2660
        2730
        2800
        2870
        2940
        3010
