220
10004 20007 46.646077 -7.720530
20007 10004 49.080292 -7.114575
10006 20007 106.268117 -8.474291
20007 10006 107.311185 -8.364695
10008 20007 118.010431 -7.448146
20007 10008 118.592908 -7.512291
10015 20007 59.648767 -7.483771
10004 60003 16.126003 -10.055212
30006 40001 12.024759 -15.101662
30006 10008 36.956953 -6.892199
10008 30006 37.323607 -6.992682
10015 30006 18.839770 -5.942987
30006 20007 101.617838 -8.990741
20007 30006 102.701490 -8.997143
40007 10006 38.743330 -9.661283
10006 40007 42.001410 -8.987025
40007 10008 62.964750 -7.806002
10008 40007 66.641253 -6.889249
10015 40007 11.290901 -5.707982
40007 10015 116.844069 -18.039913
40007 30006 81.482505 -8.842802
30006 40007 80.771235 -9.115218
10008 40009 67.047797 -7.325867
40009 10008 65.338011 -7.742665
10015 40009 15.820782 -5.860436
40009 10015 33.662125 16.092689
20007 40009 33.395197 -6.895789
40009 20007 32.882399 -6.944830
30006 40009 39.035175 -9.165385
40009 30006 43.895587 -7.540982
10004 100005 56.443439 -8.519249
50010 40001 58.981025 -7.785286
10006 100005 51.203602 -9.322005
50010 60001 50.349784 -8.734724
10008 50010 15.493883 -6.325435
50010 10008 14.898799 -7.558833
10015 50010 13.981371 -5.281170
20007 50010 2.050314 4.954480
30006 100005 36.588522 -8.599976
50010 60003 33.653259 -9.324813
40007 50010 54.061587 -7.646700
50010 40007 53.743131 -7.718473
50010 40009 106.501033 -7.859359
40009 50010 105.827849 -7.750087
10004 90006 17.013517 -8.682543
60009 40001 17.574979 -7.194465
60009 10008 37.772268 -8.923115
10008 60009 42.654542 -7.274143
10015 60009 7.293662 -5.832021
60009 70002 29.217032 -9.486826
20007 90006 24.836016 -12.810295
40007 90006 9.700223 -18.864835
60009 70004 13.932448 -11.900575
60009 50010 97.819607 -8.288714
50010 60009 97.869785 -8.354336
10004 110006 19.585725 -8.517878
60011 40001 20.455131 -7.208318
10008 110006 7.924586 -10.840931
60011 80001 8.396768 -7.719209
10015 60011 13.373027 -5.342286
60011 70002 45.209025 -9.064763
20007 110006 38.934690 -10.938390
40007 110006 21.773500 -12.696848
60011 70004 27.584973 -10.185297
60011 40009 33.684824 -7.439732
40009 60011 34.135525 -6.789788
60011 50010 114.724834 -8.548311
50010 60011 115.404239 -8.437251
10004 100007 7.999825 -7.676116
70010 40001 7.551612 -7.475623
70010 60001 46.070468 -9.914051
10006 100007 50.147164 -9.255636
70010 80001 38.191787 -8.754555
10008 100007 41.196237 -7.275101
10015 70010 7.611411 -5.515216
70010 60003 42.606294 -10.108038
30006 100007 46.921360 -8.792751
70010 40009 36.266132 -7.654392
40009 70010 36.129666 -7.796251
70010 60009 74.784945 -9.064482
60009 70010 76.432545 -8.581354
70010 60011 103.181162 -8.882731
60011 70010 103.935518 -8.763169
10004 120007 9.684555 -7.835080
70012 40001 8.537295 -7.991323
10006 120007 55.141157 -9.170071
70012 60001 47.602038 -10.276655
10008 120007 55.408733 -7.253025
70012 80001 48.426529 -8.838261
10015 70012 15.206938 -5.417202
30006 120007 51.236487 -8.604066
70012 60003 43.547331 -10.499468
70012 40009 2.131347 5.409805
40009 70012 1.435984 9.177260
60009 70012 46.733715 -8.261267
70012 60009 41.195852 -9.938724
60011 70012 104.613547 -8.626579
70012 60011 101.973956 -8.537338
50010 70012 37.994185 -7.537263
70012 50010 35.985839 -7.036267
10004 150008 62.203173 -29.584652
80015 40001 5.976184 -5.299698
80015 60001 21.511763 -6.782184
80015 70002 58.185114 -6.371373
20007 80015 38.679281 -31.583155
80015 60003 18.456473 -6.910916
40007 80015 53.886469 -29.998013
80015 70004 53.417683 -6.496642
80015 90004 49.698336 -6.754533
40009 150008 31.695603 -33.057165
60009 80015 125.514953 -15.272018
80015 90006 34.162753 -6.482623
80015 60011 19.739256 -7.292676
70010 80015 28.019953 -15.644727
80015 70010 46.315333 -6.644663
80015 70012 66.822476 -6.510786
80015 100005 2.046275 -6.202931
10004 120009 3.365856 -8.010073
90012 40001 2.843477 -7.100291
90012 60001 8.699558 -8.194853
10006 120009 10.907221 -7.901240
90012 80001 50.572096 -8.600448
10008 120009 55.815289 -7.774860
10015 90012 10.677059 -5.067935
90012 70002 16.807014 -7.649181
20007 120009 16.263625 -7.475125
90012 60003 7.173254 -8.423684
30006 120009 9.500451 -6.564667
40007 120009 13.701500 -7.561137
90012 70004 14.600865 -7.762789
90012 60011 44.737918 -7.454236
60011 90012 43.343807 -8.556938
70010 120009 5.203823 -10.948357
90012 100007 3.909065 -18.718195
80015 90012 63.103129 -6.714727
90012 100005 16.496693 -10.389840
50010 120009 14.763734 -9.201119
10004 140009 5.336685 -11.283891
90014 40001 3.628746 -6.487135
10006 140009 16.948085 -10.111720
90014 60001 10.701605 -7.695046
10008 140009 63.679029 -8.010466
90014 80001 55.682618 -8.311733
10015 90014 44.392929 -6.810800
20007 140009 16.919682 -7.045839
90014 70002 19.755471 -7.233878
30006 140009 15.245949 -7.541927
90014 60003 8.741757 -7.922747
40007 140009 13.514816 -6.831274
90014 70004 16.943308 -7.398477
60011 90014 11.699581 -9.594400
90014 60011 2.940608 -2.383964
70010 140009 19.257543 -8.295861
90014 100007 18.057804 -9.790579
90014 70012 31.992066 -6.593428
70012 90014 26.817020 -5.972400
80015 90014 101.370239 -7.231331
90014 80015 32.629520 -16.163178
50010 140009 24.662300 -7.336787
90014 100005 32.491171 -8.756858
10004 130010 2.476155 -9.808309
100013 40001 1.826412 -7.145287
100013 60001 4.785266 -7.809477
10006 130010 7.298314 -9.120047
100013 80001 14.915954 -7.911530
10008 130010 18.048481 -7.263774
10015 100013 16.581951 -6.501672
100013 70002 7.581913 -7.146648
20007 130010 6.811573 -6.663861
100013 60003 3.757841 -8.020621
30006 130010 6.401170 -6.834007
40007 130010 5.169531 -6.598893
100013 70004 6.201706 -7.237447
100013 90004 37.366132 -8.619411
40009 130010 39.175996 -8.464191
100013 90006 34.407278 -8.653805
60009 130010 32.434701 -9.051031
100013 110006 31.132496 -10.268251
60011 130010 27.530386 -9.452328
100013 70012 35.241648 -7.543044
70012 100013 32.888596 -7.607174
80015 100013 32.355093 -6.679675
100013 90012 66.406066 -8.177247
90012 100013 65.237697 -8.328778
100013 90014 87.226325 -8.517766
90014 100013 90.335849 -8.404922
10004 150010 58.242895 -31.105656
100015 40001 2.494084 -9.107556
100015 60001 6.420364 -8.254365
100015 80001 18.688206 -7.989271
100015 70002 9.902770 -7.194064
100015 60003 5.018862 -7.662247
100015 70004 8.013205 -7.062012
100015 90004 43.374403 -8.375716
40009 150010 25.583850 -37.927913
100015 90006 39.448123 -8.441736
100015 110006 46.598777 -9.382902
90012 150010 51.377934 -8.907640
100015 90012 33.669975 -7.484997
100015 90014 84.001219 -7.432621
90014 100015 15.577905 -25.053942
10004 150012 56.558604 -31.776283
120015 40001 0.914326 -6.506762
120015 60001 2.396233 -5.983622
120015 80001 5.623518 -4.984374
120015 70002 3.496071 -5.003493
20007 120015 91.054302 -18.170501
120015 60003 1.906700 -5.108520
40007 120015 101.503243 -19.902336
120015 70004 2.770882 -4.927656
120015 90004 8.598405 -4.887759
120015 90006 7.116498 -4.726774
60009 120015 148.060702 -14.589131
120015 110006 45.187774 -7.096535
70010 150012 33.684011 -1.786280
120015 100007 15.950763 -6.464744
120015 100005 18.067368 -6.372334
100013 150012 143.059042 -17.656815
120015 130010 8.672788 -10.117271
120015 90014 33.279121 -8.331861
