         792
       10020       20011   52.1509323      -3.21512651               1
       10020       20012   52.7300720      -3.20963311               1
       10020       20013   53.3565521      -3.17873740               1
       10020       20014   53.9281921      -3.16358614               1
       10020       20015   55.0923080      -3.12285447               1
       10020       20016   56.2207603      -3.10305595               1
       10020       20017   61.0175400      -2.97416401               1
       10020       20018   67.2392044      -2.68952680               1
       10020       20019   92.3109741      -1.74575377               1
       10020       30012   22.2895164      -1.20434237               1
       10020       30013   22.9160023      -1.18722773               1
       10020       30014   23.4876385      -1.20090890               1
       10020       30015   24.6517582      -1.20256341               1
       10020       30016   25.7802105      -1.24344254               1
       10020       30017   30.5769978      -1.27796197               1
       10020       30018   36.7986794      -1.04465008               1
       10020       30019   61.8705368     -0.303091973               1
       10022       20011   51.8766479      -3.22486711               1
       10022       20012   52.3551903      -3.22150278               1
       10022       20013   52.8420944      -3.19901800               1
       10022       20014   53.2411957      -3.19028831               1
       10022       20015   53.9363708      -3.17014503               1
       10022       20016   54.4829674      -3.17053890               1
       10022       20017   56.3343239      -3.14741254               1
       10022       20018   58.0829659      -3.08329940               1
       10022       20019   61.5079994      -2.93106771               1
       10022       20020   77.1856842      -2.72419071               1
       10022       30012   21.9219761      -1.19859040               1
       10022       30013   22.4088783      -1.18952346               1
       10022       30014   22.8079834      -1.20430863               1
       10022       30015   23.5031567      -1.21682346               1
       10022       30016   24.0497532      -1.26211023               1
       10022       30017   25.9011097      -1.34822178               1
       10022       30018   27.6497555      -1.32732701               1
       10022       30019   31.0747967      -1.21954834               1
       10022       30020   46.7524910      -1.45193648               1
       10022       30021   78.0118256      -1.19265604               1
       10022       40021   65.1383667      -1.14302683               1
       10022       50021   62.4731026      -1.22144413               1
       10022       60021   60.3816910      -1.17307818               1
       10022       70021   59.1672020      -1.20422089               1
       10022       80021   58.3810425      -1.21204078               1
       10022       90021   57.9001770      -1.20803499               1
       10022      100021   56.9180832      -1.20836985               1
       10022      110021   56.5683899      -1.20443428               1
       10022      120021   56.0898476      -1.19033670               1
       10020       20021   116.135406      -2.20906067               1
       10022       20021   108.444984      -2.17094493               1
       20021       30012   51.2889061     -0.197654590               1
       20021       30013   51.8670464     -0.201827914               1
       20021       30014   52.3520508     -0.217192084               1
       20021       30015   53.2372704     -0.238083914               1
       20021       30016   53.9870834     -0.274267972               1
       20021       30017   56.7584000     -0.365161985               1
       20021       30018   59.7094040     -0.378468007               1
       20021       30019   67.1249695     -0.328064352               1
       20021       30020   115.030777     -0.847899318               1
       20021       40020   78.5549164      -1.07695711               1
       20021       50020   72.9449539      -1.29680848               1
       20021       60020   69.3902588      -1.27978134               1
       20021       70020   67.6115112      -1.34577513               1
       20021       80020   66.5441132      -1.36846399               1
       20021       90020   65.9222641      -1.37092996               1
       20021      100020   64.7231674      -1.38278461               1
       20021      110020   64.3072205      -1.38192773               1
       10020       20023   61.8034096      -2.92867446               1
       10022       20023   87.6524277      -2.21160984               1
       20023       30012   50.8901291     -0.179171875               1
       20023       30013   51.3371239     -0.181516632               1
       20023       30014   51.6744843     -0.191484630               1
       20023       30015   52.2030334     -0.202469513               1
       20023       30016   52.5701485     -0.223259419               1
       20023       30017   53.6713104     -0.266827434               1
       20023       30018   54.5805817     -0.277273357               1
       20023       30019   55.9857559     -0.274254113               1
       20023       30020   60.7196465     -0.362575382               1
       20023       30021   66.8123093     -0.340017974               1
       10020       30022   46.7427254      -1.45254230               1
       20021       30022   107.345078     -0.711989641               1
       20023       30022   86.5747604     -0.402972817               1
       30022       40020   58.8274384      -1.07047141               1
       30022       40021   90.0945129     -0.978206873               1
       30022       50014   16.3259048      -1.45716250               1
       30022       50015   17.0651379      -1.45992661               1
       30022       50016   17.6301861      -1.51557648               1
       30022       50020   40.4103546      -1.59189212               1
       30022       50021   71.6774216      -1.24846709               1
       30022       60021   64.0838470      -1.08266783               1
       30022       70021   61.1566467      -1.17166114               1
       30022       80021   59.6187363      -1.19485033               1
       30022       90020   27.5294151      -1.63409412               1
       30022       90021   58.7964859      -1.19299030               1
       30022      100020   26.1205921      -1.68240571               1
       30022      100021   57.3876610      -1.20415103               1
       30022      110020   25.6708488      -1.68571126               1
       30022      110021   56.9379196      -1.20186377               1
       30022      120021   56.3578186      -1.18695951               1
       10022       30024   37.9167709      -1.34402728               1
       20021       30024   60.3419762     -0.391628236               1
       20023       30024   123.733887      -1.34489179               1
       30024       50023   88.1067581      -2.03747845               1
       30024       60023   80.5337677      -1.98034167               1
       30024       70023   77.6329422      -2.08397508               1
       30024       80023   76.1222000      -2.12037873               1
       30024       90023   75.3250885      -2.12919450               1
       30024      100023   74.0081940      -2.15586948               1
       30024      110023   73.6070175      -2.16018105               1
       30024      120023   73.1113663      -2.15735531               1
       30024      130023   72.6543655      -2.16741967               1
       30024      140023   72.3272781      -2.16901565               1
       30024       40023   106.513565      -1.67264378               1
       40023       50014   77.9197235      -3.63069725               1
       40023       50015   78.5337601      -3.61185670               1
       40023       50016   78.9349899      -3.60996985               1
       40023       50017   80.0937424      -3.59202886               1
       40023       50018   81.0316849      -3.56102395               1
       40023       50019   82.4582214      -3.50239587               1
       40023       50020   87.2176743      -3.38821959               1
       40023       50021   93.3227615      -3.17419553               1
       40023       50022   113.095818      -2.72699523               1
       40023       60015   23.2656765     -0.904664755               1
       40023       60016   23.6669064     -0.944266796               1
       40023       60020   31.9496155      -1.02998567               1
       20023       40025   41.0073433      -1.07346344               1
       30024       40025   91.7210159     -0.941363335               1
       40025       50014   77.5934906      -3.63711715               1
       40025       50015   78.0750809      -3.62144709               1
       40025       50016   78.3568573      -3.62067819               1
       40025       50017   79.0807495      -3.61058211               1
       40025       50018   79.5997162      -3.59452367               1
       40025       50019   80.2456589      -3.56997943               1
       40025       50020   81.8873215      -3.53333950               1
       40025       50021   83.4275131      -3.47868395               1
       40025       50022   86.4149399      -3.40109921               1
       40025       50023   104.029587      -3.17724109               1
       40025       60015   22.8207130     -0.884701967               1
       40025       60016   23.1024857     -0.915473223               1
       40025       60017   23.8263779     -0.964153707               1
       40025       60018   24.3453465     -0.968062460               1
       40025       60019   24.9912930     -0.957138121               1
       40025       60020   26.6329594      -1.00553906               1
       40025       60021   28.1731606     -0.981883526               1
       40025       60022   31.1605892      -1.00609756               1
       40025       60023   48.7752419      -1.39357424               1
       40025       60024   80.2570114      -1.06707919               1
       40025       70024   68.5629730      -1.16588271               1
       40025       80024   64.2361984      -1.16138887               1
       40025       90024   62.3850441      -1.13725471               1
       40025      100023   28.5868931      -1.80484152               1
       40025      100024   60.0686569      -1.15307164               1
       40025      110024   59.4839630      -1.15196788               1
       40025      120024   58.8338280      -1.13651240               1
       40025      130024   58.2802734      -1.14249313               1
       40025      140024   57.9178886      -1.13918531               1
       40025      150024   57.4362984      -1.13954163               1
       20023       50024   81.6791077      -2.00187135               1
       40023       50024   150.283737      -2.92771411               1
       40025       50024   135.511276      -2.56949520               1
       30024       50026   34.2443542      -1.38292205               1
       40023       50026   88.8675537      -3.41054964               1
       40025       50026   118.380333      -3.16606307               1
       50026       60015   45.5363388     -0.166283950               1
       50026       60016   45.7911491     -0.184122369               1
       50026       60017   46.3973122     -0.214077294               1
       50026       60018   46.8030968     -0.222181067               1
       50026       60019   47.2593498     -0.225890890               1
       50026       60020   48.2684021     -0.257796109               1
       50026       60021   49.0976181     -0.263791621               1
       50026       60022   50.4490242     -0.292259276               1
       50026       60023   56.6166000     -0.500679314               1
       50026       60024   64.1937256     -0.515931666               1
       50026       70024   35.8613129      -1.11333668               1
       50026      120024   20.1247597      -1.32549155               1
       50026      150024   18.6573925      -1.36930275               1
       30024       60025   65.7411957      -1.02930725               1
       40023       60025   48.7545815      -1.39312935               1
       50026       60025   86.1296387      -1.16173005               1
       60025       70016   55.9633102      -2.64734197               1
       60025       70017   56.7668190      -2.64674830               1
       60025       70018   57.3236046      -2.63282561               1
       60025       70019   57.9965744      -2.60917306               1
       60025       70020   59.6689682      -2.58527660               1
       60025       70021   61.2236748      -2.53435898               1
       60025       70022   64.2231522      -2.47382045               1
       60025       70023   81.8585510      -2.38900018               1
       60025       70024   113.350594      -1.88125658               1
       60025       80017   22.0331612      -2.37980771               1
       60025       80018   22.5899448      -2.35105729               1
       60025       80019   23.2629185      -2.30024052               1
       60025       80020   24.9353104      -2.26377749               1
       60025       80021   26.4900169      -2.16496563               1
       60025       80022   29.4894962      -2.07069492               1
       60025       80023   47.1248932      -2.07421803               1
       60025       80024   78.6169586      -1.46824300               1
       60025       90018   13.3494234      -1.66801333               1
       60025       90019   14.0223970      -1.61649013               1
       60025       90020   15.6947908      -1.63141787               1
       60025       90021   17.2494965      -1.53666747               1
       60025       90022   20.2489777      -1.49244666               1
       60025       90023   37.8843765      -1.76600695               1
       60025       90024   69.3764496      -1.21922612               1
       60025      100023   30.7401695      -1.84376812               1
       60025      100024   62.2322426      -1.19486701               1
       60025      110023   29.4503880      -1.85512924               1
       60025      110024   60.9424591      -1.18662405               1
       60025      120023   28.2640533      -1.80884755               1
       60025      120024   59.7561264      -1.15146148               1
       60025      130023   27.3708668      -1.83883226               1
       60025      130024   58.8629379      -1.15542889               1
       60025      140023   26.8492546      -1.83709288               1
       60025      140024   58.3413277      -1.14851832               1
       60025      150024   57.7201233      -1.14828968               1
       50026       60027   90.7718277     -0.667507827               1
       60027       70016   55.6393814      -2.64884639               1
       60027       70017   56.2396660      -2.64832807               1
       60027       70018   56.6199188      -2.63875389               1
       60027       70019   57.0184593      -2.62476993               1
       60027       70020   57.8232956      -2.61124372               1
       60027       70021   58.4347343      -2.58875299               1
       60027       70022   59.3373184      -2.56656384               1
       60027       70023   62.9001846      -2.53035688               1
       60027       70024   66.5633698      -2.40418649               1
       60027       70025   74.4479752      -2.43068409               1
       60027       80024   31.8422565      -1.95458567               1
       60027       80026   66.1825027      -1.55164397               1
       60027       90026   56.9532166      -1.26206529               1
       60027      100026   49.8477936      -1.23864245               1
       60027      110026   48.5773964      -1.23003459               1
       60027      120026   47.4232674      -1.18819499               1
       60027      130026   46.5685692      -1.19384277               1
       60027      140026   46.0841293      -1.18645024               1
       60027      150026   45.5362358      -1.18786883               1
       60027      160026   45.2642517      -1.17319667               1
       60027      170026   44.6639671      -1.15401685               1
       60025       70026   96.2398682      -2.49278903               1
       60027       70026   100.903603      -1.98688638               1
       70026       80017   67.5745850      -1.80079162               1
       70026       80018   68.0443115      -1.79678011               1
       70026       80019   68.5451660      -1.78858328               1
       70026       80020   69.6034698      -1.78831840               1
       70026       80021   70.4555359      -1.77423775               1
       70026       80022   71.8256302      -1.76583505               1
       70026       80023   78.0247650      -1.80098093               1
       70026       80024   85.6173935      -1.69719589               1
       70026       80025   107.568787      -1.97363865               1
       70026       90018   28.7084808     -0.870527864               1
       70026       90019   29.2093353     -0.867174983               1
       70026       90020   30.2676373     -0.898782790               1
       70026       90021   31.1197014     -0.891259730               1
       70026       90022   32.4897919     -0.909918964               1
       70026       90023   38.6889305      -1.11794198               1
       70026       90024   46.2815590      -1.03800213               1
       70026       90025   68.2329407      -1.68588305               1
       70026      100024   26.6406803      -1.35749233               1
       70026      110024   23.9825783      -1.42432392               1
       70026      120024   21.9444466      -1.33120763               1
       70026      130024   20.5828857      -1.38454092               1
       70026      140024   19.8754539      -1.37633407               1
       70026      150024   19.1354446      -1.39828193               1
       60025       70028   65.9710007      -2.50659394               1
       60027       70028   90.7938843      -2.14229488               1
       70028       80017   67.2563934      -1.79769862               1
       70028       80018   67.6296158      -1.79446530               1
       70028       80019   67.9917450      -1.78859603               1
       70028       80020   68.6542511      -1.78754926               1
       70028       80021   69.1193085      -1.77892554               1
       70028       80022   69.7440491      -1.77370775               1
       70028       80023   71.9033508      -1.78009260               1
       70028       80024   73.8384094      -1.74004650               1
       70028       80025   77.3151474      -1.78194618               1
       70028       80026   85.3654251      -1.68587029               1
       70028       90018   28.3017368     -0.851898789               1
       70028       90020   29.3263798     -0.868640721               1
       70028       90021   29.7914295     -0.862977207               1
       70028       90023   32.5754700     -0.943834126               1
       70028       90024   34.5105362     -0.905042350               1
       70028       90027   62.8106232      -1.10920358               1
       70028      100027   43.1967506      -1.33931088               1
       70028      110027   40.5519218      -1.37804186               1
       70028      120027   38.5355492      -1.32358444               1
       70028      130027   37.1995468      -1.35260594               1
       70028      140027   36.5161285      -1.34811473               1
       70028      150027   35.8218575      -1.35989606               1
       70028      160027   35.5102577      -1.34066272               1
       70028      170027   34.8821068      -1.31906641               1
       70028      180027   34.5088844      -1.32022667               1
       50026       80027   54.4271660      -1.13575470               1
       70026       80027   112.233406      -1.54039502               1
       70028       80027   102.138496      -1.63423729               1
       80027       90018   71.3120346     -0.487896770               1
       80027       90019   71.7659302     -0.488779455               1
       80027       90020   72.6301498     -0.502359867               1
       80027       90021   73.2686768     -0.501904726               1
       80027       90022   74.1930771     -0.509695470               1
       80027       90023   77.7920990     -0.575263858               1
       80027       90024   81.4728622     -0.559996188               1
       80027       90025   89.3748093     -0.745147228               1
       80027       90026   115.846863     -0.743582368               1
       80027      100026   59.2690697      -1.13253987               1
       80027      110026   53.7316437      -1.21779835               1
       80027      120026   50.2158852      -1.15335643               1
       80027      130026   48.1110115      -1.18869758               1
       80027      140026   47.1173744      -1.18319225               1
       80027      150026   46.1783371      -1.19565284               1
       80027      160026   45.7780609      -1.17563248               1
       80027      170026   44.9964180      -1.15301180               1
       70026       80029   79.5573120      -1.77485192               1
       70028       80029   116.191460      -1.60786414               1
       80029       90018   71.0153809     -0.484086066               1
       80029       90019   71.3782272     -0.485743552               1
       80029       90020   71.9985123     -0.497172385               1
       80029       90021   72.4132690     -0.498221219               1
       80029       90022   72.9414902     -0.504929900               1
       80029       90023   74.6424026     -0.545104802               1
       80029       90024   76.0696869     -0.545457900               1
       80029       90025   78.4407349     -0.620597303               1
       80029       90026   83.1807175     -0.654658854               1
       80029       90027   90.4292908     -0.754226208               1
       80029      100028   63.2615623      -1.28188348               1
       80029      110028   57.7346306      -1.37563789               1
       80029      120028   54.2359276      -1.32651937               1
       80029      130028   52.1508713      -1.36569047               1
       80029      140028   51.1755409      -1.36408925               1
       80029      150028   50.2706223      -1.37869406               1
       80029      160028   49.8967705      -1.36247861               1
       80029      170028   49.1976051      -1.34564722               1
       80029      180028   48.8024025      -1.34631538               1
       80029      190028   48.4395561      -1.35033178               1
       60027       90028   46.8434868      -1.40685391               1
       80027       90028   105.755035     -0.758234441               1
       80029       90028   119.817772     -0.835276544               1
       90028      100020   30.6826630      -1.20738685               1
       90028      100027   64.3099976      -1.26761186               1
       90028      110027   49.2412491      -1.46151364               1
       90028      120027   42.5854263      -1.31253588               1
       90028      130027   39.1904678      -1.37039936               1
       90028      140027   37.7597923      -1.35881984               1
       90028      150027   36.5449715      -1.38266659               1
       90028      160027   36.0749130      -1.35292864               1
       90028      170027   35.2373276      -1.32336640               1
       90028      180027   34.7736397      -1.32401645               1
       80027       90030   79.8894958     -0.593818665               1
       80029       90030   103.168991     -0.417770445               1
       70028      100029   57.2497139      -1.35817993               1
       90028      100029   78.3767242      -1.29422975               1
      100029      110020   79.4032288      -2.02190518               1
      100029      110021   79.8859024      -2.01421404               1
      100029      110022   80.4656677      -2.01034403               1
      100029      110023   82.2463303      -2.01654029               1
      100029      110024   83.7107620      -1.99140203               1
      100029      110026   90.8904114      -1.97892594               1
      100029      110027   98.1558228      -1.97299778               1
      100029      110028   127.562065      -1.76832151               1
      100029      120028   77.0653992      -1.32145238               1
      100029      130028   60.7717094      -1.43406057               1
      100029      140028   55.7223053      -1.39173090               1
      100029      150028   52.4955368      -1.44117045               1
      100029      160028   51.5184517      -1.39464343               1
      100029      170028   50.1336823      -1.35710263               1
      100029      180028   49.4675293      -1.35574067               1
      100029      190028   48.9381599      -1.35913575               1
       90030      100031   91.5415192      -1.80139279               1
      100031      110020   78.9052887      -2.02063131               1
      100031      110021   79.2454987      -2.01473284               1
      100031      110022   79.6065063      -2.01179171               1
      100031      110023   80.5318451      -2.01326704               1
      100031      110024   81.1819687      -2.00006104               1
      100031      110025   82.0899200      -2.00873256               1
      100031      110026   83.4842224      -1.99220622               1
      100031      110027   84.9223709      -1.98443258               1
      100031      110028   88.3357849      -1.92757893               1
      100031      110029   93.9759827      -1.78660715               1
      100031      120021   28.7677288      -1.25122178               1
      100031      120024   30.7041988      -1.26058292               1
      100031      120030   90.2874222      -1.83293402               1
      100031      130030   74.0152283      -2.03788233               1
      100031      140030   68.9850311      -2.04806066               1
      100031      150030   65.7925797      -2.11977577               1
      100031      160030   64.8407898      -2.09373665               1
      100031      170030   63.5312042      -2.08051443               1
      100031      180030   62.9225121      -2.08672690               1
      100031      190030   62.4656830      -2.09436584               1
      100031      200030   61.8599167      -2.09693336               1
      100031      210030   61.5197029      -2.10495329               1
      100029      110030   110.945671      -1.52017891               1
      100031      110030   140.765198      -2.05416250               1
      110030      120021   60.0320473      -1.13945973               1
      110030      120022   60.4735718      -1.14171731               1
      110030      120023   61.6479340      -1.16225207               1
      110030      120024   62.5092735      -1.15237486               1
      110030      120025   63.7737160      -1.18620205               1
      110030      120026   65.8842087      -1.18133175               1
      110030      120027   68.3643723      -1.19392157               1
      110030      120028   75.3501434      -1.12639046               1
      110030      120029   91.6807632     -0.843763947               1
      110030      130029   52.1515465     -0.833598852               1
      110030      140029   42.5443687     -0.597810686               1
      100029      110032   87.7578430      -1.89637995               1
      100031      110032   127.689011      -2.32388210               1
      110032      120021   59.7118378      -1.13593066               1
      110032      120022   60.0529633      -1.13762283               1
      110032      120023   60.8598518      -1.15169930               1
      110032      120024   61.3934097      -1.14526761               1
      110032      120025   62.0980339      -1.16430664               1
      110032      120026   63.0958099      -1.16343355               1
      110032      120027   64.0149002      -1.16995573               1
      110032      120028   65.9287491      -1.15379989               1
      110032      120029   68.5095444      -1.09739661               1
      110032      120030   84.6292267      -1.38601923               1
      110032      130031   68.9175491      -2.49002075               1
       90030      120031   69.8480377      -1.99521065               1
      110030      120031   121.495201      -1.62834597               1
      110032      120031   108.434326      -1.89490628               1
      120031      130022   50.6822624      -1.61485767               1
      120031      130023   51.6999550      -1.62743258               1
      120031      130024   52.3912468      -1.61182427               1
      120031      130025   53.3376961      -1.63357925               1
      120031      130026   54.7664452      -1.61869776               1
      120031      130027   56.2218056      -1.61704969               1
      120031      130028   59.6529655      -1.55413485               1
      120031      130029   65.3028870      -1.38349569               1
      120031      130030   112.113602      -1.88802314               1
      120031      140023   21.7388783      -1.39911008               1
      120031      140024   22.4301720      -1.36968982               1
      120031      140030   82.1525269      -1.92264283               1
      120031      150030   70.3543472      -2.18240309               1
      120031      160030   67.7278442      -2.11309958               1
      120031      170030   64.9556427      -2.08217168               1
      120031      180030   63.8492279      -2.09054160               1
      120031      190030   63.1205482      -2.09957457               1
      120031      200030   62.2872047      -2.10048509               1
      120031      210030   61.8566360      -2.10935140               1
      110030      120033   71.1369858      -1.19926667               1
      110032      120033   99.6576996      -1.24598300               1
      120033      130022   50.3216400      -1.61570227               1
      120033      130023   51.0524979      -1.62567234               1
      120033      130024   51.5007324      -1.61574960               1
      120033      130025   52.0549736      -1.62893844               1
      120033      130026   52.7716827      -1.62250447               1
      120033      130027   53.3561287      -1.62204587               1
      120033      130028   54.4206200      -1.59999216               1
      120033      130029   55.6221008      -1.55211055               1
      120033      130030   61.7789650      -1.60558188               1
      120033      130031   68.2995529      -1.74000132               1
      120033      140031   38.3492699      -1.69863677               1
      120033      140032   60.3524895      -1.39764094               1
      120033      150032   48.5730400      -1.64647663               1
      120033      160032   45.9598885      -1.51426339               1
      120033      170031   21.2228413      -2.00824857               1
      120033      170032   43.2260628      -1.43039560               1
      120033      180032   42.1480179      -1.42585361               1
      120033      190032   41.4533806      -1.42729688               1
      120033      200032   40.6959763      -1.41558003               1
      120033      210032   40.3238029      -1.42069423               1
      120033      220031   17.9779110      -2.08792448               1
      120033      220032   39.9811287      -1.41932321               1
      120033      230032   39.2502747      -1.40269876               1
      120031      130032   99.0553207      -2.21402335               1
      120033      130032   90.3027725      -1.52875638               1
      130032      140023   52.4060097     -0.265945077               1
      130032      140024   52.9978142     -0.267918348               1
      130032      140025   53.7560616     -0.304270118               1
      130032      140026   54.8011551     -0.320302516               1
      130032      140027   55.7435799     -0.342589289               1
      130032      140028   57.6812134     -0.352079481               1
      130032      140029   60.2749023     -0.322330028               1
      130032      140030   76.4228210     -0.806191206               1
      130032      140031   100.240250      -1.49460757               1
      130032      150031   64.1955032      -2.67166996               1
      120031      130034   59.9160423      -1.60869968               1
      120033      130034   96.8501587      -1.11373317               1
      130034      140023   51.9294853     -0.251231581               1
      130034      140024   52.3541641     -0.252605408               1
      130034      140025   52.8529778     -0.276528269               1
      130034      140026   53.4553146     -0.286202043               1
      130034      140027   53.9030609     -0.296496600               1
      130034      140028   54.6365662     -0.297786981               1
      130034      140029   55.3537254     -0.283094078               1
      130034      140030   58.4743690     -0.354103714               1
      130034      140031   61.1206551     -0.440496117               1
      130034      140032   67.1851730     -0.430738211               1
      130034      150024   16.3249607      -2.14039397               1
      130034      150032   31.1559715      -1.62588799               1
      130034      150033   62.0248337     -0.969351232               1
      130034      160033   56.1644211     -0.746856689               1
      130034      170033   51.3159637     -0.622007608               1
      130034      180033   49.6260796     -0.610530734               1
      130034      190033   48.6387444     -0.605160594               1
      130034      200033   47.6781731     -0.582971632               1
      130034      210033   47.2383652     -0.582781553               1
      130034      220033   46.8610573     -0.576094329               1
      130034      230033   46.1245651     -0.549829304               1
      130034      240033   45.6998901     -0.551030219               1
      110032      140033   50.5446510      -1.43027413               1
      130032      140033   91.4871140     -0.749450922               1
      130034      140033   98.0540543     -0.391691774               1
      140033      150024   36.4340858      -2.71907830               1
      140033      150025   37.0474548      -2.72118592               1
      140033      150026   37.8152657      -2.68990803               1
      140033      150027   38.4244614      -2.67264175               1
      140033      150028   39.5137711      -2.61302185               1
      140033      150029   40.7285156      -2.51692700               1
      140033      150030   46.9140434      -2.46037364               1
      140033      150031   53.4470673      -2.52781034               1
      140033      150032   75.4612579      -2.04516244               1
      140033      160030   28.5446033      -1.72772777               1
      140033      160031   35.0776215      -1.96693087               1
      140033      160032   57.0918236      -1.54526079               1
      140033      170031   25.1119690      -1.83513582               1
      140033      170032   47.1261749      -1.38586211               1
      140033      180031   22.2273827      -1.93627298               1
      140033      180032   44.2415848      -1.40738142               1
      140033      190031   20.7356262      -2.00516176               1
      140033      190032   42.7498283      -1.42233992               1
      140033      200031   19.4416218      -2.02280617               1
      140033      200032   41.4558258      -1.41242242               1
      140033      210031   18.8798103      -2.06415200               1
      140033      210032   40.8940125      -1.42312527               1
      140033      220031   18.4150295      -2.07956100               1
      140033      220032   40.4292336      -1.42277443               1
      140033      230032   39.5411682      -1.40378296               1
      130032      140035   61.2489738     -0.423519641               1
      130034      140035   92.3804932     -0.780179560               1
      140035      150024   36.0920486      -2.73501158               1
      140035      150025   36.5763054      -2.73780823               1
      140035      150026   37.1346817      -2.71710730               1
      140035      150027   37.5258980      -2.70739675               1
      140035      150028   38.1254425      -2.67574811               1
      140035      150029   38.6618271      -2.63155413               1
      140035      150030   40.7653618      -2.59185863               1
      140035      150031   42.3316002      -2.58998299               1
      140035      150032   45.2341423      -2.46960831               1
      140035      150033   55.2501564      -2.12249923               1
      140035      160034   58.0023537      -1.58196521               1
      140035      170034   48.0556107      -1.43352854               1
      140035      180034   45.1847000      -1.45747375               1
      140035      190034   43.7088203      -1.47339010               1
      140035      200034   42.4486542      -1.46519136               1
      140035      210034   41.9118195      -1.47560060               1
      140035      220034   41.4806557      -1.47540689               1
      140035      230034   40.7010574      -1.45883107               1
      140035      240034   40.2730255      -1.46830976               1
      140035      250034   39.7887650      -1.45032203               1
      120033      150034   55.1204300     -0.903270781               1
      140033      150034   82.0283661      -1.51382208               1
      140035      150034   76.3650589      -2.06698465               1
      150034      160025   60.7974968      -1.97978902               1
      150034      160026   61.4751663      -1.97140384               1
      150034      160027   61.9582176      -1.96844482               1
      150034      160028   62.7261086      -1.94977701               1
      150034      160029   63.4612007      -1.91787159               1
      150034      160030   66.6196289      -1.90382934               1
      150034      160031   69.2820816      -1.92100298               1
      150034      160032   75.3606796      -1.79315269               1
      150034      160033   106.245132      -1.36128163               1
      150034      170026   18.2986355      -1.15855217               1
      150034      170027   18.7816849      -1.16969669               1
      150034      170028   19.5495777      -1.14117408               1
      150034      170029   20.2846699      -1.07065988               1
      150034      170030   23.4430981      -1.14489770               1
      150034      170031   26.1055508      -1.26787722               1
      150034      170032   32.1841583      -1.09186542               1
      150034      170033   63.0686226     -0.707754910               1
      150034      180032   23.7678108      -1.13983917               1
      150034      180033   54.6522751     -0.669466019               1
      150034      190033   51.2838974     -0.651101887               1
      150034      200033   49.0307007     -0.606809974               1
      150034      210033   48.1852531     -0.608362138               1
      150034      220033   47.5725555     -0.598239779               1
      150034      230033   46.5666275     -0.562366009               1
      150034      240033   46.0369644     -0.563304663               1
      140033      150036   45.5827599      -2.52346539               1
      140035      150036   70.0731277      -1.93983483               1
      150036      160025   60.4142647      -1.98946929               1
      150036      160026   60.9444466      -1.98629665               1
      150036      160027   61.2876358      -1.98703170               1
      150036      160028   61.7718964      -1.98017311               1
      150036      160029   62.1647873      -1.96759450               1
      150036      160030   63.5504646      -1.97581673               1
      150036      160031   64.4729919      -1.99093831               1
      150036      160032   65.9259949      -1.97948742               1
      150036      160033   69.8148727      -1.94045687               1
      150036      160034   75.5378342      -1.97708130               1
      150036      170026   17.7865810      -1.18558192               1
      150036      170027   18.1297665      -1.20322394               1
      150036      170028   18.6140289      -1.20085478               1
      150036      170029   19.0069199      -1.17582381               1
      150036      170031   21.3151226      -1.33217359               1
      150036      170032   22.7681255      -1.34105742               1
      150036      170035   51.1533241      -1.10310709               1
      150036      180035   42.7502518      -1.13165450               1
      150036      190035   39.3969231      -1.14661360               1
      150036      200035   37.1747589      -1.11767721               1
      150036      210035   36.3515892      -1.13050950               1
      150036      220035   35.7678795      -1.12508833               1
      150036      230035   34.8510284      -1.09157014               1
      150036      240035   34.3889885      -1.09698725               1
      150036      250035   33.8969269      -1.06799018               1
      150036      260035   33.3667450      -1.05914295               1
      130034      160035   50.4908791      -1.49756145               1
      150034      160035   100.586952      -1.77276981               1
      150036      160035   94.3111801      -1.65827513               1
      160035      170026   39.8224106     -0.917508066               1
      160035      170027   40.2557411     -0.928079605               1
      160035      170028   40.8953552     -0.925784647               1
      160035      170029   41.4522285     -0.907258153               1
      160035      170030   43.5980682     -0.955208957               1
      160035      170031   45.1822052      -1.01103389               1
      160035      170032   48.1001930     -0.993567050               1
      160035      170033   58.1331139     -0.918397129               1
      160035      170034   79.2579575      -1.18590987               1
      160035      180034   55.1603508      -1.41590059               1
      160035      190034   48.1180229      -1.48734581               1
      160035      200034   44.4253769      -1.47360384               1
      160035      210034   43.2017746      -1.49836886               1
      160035      220034   42.4068413      -1.49762189               1
      160035      230034   41.2508736      -1.47069407               1
      160035      240034   40.6850090      -1.48130119               1
      160035      250034   40.0862694      -1.45776534               1
      150034      160037   69.5173340      -1.89854896               1
      150036      160037   122.087708      -1.41520202               1
      160037      170026   39.3856812     -0.910343587               1
      160037      170027   39.7127113     -0.919600487               1
      160037      170028   40.1499367     -0.920014977               1
      160037      170029   40.4832993     -0.910354614               1
      160037      170030   41.5819435     -0.937757134               1
      160037      170031   42.2653465     -0.963357091               1
      160037      170032   43.2411766     -0.964422226               1
      160037      170033   45.4817085     -0.951230824               1
      160037      170034   48.2139816     -0.990172982               1
      160037      170035   54.3995361     -0.828030050               1
      160037      180035   30.3145676     -0.962332904               1
      160037      180036   76.7003555     -0.947824419               1
      160037      190036   69.6721878     -0.949851096               1
      160037      200036   66.0082703     -0.910968661               1
      160037      210036   64.8049850     -0.916804552               1
      160037      220036   64.0360413     -0.909299076               1
      160037      230036   62.9578705     -0.882432401               1
      160037      240036   62.4497147     -0.883562922               1
      160037      250035   15.5462170     -0.646425784               1
      160037      250036   61.9320030     -0.865065515               1
      160037      260036   61.3996391     -0.858567119               1
      160037      270036   61.0726128     -0.852270544               1
      140035      170036   41.7636871      -1.12475669               1
      160035      170036   72.9828033     -0.987849891               1
      160037      170036   100.785324     -0.878800750               1
      170036      180027   61.2600212      -1.47197843               1
      170036      180028   61.8170128      -1.47023046               1
      170036      180029   62.2457466      -1.46083522               1
      170036      180030   63.7027397      -1.48200500               1
      170036      180031   64.6548157      -1.50502992               1
      170036      180032   66.1328201      -1.50479293               1
      170036      180033   70.0484772      -1.49276066               1
      170036      180034   75.7869873      -1.56340396               1
      170036      180035   94.5702972      -1.32757342               1
      170036      190035   55.3002205      -1.29665279               1
      170036      200035   42.7611122      -1.16910672               1
      170036      210035   39.5098610      -1.21871793               1
      170036      220035   37.8276901      -1.20496631               1
      170036      240035   35.1817894      -1.13974488               1
      170036      250035   34.4476547      -1.09436631               1
      170036      260035   33.7333260      -1.07783055               1
      160035      170038   47.9343758     -0.950860679               1
      160037      170038   86.7055511      -2.86213899               1
      170038      180027   60.9266319      -1.46437562               1
      170038      180028   61.3707581      -1.46221542               1
      170038      180029   61.6826744      -1.45455146               1
      170038      180030   62.6307335      -1.46377945               1
      170038      180031   63.1820145      -1.47374737               1
      170038      180032   63.9018135      -1.47149563               1
      170038      180033   65.3479996      -1.46240640               1
      170038      180034   66.8720322      -1.47469223               1
      170038      180035   69.5420074      -1.42546141               1
      170038      180036   83.7565689      -1.47518504               1
      170038      190037   69.0509262      -3.58984256               1
      170038      200037   56.5315170      -4.00188589               1
      170038      220037   51.6291847      -4.29789352               1
      170038      240037   49.0709496      -4.41510868               1
      170038      250037   48.3876648      -4.43217993               1
      170038      260037   47.7454796      -4.46729755               1
      170038      270037   47.3845901      -4.48425722               1
      170038      280037   46.9404640      -4.51565409               1
      150036      180037   70.5267868     -0.918281019               1
      160035      180037   30.2822456     -0.960696518               1
      170036      180037   122.371368      -1.16049469               1
      170038      180037   108.311096      -2.78553009               1
      180037      190028   46.7320442     -0.981393933               1
      180037      190029   47.1137390     -0.972256184               1
      180037      190030   48.3066826     -0.997210860               1
      180037      190031   49.0287437      -1.01974261               1
      180037      190032   50.0369682      -1.02022052               1
      180037      190035   61.2620239     -0.889860213               1
      180037      190036   107.667130     -0.910747945               1
      180037      200036   76.6723633     -0.857607543               1
      180037      210036   70.1498489     -0.947309196               1
      180037      220036   67.2827301     -0.948491156               1
      180037      230036   64.5907288     -0.901092768               1
      180037      240036   63.5925179     -0.906428099               1
      180037      250035   16.3061275     -0.704955935               1
      180037      250036   62.7112312     -0.877643108               1
      180037      260036   61.9118729     -0.867464364               1
      180037      270036   61.4723244     -0.858460784               1
      170036      180039   70.6196213      -1.31799603               1
      170038      180039   91.7635269      -1.48137784               1
      180039      190028   46.3189926     -0.973353505               1
      180039      190029   46.6047554     -0.966378033               1
      180039      190030   47.4061623     -0.980755508               1
      180039      190031   47.8419991     -0.992223561               1
      180039      190032   48.3627586     -0.991685271               1
      180039      190033   49.2792320     -0.983937204               1
      180039      190036   55.9381409     -0.878999352               1
      180039      190037   61.4360733      -1.26917839               1
      180039      200038   46.1110802      -1.29586947               1
      180039      210038   39.6029472      -1.52691090               1
      180039      220038   36.7536697      -1.57448030               1
      180039      230038   34.1127892      -1.53582859               1
      180039      250037   16.6703053      -2.12316990               1
      180039      250038   32.3192062      -1.52935183               1
      180039      260037   15.9391050      -2.14406347               1
      180039      260038   31.5880070      -1.52614903               1
      180039      270037   15.5560741      -2.14449954               1
      180039      270038   31.2049751      -1.51878166               1
      180039      280037   15.1170902      -2.17559052               1
      180039      280038   30.7659912      -1.52513039               1
      180039      290038   30.4802284      -1.54096901               1
      180037      190038   93.6088943      -2.75325608               1
      180039      190038   77.0849838      -1.19357753               1
      190038      200036   63.0219727     -0.436351806               1
      190038      200037   87.5863724      -2.34835529               1
      190038      210037   63.4078789      -3.55649924               1
      190038      220037   56.5643845      -3.97156310               1
      190038      250037   49.2477379      -4.36830854               1
      190038      260037   48.2817726      -4.42736721               1
      190038      270037   47.7930374      -4.45237684               1
      190038      280037   47.2412300      -4.49238348               1
      180039      190040   93.8614120     -0.790133417               1
      190040      200038   56.6159668     -0.302681476               1
      190040      210039   63.6960678     -0.659258187               1
      190040      220039   56.8668022     -0.723734558               1
      190040      230039   52.2114716     -0.665151417               1
      190040      240039   50.7813835     -0.683006883               1
      190040      250039   49.6567993     -0.642226934               1
      190040      260039   48.7422485     -0.627934515               1
      190040      270039   48.2950554     -0.615558267               1
      190040      280039   47.8133507     -0.611617744               1
      190040      290039   47.5172768     -0.616422892               1
      190040      300039   46.7321777     -0.596297920               1
      170038      200039   39.9838562      -1.51223755               1
      190038      200039   71.0594559     -0.562214196               1
      190040      200039   87.8630905     -0.252142847               1
      200039      210030   64.6595001      -1.37811434               1
      200039      210031   65.1641922      -1.38448703               1
      200039      210032   65.7398300      -1.38100266               1
      200039      210033   66.7114563      -1.36999357               1
      200039      210034   67.5831680      -1.36793327               1
      200039      210035   68.7620316      -1.32946706               1
      200039      210036   73.4471359      -1.25440419               1
      200039      210037   78.9607010      -1.53240585               1
      200039      210038   94.6234436      -1.42729580               1
      200039      220032   26.6861267      -1.66434598               1
      200039      220038   55.5697365      -1.59589922               1
      200039      230038   39.9505119      -1.47481525               1
      200039      250037   18.5957661      -2.05179048               1
      200039      250038   34.2585068      -1.52401304               1
      200039      260038   32.6863174      -1.52435541               1
      200039      270038   32.0023537      -1.51310694               1
      200039      280038   31.3301754      -1.52222395               1
      200039      290038   30.9430943      -1.54235065               1
      180039      210040   56.3793716     -0.756062031               1
      200039      210040   111.425690      -1.05235755               1
      210040      220031   56.9445801      -1.20636117               1
      210040      220032   57.4807701      -1.20492589               1
      210040      220033   58.3215485      -1.19817436               1
      210040      220034   59.0270729      -1.19888878               1
      210040      220035   59.8820305      -1.17000306               1
      210040      220036   62.8736076      -1.11734056               1
      210040      220037   65.9304657      -1.29608083               1
      210040      220038   72.2764587      -1.25830281               1
      210040      220039   103.543320     -0.927224278               1
      210040      230039   62.7653351     -0.666113138               1
      210040      240039   56.1635895     -0.760890305               1
      210040      250038   21.2612343      -1.42170954               1
      210040      250039   52.5280952     -0.671821475               1
      210040      260038   18.9882908      -1.44715190               1
      210040      260039   50.2551498     -0.647518575               1
      210040      270038   18.0888805      -1.42836094               1
      210040      270039   49.3557396     -0.626059949               1
      210040      280038   17.2770939      -1.45036912               1
      210040      280039   48.5439529     -0.620476127               1
      210040      290038   16.8439827      -1.49085212               1
      210040      290039   48.1108437     -0.627178609               1
      210040      300039   47.0961304     -0.602564931               1
