         792
       10020       20011   52.1508179      -3.10444188               1
       10020       20012   52.7297707      -3.10045791               1
       10020       20013   53.3562851      -3.07053494               1
       10020       20014   53.9278183      -3.05531263               1
       10020       20015   55.0920181      -3.01343107               1
       10020       20016   56.2209282      -2.98687553               1
       10020       20017   61.0200157      -2.86332560               1
       10020       20018   67.2430725      -2.63455725               1
       10020       20019   92.3128891      -1.70271277               1
       10020       30012   22.2911205      -1.15200818               1
       10020       30013   22.9176369      -1.13560820               1
       10020       30014   23.4891701      -1.14774001               1
       10020       30015   24.6533737      -1.14423013               1
       10020       30016   25.7822838      -1.16816819               1
       10020       30017   30.5813770      -1.20705199               1
       10020       30018   36.8044472      -1.06913435               1
       10020       30019   61.8743515     -0.313144952               1
       10022       20011   51.8765297      -3.11275411               1
       10022       20012   52.3548317      -3.11078453               1
       10022       20013   52.8416443      -3.08922648               1
       10022       20014   53.2405739      -3.08082533               1
       10022       20015   53.9356117      -3.05884099               1
       10022       20016   54.4823227      -3.05588055               1
       10022       20017   56.3345070      -3.02705526               1
       10022       20018   58.0837975      -2.98187208               1
       10022       20019   61.5109253      -2.83233428               1
       10022       20020   77.1895142      -2.65665436               1
       10022       30012   21.9235191      -1.14365613               1
       10022       30013   22.4103355      -1.13555586               1
       10022       30014   22.8092632      -1.15011537               1
       10022       30015   23.5043011      -1.15675998               1
       10022       30016   24.0510120      -1.19329035               1
       10022       30017   25.9031982      -1.26378405               1
       10022       30018   27.6524868      -1.28042114               1
       10022       30019   31.0796261      -1.17208290               1
       10022       30020   46.7582169      -1.43876898               1
       10022       30021   78.0235062      -1.17239404               1
       10022       40021   65.1502075      -1.13203824               1
       10022       50021   62.4839020      -1.19902098               1
       10022       60021   60.3910637      -1.17734170               1
       10022       70021   59.1763916      -1.21358120               1
       10022       80021   58.3902893      -1.21538186               1
       10022       90021   57.9094162      -1.21176422               1
       10022      100021   56.9277954      -1.20289302               1
       10022      110021   56.5782928      -1.19811046               1
       10022      120021   56.0999908      -1.18362463               1
       10020       20021   116.140038      -2.09772491               1
       10022       20021   108.454773      -2.11393023               1
       20021       30012   51.2932014     -0.413385272               1
       20021       30013   51.8713264     -0.415758163               1
       20021       30014   52.3562012     -0.428744525               1
       20021       30015   53.2414322     -0.442458957               1
       20021       30016   53.9915695     -0.469211787               1
       20021       30017   56.7646713     -0.538805664               1
       20021       30018   59.7172699     -0.564999104               1
       20021       30019   67.1373367     -0.478650123               1
       20021       30020   115.040024     -0.883939207               1
       20021       40020   78.5652771      -1.04662061               1
       20021       50020   72.9529343      -1.21005511               1
       20021       60020   69.3952560      -1.20729136               1
       20021       70020   67.6159210      -1.27080882               1
       20021       80020   66.5484085      -1.28137779               1
       20021       90020   65.9264526      -1.28143847               1
       20021      100020   64.7277451      -1.27872539               1
       20021      110020   64.3119583      -1.27551949               1
       10020       20023   61.8043175      -2.82604074               1
       10022       20023   87.6726532      -2.02112198               1
       20023       30012   50.8944283     -0.397138178               1
       20023       30013   51.3413086     -0.398830175               1
       20023       30014   51.6784744     -0.408013612               1
       20023       30015   52.2068176     -0.414778084               1
       20023       30016   52.5739250     -0.431431025               1
       20023       30017   53.6753273     -0.462186635               1
       20023       30018   54.5847168     -0.477056384               1
       20023       30019   55.9906197     -0.465064079               1
       20023       30020   60.7251511     -0.539426625               1
       20023       30021   66.8205490     -0.493761271               1
       10020       30022   46.7484474      -1.43914545               1
       20021       30022   107.359459     -0.813553810               1
       20023       30022   86.5995941     -0.407795131               1
       30022       40020   58.8418198      -1.01279533               1
       30022       40021   90.1148529     -0.929940403               1
       30022       50014   16.3333111      -1.18748653               1
       30022       50015   17.0724049      -1.19370353               1
       30022       50016   17.6375675      -1.24516332               1
       30022       50020   40.4222069      -1.50091875               1
       30022       50021   71.6952362      -1.18386066               1
       30022       60021   64.0953369      -1.09421730               1
       30022       70021   61.1668015      -1.19901788               1
       30022       80021   59.6284790      -1.21184051               1
       30022       90020   27.5329552      -1.70511842               1
       30022       90021   58.8059807      -1.20997322               1
       30022      100020   26.1244144      -1.72224951               1
       30022      100021   57.3974419      -1.20561945               1
       30022      110020   25.6748180      -1.72100306               1
       30022      110021   56.9478416      -1.20097888               1
       30022      120021   56.3679733      -1.18432403               1
       10022       30024   37.9211082      -1.20935857               1
       20021       30024   60.3458099     -0.573525786               1
       20023       30024   123.735626      -1.38620043               1
       30024       50023   88.1118851      -1.91930592               1
       30024       60023   80.5325699      -1.91763639               1
       30024       70023   77.6304016      -2.03097820               1
       30024       80023   76.1192245      -2.05782461               1
       30024       90023   75.3218613      -2.06564903               1
       30024      100023   74.0052032      -2.07886815               1
       30024      110023   73.6041641      -2.08066225               1
       30024      120023   73.1087494      -2.07562184               1
       30024      130023   72.6518707      -2.08393478               1
       30024      140023   72.3249817      -2.08425903               1
       30024       40023   106.521233      -1.57746017               1
       40023       50014   77.9319382      -3.86311293               1
       40023       50015   78.5457535      -3.84166169               1
       40023       50016   78.9469757      -3.83717990               1
       40023       50017   80.1059875      -3.81016755               1
       40023       50018   81.0440445      -3.78217602               1
       40023       50019   82.4713058      -3.71706939               1
       40023       50020   87.2313919      -3.59197569               1
       40023       50021   93.3392029      -3.35966420               1
       40023       50022   113.128822      -2.79264998               1
       40023       60015   23.2684364      -1.16832209               1
       40023       60016   23.6696568      -1.19868934               1
       40023       60020   31.9541035      -1.21336317               1
       20023       40025   41.0122070      -1.19622111               1
       30024       40025   91.7320480     -0.860601187               1
       40025       50014   77.6057816      -3.87226772               1
       40025       50015   78.0871277      -3.85531878               1
       40025       50016   78.3688354      -3.85344982               1
       40025       50017   79.0926895      -3.83801436               1
       40025       50018   79.6115341      -3.82449746               1
       40025       50019   80.2575607      -3.79776812               1
       40025       50020   81.8988190      -3.76072550               1
       40025       50021   83.4390411      -3.70478106               1
       40025       50022   86.4278030      -3.60743618               1
       40025       50023   104.041519      -3.35611963               1
       40025       60015   22.8235168      -1.16233325               1
       40025       60016   23.1052208      -1.18882787               1
       40025       60017   23.8290768      -1.21853805               1
       40025       60018   24.3479271      -1.23016202               1
       40025       60019   24.9939556      -1.21138871               1
       40025       60020   26.6352158      -1.25686145               1
       40025       60021   28.1754475      -1.22806215               1
       40025       60022   31.1642189      -1.19562197               1
       40025       60023   48.7779427      -1.53048027               1
       40025       60024   80.2610474      -1.10397518               1
       40025       70024   68.5651169      -1.19859159               1
       40025       80024   64.2373428      -1.15551615               1
       40025       90024   62.3855858      -1.12592757               1
       40025      100023   28.5859966      -1.84825432               1
       40025      100024   60.0690994      -1.11183143               1
       40025      110024   59.4844398      -1.10494447               1
       40025      120024   58.8345184      -1.08484697               1
       40025      130024   58.2810555      -1.08724129               1
       40025      140024   57.9188805      -1.08113396               1
       40025      150024   57.4375305      -1.08078587               1
       20023       50024   81.6795654      -1.93640721               1
       40023       50024   150.293640      -3.00875163               1
       40025       50024   135.524536      -2.67942715               1
       30024       50026   34.2506142      -1.18431520               1
       40023       50026   88.8785782      -3.60760140               1
       40025       50026   118.397354      -3.38949490               1
       50026       60015   45.5424919     -0.472124785               1
       50026       60016   45.7972298     -0.488472342               1
       50026       60017   46.4033241     -0.509486556               1
       50026       60018   46.8089676     -0.520290375               1
       50026       60019   47.2652168     -0.520208538               1
       50026       60020   48.2738800     -0.549538136               1
       50026       60021   49.1029816     -0.553114712               1
       50026       60022   50.4548492     -0.563690603               1
       50026       60023   56.6216621     -0.734279394               1
       50026       60024   64.1987915     -0.695030749               1
       50026       70024   35.8631401      -1.32760954               1
       50026      120024   20.1231880      -1.22871768               1
       50026      150024   18.6563034      -1.23917353               1
       30024       60025   65.7433701     -0.993923485               1
       40023       60025   48.7572937      -1.53042114               1
       50026       60025   86.1406860      -1.41921949               1
       60025       70016   55.9635124      -2.47784758               1
       60025       70017   56.7670174      -2.47435045               1
       60025       70018   57.3236809      -2.46804237               1
       60025       70019   57.9967422      -2.44570351               1
       60025       70020   59.6687241      -2.43211365               1
       60025       70021   61.2234573      -2.38909197               1
       60025       70022   64.2242813      -2.31922960               1
       60025       70023   81.8587418      -2.27712345               1
       60025       70024   113.352127      -1.76761425               1
       60025       80017   22.0348568      -2.24376869               1
       60025       80018   22.5915222      -2.23344445               1
       60025       80019   23.2645836      -2.18454242               1
       60025       80020   24.9365654      -2.16953516               1
       60025       80021   26.4912968      -2.08551908               1
       60025       80022   29.4921227      -1.96427023               1
       60025       80023   47.1265831      -2.02395535               1
       60025       80024   78.6199799      -1.39077234               1
       60025       90018   13.3502264      -1.78158283               1
       60025       90019   14.0232887      -1.72214234               1
       60025       90020   15.6952705      -1.74755740               1
       60025       90021   17.2500038      -1.65656400               1
       60025       90022   20.2508316      -1.54354823               1
       60025       90023   37.8852921      -1.81362569               1
       60025       90024   69.3786926      -1.19157827               1
       60025      100023   30.7399101      -1.87520623               1
       60025      100024   62.2333145      -1.15057468               1
       60025      110023   29.4497337      -1.87901831               1
       60025      110024   60.9431381      -1.13707626               1
       60025      120023   28.2635212      -1.82997179               1
       60025      120024   59.7569275      -1.09915054               1
       60025      130023   27.3703156      -1.85709262               1
       60025      130024   58.8637199      -1.10067153               1
       60025      140023   26.8489246      -1.84924519               1
       60025      140024   58.3423309      -1.09030020               1
       60025      150024   57.7213783      -1.08941650               1
       50026       60027   90.7752914     -0.806099951               1
       60027       70016   55.6396980      -2.47897935               1
       60027       70017   56.2399254      -2.47559977               1
       60027       70018   56.6200409      -2.47109008               1
       60027       70019   57.0185623      -2.45732093               1
       60027       70020   57.8230476      -2.44817781               1
       60027       70021   58.4343643      -2.42890072               1
       60027       70022   59.3372269      -2.40308452               1
       60027       70023   62.8996391      -2.36698031               1
       60027       70024   66.5629501      -2.22974372               1
       60027       70025   74.4495621      -2.29136133               1
       60027       80024   31.8433247      -1.80342698               1
       60027       80026   66.1816254      -1.48947906               1
       60027       90026   56.9515610      -1.26304340               1
       60027      100026   49.8449249      -1.22316432               1
       60027      110026   48.5741196      -1.20866978               1
       60027      120026   47.4200974      -1.16400838               1
       60027      130026   46.5653763      -1.16705239               1
       60027      140026   46.0811386      -1.15549159               1
       60027      150026   45.5334854      -1.15617132               1
       60027      160026   45.2615700      -1.14087343               1
       60027      170026   44.6613426      -1.12714577               1
       60025       70026   96.2451172      -2.47906303               1
       60027       70026   100.901245      -1.87874138               1
       70026       80017   67.5755005      -1.89955986               1
       70026       80018   68.0450821      -1.89901769               1
       70026       80019   68.5459366      -1.88926446               1
       70026       80020   69.6038284      -1.88999736               1
       70026       80021   70.4557800      -1.87651181               1
       70026       80022   71.8263321      -1.85896528               1
       70026       80023   78.0246887      -1.88067055               1
       70026       80024   85.6173096      -1.74953926               1
       70026       80025   107.574677      -2.11452222               1
       70026       90018   28.7119045      -1.05248594               1
       70026       90019   29.2127571      -1.04411435               1
       70026       90020   30.2706528      -1.07533586               1
       70026       90021   31.1225986      -1.06710756               1
       70026       90022   32.4931526      -1.06246150               1
       70026       90023   38.6915092      -1.23383141               1
       70026       90024   46.2841339      -1.09737194               1
       70026       90025   68.2414856      -1.88256586               1
       70026      100024   26.6405449      -1.30795228               1
       70026      110024   23.9811020      -1.34180415               1
       70026      120024   21.9429531      -1.23622143               1
       70026      130024   20.5812454      -1.28007340               1
       70026      140024   19.8740654      -1.25478935               1
       70026      150024   19.1343403      -1.27011859               1
       60025       70028   65.9717484      -2.34339046               1
       60027       70028   90.7913742      -2.03196049               1
       70028       80017   67.2574081      -1.89795494               1
       70028       80018   67.6304855      -1.89745402               1
       70028       80019   67.9925842      -1.89019847               1
       70028       80020   68.6547699      -1.88940871               1
       70028       80021   69.1196976      -1.88106644               1
       70028       80022   69.7446060      -1.87132835               1
       70028       80023   71.9036102      -1.86866689               1
       70028       80024   73.8388138      -1.81554961               1
       70028       80025   77.3165131      -1.85588717               1
       70028       80026   85.3667221      -1.76293254               1
       70028       90018   28.3052559      -1.03672040               1
       70028       90020   29.3295441      -1.04794753               1
       70028       90021   29.7944736      -1.04172516               1
       70028       90023   32.5783806      -1.08608210               1
       70028       90024   34.5135841      -1.01632249               1
       70028       90027   62.8113861      -1.18444252               1
       70028      100027   43.1947746      -1.35471916               1
       70028      110027   40.5485954      -1.37813473               1
       70028      120027   38.5321884      -1.32087135               1
       70028      130027   37.1960335      -1.34793472               1
       70028      140027   36.5128517      -1.33595824               1
       70028      150027   35.8188477      -1.34613347               1
       70028      160027   35.5073204      -1.32494926               1
       70028      170027   34.8792076      -1.31098318               1
       70028      180027   34.5061302      -1.30561852               1
       50026       80027   54.4254570      -1.19614017               1
       70026       80027   112.231682      -1.58992481               1
       70028       80027   102.136612      -1.69750667               1
       80027       90018   71.3198700     -0.739838660               1
       80027       90019   71.7737427     -0.738492668               1
       80027       90020   72.6375885     -0.751137674               1
       80027       90021   73.2759857     -0.749970257               1
       80027       90022   74.2006683     -0.749900281               1
       80027       90023   77.7992096     -0.797081947               1
       80027       90024   81.4800873     -0.755414486               1
       80027       90025   89.3840408     -0.937177122               1
       80027       90026   115.852112     -0.887107730               1
       80027      100026   59.2701263      -1.16466665               1
       80027      110026   53.7290421      -1.21663177               1
       80027      120026   50.2128906      -1.14462113               1
       80027      130026   48.1076050      -1.17650568               1
       80027      140026   47.1142387      -1.16087008               1
       80027      150026   46.1755142      -1.16983140               1
       80027      160026   45.7753105      -1.14667952               1
       80027      170026   44.9936829      -1.12999535               1
       70026       80029   79.5584564      -1.83008540               1
       70028       80029   116.190216      -1.65279150               1
       80029       90018   71.0232849     -0.736696959               1
       80029       90019   71.3860931     -0.736286461               1
       80029       90020   72.0060577     -0.746444345               1
       80029       90021   72.4206848     -0.746685266               1
       80029       90022   72.9490128     -0.748221576               1
       80029       90023   74.6496124     -0.775444150               1
       80029       90024   76.0769577     -0.760770380               1
       80029       90025   78.4486084     -0.823486686               1
       80029       90026   83.1888275     -0.840680957               1
       80029       90027   90.4367676     -0.899785221               1
       80029      100028   63.2630692      -1.30687022               1
       80029      110028   57.7324677      -1.36894739               1
       80029      120028   54.2333603      -1.31246626               1
       80029      130028   52.1478844      -1.34823883               1
       80029      140028   51.1728172      -1.33719397               1
       80029      150028   50.2681961      -1.34841239               1
       80029      160028   49.8944130      -1.32915246               1
       80029      170028   49.1952705      -1.31742227               1
       80029      180028   48.8002129      -1.31267726               1
       80029      190028   48.4374084      -1.31759644               1
       60027       90028   46.8416786      -1.42713547               1
       80027       90028   105.760117     -0.923975825               1
       80029       90028   119.823494     -0.971274972               1
       90028      100020   30.7041302     -0.912500918               1
       90028      100027   64.3290100      -1.11883998               1
       90028      110027   49.2430649      -1.36687422               1
       90028      120027   42.5840721      -1.27194262               1
       90028      130027   39.1874123      -1.36247253               1
       90028      140027   37.7567558      -1.34498560               1
       90028      150027   36.5421028      -1.37041008               1
       90028      160027   36.0720673      -1.33654773               1
       90028      170027   35.2344017      -1.31763649               1
       90028      180027   34.7708397      -1.31012750               1
       80027       90030   79.8981857     -0.790893435               1
       80029       90030   103.185616     -0.558601320               1
       70028      100029   57.2483826      -1.34811521               1
       90028      100029   78.3963699      -1.15637350               1
      100029      110020   79.4036102      -1.95517588               1
      100029      110021   79.8861465      -1.94872260               1
      100029      110022   80.4660339      -1.94220352               1
      100029      110023   82.2463531      -1.94317019               1
      100029      110024   83.7108307      -1.90946233               1
      100029      110026   90.8912582      -1.89348233               1
      100029      110027   98.1560211      -1.87036407               1
      100029      110028   127.560501      -1.71394384               1
      100029      120028   77.0656357      -1.21629131               1
      100029      130028   60.7684288      -1.41254807               1
      100029      140028   55.7196884      -1.35740232               1
      100029      150028   52.4934502      -1.41309595               1
      100029      160028   51.5163803      -1.35632420               1
      100029      170028   50.1312866      -1.33183300               1
      100029      180028   49.4652519      -1.32202482               1
      100029      190028   48.9358711      -1.32720327               1
       90030      100031   91.5628357      -1.70935380               1
      100031      110020   78.9057846      -1.95547044               1
      100031      110021   79.2458725      -1.95087123               1
      100031      110022   79.6069107      -1.94679105               1
      100031      110023   80.5319443      -1.94631171               1
      100031      110024   81.1820145      -1.92949295               1
      100031      110025   82.0900421      -1.93606639               1
      100031      110026   83.4844666      -1.92057407               1
      100031      110027   84.9227600      -1.90958261               1
      100031      110028   88.3369370      -1.85887182               1
      100031      110029   93.9791565      -1.73678195               1
      100031      120021   28.7698879      -1.03442335               1
      100031      120024   30.7060299      -1.03568840               1
      100031      120030   90.2892761      -1.76938522               1
      100031      130030   74.0135651      -2.05206943               1
      100031      140030   68.9840164      -2.05434871               1
      100031      150030   65.7920761      -2.13268685               1
      100031      160030   64.8403015      -2.09882069               1
      100031      170030   63.5303841      -2.09597564               1
      100031      180030   62.9217949      -2.09618926               1
      100031      190030   62.4649696      -2.10514188               1
      100031      200030   61.8594894      -2.10633588               1
      100031      210030   61.5194016      -2.11309433               1
      100029      110030   110.954979      -1.44162464               1
      100031      110030   140.765274      -2.02176833               1
      110030      120021   60.0333633     -0.812603593               1
      110030      120022   60.4749756     -0.814535260               1
      110030      120023   61.6490822     -0.835877299               1
      110030      120024   62.5104523     -0.822708011               1
      110030      120025   63.7751923     -0.857521653               1
      110030      120026   65.8860855     -0.860301197               1
      110030      120027   68.3666534     -0.871441066               1
      110030      120028   75.3542023     -0.831672549               1
      110030      120029   91.6909485     -0.590059400               1
      110030      130029   52.1578102     -0.749304831               1
      110030      140029   42.5523758     -0.484589964               1
      100029      110032   87.7580948      -1.83376849               1
      100031      110032   127.693527      -2.38623118               1
      110032      120021   59.7130890     -0.808839679               1
      110032      120022   60.0542221     -0.810743392               1
      110032      120023   60.8607254     -0.826301455               1
      110032      120024   61.3941422     -0.818301320               1
      110032      120025   62.0986595     -0.837777972               1
      110032      120026   63.0963097     -0.842012107               1
      110032      120027   64.0153122     -0.849257648               1
      110032      120028   65.9292755     -0.842795074               1
      110032      120029   68.5106735     -0.804598629               1
      110032      120030   84.6273117      -1.12667942               1
      110032      130031   68.9190369      -2.66801834               1
       90030      120031   69.8489685      -1.98683572               1
      110030      120031   121.496132      -1.47108233               1
      110032      120031   108.439713      -1.83408475               1
      120031      130022   50.6861229      -1.86120164               1
      120031      130023   51.7035065      -1.86429465               1
      120031      130024   52.3947372      -1.83870912               1
      120031      130025   53.3412552      -1.85162258               1
      120031      130026   54.7701073      -1.83074093               1
      120031      130027   56.2255974      -1.81684816               1
      120031      130028   59.6575050      -1.74722672               1
      120031      130029   65.3094406      -1.58115363               1
      120031      130030   112.117035      -2.00412512               1
      120031      140023   21.7404709      -1.38296700               1
      120031      140024   22.4317036      -1.33803785               1
      120031      140030   82.1539993      -1.92774975               1
      120031      150030   70.3557968      -2.20296836               1
      120031      160030   67.7289047      -2.10375357               1
      120031      170030   64.9552307      -2.09677434               1
      120031      180030   63.8487129      -2.09576702               1
      120031      190030   63.1198654      -2.10810733               1
      120031      200030   62.2867546      -2.10826635               1
      120031      210030   61.8562889      -2.11576533               1
      110030      120033   71.1358871     -0.908837438               1
      110032      120033   99.6611862      -1.07507956               1
      120033      130022   50.3254204      -1.86663187               1
      120033      130023   51.0558929      -1.87082291               1
      120033      130024   51.5039597      -1.85492682               1
      120033      130025   52.0580139      -1.86280692               1
      120033      130026   52.7745056      -1.85426724               1
      120033      130027   53.3588066      -1.84931529               1
      120033      130028   54.4232330      -1.82391894               1
      120033      130029   55.6249084      -1.77563715               1
      120033      130030   61.7803497      -1.79090273               1
      120033      130031   68.3023148      -1.95044148               1
      120033      140031   38.3500710      -1.74478638               1
      120033      140032   60.3564911      -1.43863082               1
      120033      150032   48.5770111      -1.71826935               1
      120033      160032   45.9634743      -1.54466021               1
      120033      170031   21.2217655      -2.11398196               1
      120033      170032   43.2281837      -1.49856985               1
      120033      180032   42.1500397      -1.48131299               1
      120033      190032   41.4552460      -1.48826277               1
      120033      200032   40.6980667      -1.47610974               1
      120033      210032   40.3260117      -1.47942281               1
      120033      220031   17.9768982      -2.18506217               1
      120033      220032   39.9833183      -1.48058403               1
      120033      230032   39.2528419      -1.46794868               1
      120031      130032   99.0632095      -2.47172379               1
      120033      130032   90.3087311      -1.69571292               1
      130032      140023   52.4085350     -0.237313420               1
      130032      140024   53.0002060     -0.233959273               1
      130032      140025   53.7583466     -0.266504139               1
      130032      140026   54.8033028     -0.283158481               1
      130032      140027   55.7456322     -0.301526695               1
      130032      140028   57.6833725     -0.312798321               1
      130032      140029   60.2776604     -0.292156309               1
      130032      140030   76.4225159     -0.757468641               1
      130032      140031   100.247246      -1.61055791               1
      130032      150031   64.2045670      -2.92872000               1
      120031      130034   59.9209900      -1.82286501               1
      120033      130034   96.8478241      -1.18102312               1
      130034      140023   51.9320564     -0.226272985               1
      130034      140024   52.3565826     -0.224376291               1
      130034      140025   52.8552094     -0.245976031               1
      130034      140026   53.4573402     -0.257138371               1
      130034      140027   53.9049644     -0.266528785               1
      130034      140028   54.6384468     -0.269150734               1
      130034      140029   55.3558311     -0.257777214               1
      130034      140030   58.4767151     -0.320078611               1
      130034      140031   61.1247215     -0.422736973               1
      130034      140032   67.1936417     -0.430408537               1
      130034      150024   16.3294182      -2.34836173               1
      130034      150032   31.1664772      -1.78141773               1
      130034      150033   62.0236626     -0.928682029               1
      130034      160033   56.1624908     -0.597712755               1
      130034      170033   51.3107300     -0.512865245               1
      130034      180033   49.6203575     -0.479402214               1
      130034      190033   48.6325951     -0.478156269               1
      130034      200033   47.6721001     -0.452971369               1
      130034      210033   47.2323494     -0.449431628               1
      130034      220033   46.8549576     -0.443537414               1
      130034      230033   46.1187935     -0.417393029               1
      130034      240033   45.6942673     -0.421341896               1
      110032      140033   50.5459671      -1.45795166               1
      130032      140033   91.4922028     -0.762290955               1
      130034      140033   98.0508499     -0.316167414               1
      140033      150024   36.4293327      -3.22149563               1
      140033      150025   37.0425148      -3.21053338               1
      140033      150026   37.8101006      -3.17071533               1
      140033      150027   38.4191360      -3.14297867               1
      140033      150028   39.5083694      -3.07182980               1
      140033      150029   40.7233047      -2.96813321               1
      140033      150030   46.9073868      -2.83081055               1
      140033      150031   53.4417915      -2.90753531               1
      140033      150032   75.4591675      -2.32329106               1
      140033      160030   28.5466080      -1.50612009               1
      140033      160031   35.0810051      -1.86974609               1
      140033      160032   57.0984077      -1.49780619               1
      140033      170031   25.1118450      -1.92385626               1
      140033      170032   47.1292496      -1.44796193               1
      140033      180031   22.2269363      -1.97370338               1
      140033      180032   44.2443390      -1.44197333               1
      140033      190031   20.7346573      -2.07604766               1
      140033      190032   42.7520599      -1.47304976               1
      140033      200031   19.4407139      -2.10354424               1
      140033      200032   41.4581184      -1.46712351               1
      140033      210031   18.8789406      -2.14244652               1
      140033      210032   40.8963432      -1.47633982               1
      140033      220031   18.4140244      -2.16679955               1
      140033      220032   40.4314270      -1.47977161               1
      140033      230032   39.5436935      -1.46589136               1
      130032      140035   61.2548294     -0.393169701               1
      130034      140035   92.3816605     -0.858729661               1
      140035      150024   36.0873260      -3.24456239               1
      140035      150025   36.5713692      -3.23638511               1
      140035      150026   37.1295013      -3.20926714               1
      140035      150027   37.5205650      -3.19269443               1
      140035      150028   38.1200180      -3.15354681               1
      140035      150029   38.6565247      -3.10480595               1
      140035      150030   40.7602005      -3.02371383               1
      140035      150031   42.3275757      -3.00985742               1
      140035      150032   45.2328300      -2.86638880               1
      140035      150033   55.2482338      -2.40542483               1
      140035      160034   58.0050163      -1.64007926               1
      140035      170034   48.0547676      -1.62073040               1
      140035      180034   45.1835289      -1.62580681               1
      140035      190034   43.7071266      -1.66192079               1
      140035      200034   42.4470024      -1.66175544               1
      140035      210034   41.9102020      -1.67257369               1
      140035      220034   41.4789124      -1.67718446               1
      140035      230034   40.6996346      -1.66755819               1
      140035      240034   40.2717552      -1.68403530               1
      140035      250034   39.7877121      -1.67256677               1
      120033      150034   55.1161118     -0.811200857               1
      140033      150034   82.0179672      -1.66520143               1
      140035      150034   76.3590622      -2.42154098               1
      150034      160025   60.8008080      -2.20258331               1
      150034      160026   61.4782562      -2.19257259               1
      150034      160027   61.9611664      -2.18673849               1
      150034      160028   62.7290230      -2.16609931               1
      150034      160029   63.4643326      -2.13427019               1
      150034      160030   66.6229706      -2.10078883               1
      150034      160031   69.2871475      -2.12325025               1
      150034      160032   75.3701401      -1.99300790               1
      150034      160033   106.242897      -1.43360329               1
      150034      170026   18.2979507      -1.48995352               1
      150034      170027   18.7808628      -1.48877203               1
      150034      170028   19.5487194      -1.44995964               1
      150034      170029   20.2840309      -1.37633395               1
      150034      170030   23.4426689      -1.38330472               1
      150034      170031   26.1068420      -1.51613557               1
      150034      170032   32.1898460      -1.32591093               1
      150034      170033   63.0626259     -0.710052431               1
      150034      180032   23.7744255      -1.13572764               1
      150034      180033   54.6472092     -0.532473326               1
      150034      190033   51.2781448     -0.520600498               1
      150034      200033   49.0249329     -0.474098146               1
      150034      210033   48.1794472     -0.470682502               1
      150034      220033   47.5664673     -0.462274790               1
      150034      230033   46.5607796     -0.427057177               1
      150034      240033   46.0312386     -0.431654096               1
      140033      150036   45.5796432      -2.82914519               1
      140035      150036   70.0647964      -1.96903133               1
      150036      160025   60.4174995      -2.21391845               1
      150036      160026   60.9474030      -2.20891738               1
      150036      160027   61.2904015      -2.20714974               1
      150036      160028   61.7744980      -2.19780016               1
      150036      160029   62.1674042      -2.18390417               1
      150036      160030   63.5529709      -2.17487502               1
      150036      160031   64.4760818      -2.18309045               1
      150036      160032   65.9304886      -2.15981889               1
      150036      160033   69.8199158      -2.07214141               1
      150036      160034   75.5424271      -2.08509326               1
      150036      170026   17.7857647      -1.52442157               1
      150036      170027   18.1287632      -1.53139663               1
      150036      170028   18.6128597      -1.51794171               1
      150036      170029   19.0057640      -1.48654258               1
      150036      170031   21.3144455      -1.55961621               1
      150036      170032   22.7688522      -1.53205526               1
      150036      170035   51.1493988     -0.902944803               1
      150036      180035   42.7472534     -0.713807821               1
      150036      190035   39.3932381     -0.713341296               1
      150036      200035   37.1710548     -0.663721800               1
      150036      210035   36.3478432     -0.662961245               1
      150036      220035   35.7638664     -0.654370785               1
      150036      230035   34.8472633     -0.613157511               1
      150036      240035   34.3853683     -0.618582129               1
      150036      250035   33.8935432     -0.588325858               1
      150036      260035   33.3636398     -0.571642876               1
      130034      160035   50.4933281      -1.62198544               1
      150034      160035   100.589104      -1.99481165               1
      150036      160035   94.3110123      -1.62971234               1
      160035      170026   39.8214417      -1.08946013               1
      160035      170027   40.2546082      -1.09617865               1
      160035      170028   40.8941193      -1.09109187               1
      160035      170029   41.4511147      -1.07228482               1
      160035      170030   43.5970726      -1.09558105               1
      160035      170031   45.1823463      -1.14998364               1
      160035      170032   48.1030502      -1.12760603               1
      160035      170033   58.1353645     -0.989220858               1
      160035      170034   79.2561264      -1.38210917               1
      160035      180034   55.1608162      -1.47325182               1
      160035      190034   48.1173782      -1.62347877               1
      160035      200034   44.4245071      -1.64584315               1
      160035      210034   43.2007294      -1.67565930               1
      160035      220034   42.4053154      -1.68509972               1
      160035      230034   41.2494736      -1.66960251               1
      160035      240034   40.6836929      -1.68988025               1
      160035      250034   40.0851555      -1.67531836               1
      150034      160037   69.5225830      -2.08314776               1
      150036      160037   122.099068      -1.67120779               1
      160037      170026   39.3846359      -1.08778477               1
      160037      170027   39.7114677      -1.09437561               1
      160037      170028   40.1484985      -1.09287858               1
      160037      170029   40.4818306      -1.08302379               1
      160037      170030   41.5802765      -1.09453762               1
      160037      170031   42.2640648      -1.11503637               1
      160037      170032   43.2408638      -1.10966206               1
      160037      170033   45.4822426      -1.07159209               1
      160037      170034   48.2152481      -1.11516845               1
      160037      170035   54.4025993     -0.955369413               1
      160037      180035   30.3199387     -0.782356083               1
      160037      180036   76.7100296      -1.10505641               1
      160037      190036   69.6807556      -1.17143798               1
      160037      200036   66.0166016      -1.16146994               1
      160037      210036   64.8131409      -1.17203474               1
      160037      220036   64.0437241      -1.17188191               1
      160037      230036   62.9656754      -1.15301561               1
      160037      240036   62.4576187      -1.16022575               1
      160037      250035   15.5500441     -0.644252837               1
      160037      250036   61.9401321      -1.14733493               1
      160037      260036   61.4080544      -1.14285481               1
      160037      270036   61.0812263      -1.13886440               1
      140035      170036   41.7605362     -0.740820467               1
      160035      170036   72.9786530     -0.857874036               1
      160037      170036   100.792694      -1.12133622               1
      170036      180027   61.2629433      -1.49742675               1
      170036      180028   61.8197670      -1.49434352               1
      170036      180029   62.2485199      -1.48482156               1
      170036      180030   63.7053871      -1.49213326               1
      170036      180031   64.6580505      -1.51060688               1
      170036      180032   66.1374741      -1.50242925               1
      170036      180033   70.0536804      -1.45171893               1
      170036      180034   75.7917404      -1.51167846               1
      170036      180035   94.5702896      -1.17129362               1
      170036      190035   55.2999382     -0.967697382               1
      170036      200035   42.7603455     -0.760121346               1
      170036      210035   39.5084000     -0.764796555               1
      170036      220035   37.8247948     -0.742430806               1
      170036      240035   35.1783142     -0.661909521               1
      170036      250035   34.4443207     -0.616228104               1
      170036      260035   33.7302246     -0.590346992               1
      160035      170038   47.9337769      -1.05500996               1
      160037      170038   86.7084885      -2.94037724               1
      170038      180027   60.9294243      -1.49372101               1
      170038      180028   61.3733101      -1.49103844               1
      170038      180029   61.6851425      -1.48382974               1
      170038      180030   62.6327858      -1.48503375               1
      170038      180031   63.1842117      -1.49211669               1
      170038      180032   63.9045067      -1.48632443               1
      170038      180033   65.3509293      -1.46462703               1
      170038      180034   66.8750610      -1.47448075               1
      170038      180035   69.5455780      -1.42076194               1
      170038      180036   83.7598267      -1.48897088               1
      170038      190037   69.0577240      -3.56143904               1
      170038      200037   56.5378304      -3.97943020               1
      170038      220037   51.6333809      -4.27282381               1
      170038      240037   49.0745850      -4.40116453               1
      170038      250037   48.3914719      -4.42427444               1
      170038      260037   47.7495499      -4.45916510               1
      170038      270037   47.3888779      -4.47733545               1
      170038      280037   46.9449921      -4.50905371               1
      150036      180037   70.5353012      -1.14646721               1
      160035      180037   30.2876148     -0.781133890               1
      170036      180037   122.382889      -1.31700265               1
      170038      180037   108.318184      -2.79904175               1
      180037      190028   46.7312469      -1.10848975               1
      180037      190029   47.1129150      -1.09979200               1
      180037      190030   48.3056335      -1.11128771               1
      180037      190031   49.0280876      -1.12963557               1
      180037      190032   50.0372925      -1.12510514               1
      180037      190035   61.2657204     -0.985742092               1
      180037      190036   107.675133      -1.12798893               1
      180037      200036   76.6846085      -1.11074984               1
      180037      210036   70.1616058      -1.19183350               1
      180037      220036   67.2921066      -1.20419872               1
      180037      230036   64.5991058      -1.16425455               1
      180037      240036   63.6005974      -1.17783117               1
      180037      250035   16.3100090     -0.705579221               1
      180037      250036   62.7194176      -1.15709233               1
      180037      260036   61.9202766      -1.14898682               1
      180037      270036   61.4809227      -1.14256203               1
      170036      180039   70.6218643      -1.32384431               1
      170038      180039   91.7688065      -1.40954971               1
      180039      190028   46.3180389      -1.10643172               1
      180039      190029   46.6036835      -1.10042393               1
      180039      190030   47.4045830      -1.10676181               1
      180039      190031   47.8404312      -1.11526501               1
      180039      190032   48.3614159      -1.11163974               1
      180039      190033   49.2778511      -1.09392846               1
      180039      190036   55.9368706     -0.961775839               1
      180039      190037   61.4356041      -1.28446639               1
      180039      200038   46.1170807      -1.15800798               1
      180039      210038   39.6084557      -1.30929601               1
      180039      220038   36.7568092      -1.34095967               1
      180039      230038   34.1149406      -1.27706969               1
      180039      250037   16.6700535      -1.81942606               1
      180039      250038   32.3211937      -1.27039194               1
      180039      260037   15.9391012      -1.81894612               1
      180039      260038   31.5902405      -1.25744605               1
      180039      270037   15.5562906      -1.81153286               1
      180039      270038   31.2074299      -1.24686289               1
      180039      280037   15.1175680      -1.82993865               1
      180039      280038   30.7687073      -1.24785471               1
      180039      290038   30.4830627      -1.25836480               1
      180037      190038   93.6124573      -2.81426883               1
      180039      190038   77.0867462      -1.16287982               1
      190038      200036   63.0240784     -0.454754889               1
      190038      200037   87.5923004      -2.36503792               1
      190038      210037   63.4197578      -3.53168011               1
      190038      220037   56.5714951      -3.95997190               1
      190038      250037   49.2516861      -4.36400890               1
      190038      260037   48.2858772      -4.42062235               1
      190038      270037   47.7973366      -4.44617891               1
      190038      280037   47.2457657      -4.48584890               1
      180039      190040   93.8560791     -0.730229378               1
      190040      200038   56.6191597     -0.238317490               1
      190040      210039   63.6990509     -0.456692249               1
      190040      220039   56.8650131     -0.512523293               1
      190040      230039   52.2073174     -0.429304540               1
      190040      240039   50.7764511     -0.446635008               1
      190040      250039   49.6518288     -0.407072008               1
      190040      260039   48.7374344     -0.385488153               1
      190040      270039   48.2904396     -0.370827556               1
      190040      280039   47.8089867     -0.363365978               1
      190040      290039   47.5130310     -0.364662200               1
      190040      300039   46.7284470     -0.345681667               1
      170038      200039   39.9883690      -1.27921462               1
      190038      200039   71.0635910     -0.469272763               1
      190040      200039   87.8601151     -0.139605373               1
      200039      210030   64.6633224      -1.26594317               1
      200039      210031   65.1680298      -1.27159190               1
      200039      210032   65.7439117      -1.26767838               1
      200039      210033   66.7154922      -1.25234103               1
      200039      210034   67.5870972      -1.25097978               1
      200039      210035   68.7661667      -1.21263015               1
      200039      210036   73.4512634      -1.13684857               1
      200039      210037   78.9656219      -1.37609315               1
      200039      210038   94.6306000      -1.26190233               1
      200039      220032   26.6894588      -1.67467904               1
      200039      220038   55.5761490      -1.45329809               1
      200039      230038   39.9543114      -1.24865866               1
      200039      250037   18.5954742      -1.79327977               1
      200039      250038   34.2604561      -1.28712273               1
      200039      260038   32.6884422      -1.26650918               1
      200039      270038   32.0047264      -1.24830592               1
      200039      280038   31.3328381      -1.24889791               1
      200039      290038   30.9458771      -1.26127303               1
      180039      210040   56.3777924     -0.545481443               1
      200039      210040   111.425751     -0.882544100               1
      210040      220031   56.9536896      -1.19691622               1
      210040      220032   57.4900589      -1.19429481               1
      210040      220033   58.3307343      -1.18235683               1
      210040      220034   59.0361061      -1.18270028               1
      210040      220035   59.8911858      -1.15302145               1
      210040      220036   62.8827820      -1.09361851               1
      210040      220037   65.9401245      -1.23321068               1
      210040      220038   72.2880096      -1.17604399               1
      210040      220039   103.548691     -0.809433162               1
      210040      230039   62.7648697     -0.461789131               1
      210040      240039   56.1588707     -0.545721471               1
      210040      250038   21.2623825      -1.18842399               1
      210040      250039   52.5230713     -0.458286226               1
      210040      260038   18.9894714      -1.16290295               1
      210040      260039   50.2501602     -0.415616333               1
      210040      270038   18.0902996      -1.12529409               1
      210040      270039   49.3509865     -0.388214767               1
      210040      280038   17.2788067      -1.12610829               1
      210040      280039   48.5394974     -0.376181960               1
      210040      290038   16.8458195      -1.14819312               1
      210040      290039   48.1065063     -0.377165794               1
      210040      300039   47.0923843     -0.352842629               1
