         792
       10020       20011   50.6702194      -4.47462511               1
       10020       20012   51.4240799      -4.52584600               1
       10020       20013   52.2549553      -4.55138111               1
       10020       20014   52.8007278      -4.52160311               1
       10020       20015   53.9027138      -4.48615122               1
       10020       20016   55.0419197      -4.42767906               1
       10020       20017   61.4515724      -4.43615484               1
       10020       20018   67.4833298      -4.05870771               1
       10020       20019   90.5308456      -2.54745913               1
       10020       30012   22.3645058      -4.87231541               1
       10020       30013   23.1953831      -4.91743088               1
       10020       30014   23.7411518      -4.84278917               1
       10020       30015   24.8431377      -4.75162125               1
       10020       30016   25.9823437      -4.61611271               1
       10020       30017   32.3919945      -4.59490490               1
       10020       30018   38.4237556      -3.90707707               1
       10020       30019   61.4713287      -1.73826182               1
       10022       20011   50.3393021      -4.48418903               1
       10022       20012   50.9510231      -4.53172255               1
       10022       20013   51.5878563      -4.55995274               1
       10022       20014   51.9657516      -4.54526472               1
       10022       20015   52.6282768      -4.53833961               1
       10022       20016   53.2020569      -4.52548122               1
       10022       20017   55.9557114      -4.63622856               1
       10022       20018   57.9652100      -4.58739710               1
       10022       20019   62.4037514      -4.41867304               1
       10022       20020   77.5960159      -4.89715099               1
       10022       30012   21.9025002      -4.89236069               1
       10022       30013   22.5393314      -4.94678450               1
       10022       30014   22.9172287      -4.90710020               1
       10022       30015   23.5797520      -4.88147736               1
       10022       30016   24.1535339      -4.84500360               1
       10022       30017   26.9071903      -5.04261160               1
       10022       30018   28.9166851      -4.91648579               1
       10022       30019   33.3552246      -4.55703163               1
       10022       30020   48.5474968      -5.27851009               1
       10022       30021   78.9001541      -5.06267357               1
       10022       40021   66.3815765      -5.04697227               1
       10022       50021   64.2471619      -5.17405462               1
       10022       60021   61.6623917      -5.11633253               1
       10022       70021   60.3137817      -5.14431238               1
       10022       80021   59.5593262      -5.14410782               1
       10022       90021   58.9798164      -5.16564655               1
       10022      100021   57.9843483      -5.15009356               1
       10022      110021   57.6093826      -5.16332197               1
       10022      120021   56.9976578      -5.12811995               1
       10020       20021   114.766312      -4.51706648               1
       10022       20021   107.948677      -4.84662437               1
       20021       30012   50.1012421      -3.26038504               1
       20021       30013   50.8810616      -3.31031203               1
       20021       30014   51.3592796      -3.30057740               1
       20021       30015   52.2467880      -3.30711460               1
       20021       30016   53.0795403      -3.30114532               1
       20021       30017   57.3827591      -3.51549530               1
       20021       30018   60.8853073      -3.44788170               1
       20021       30019   70.2787781      -3.10871220               1
       20021       30020   113.785042      -3.95176768               1
       20021       40020   78.6966019      -4.23388863               1
       20021       50020   74.2475204      -4.50344610               1
       20021       60020   69.8712158      -4.46892500               1
       20021       70020   67.8800354      -4.51834393               1
       20021       80020   66.8558350      -4.51995420               1
       20021       90020   66.1091003      -4.54431534               1
       20021      100020   64.8792343      -4.52484703               1
       20021      110020   64.4245987      -4.53744459               1
       10020       20023   61.6623077      -4.38097334               1
       10022       20023   96.6948700      -3.77727842               1
       20023       30012   49.5556488      -3.22083402               1
       20023       30013   50.1283722      -3.25612545               1
       20023       30014   50.4391022      -3.24768925               1
       20023       30015   50.9237976      -3.24670815               1
       20023       30016   51.2919884      -3.23977327               1
       20023       30017   52.8811264      -3.31138182               1
       20023       30018   53.9007301      -3.28566146               1
       20023       30019   55.7631798      -3.19985914               1
       20023       30020   60.7118034      -3.32015777               1
       20023       30021   67.1468811      -3.16633010               1
       10020       30022   48.5318985      -5.27990294               1
       20021       30022   106.970352      -4.24838638               1
       20023       30022   95.7489624      -3.09885550               1
       30022       40020   63.5482941      -3.79755068               1
       30022       40021   93.9089508      -4.09455681               1
       30022       50014   20.9257870      -4.29662132               1
       30022       50015   21.6316090      -4.28168678               1
       30022       50016   22.2235947      -4.25426054               1
       30022       50020   46.7133255      -5.00987720               1
       30022       50021   77.0739899      -4.89420319               1
       30022       60021   66.4776840      -4.91843319               1
       30022       70021   62.7626686      -5.06276894               1
       30022       80021   61.1508865      -5.08350277               1
       30022       90020   29.7463970      -5.55839968               1
       30022       90021   60.1070557      -5.13300896               1
       30022      100020   28.2284126      -5.57469511               1
       30022      100021   58.5890732      -5.12983847               1
       30022      110020   27.7246437      -5.63155746               1
       30022      110021   58.0853043      -5.15312147               1
       30022      120021   57.3242760      -5.11511040               1
       10022       30024   42.7612495      -4.61492205               1
       20021       30024   60.1455193      -3.38985991               1
       20023       30024   126.653870      -4.42617941               1
       30024       50023   96.8004227      -4.99518061               1
       30024       60023   86.2308121      -5.02733469               1
       30024       70023   82.5470810      -5.14182520               1
       30024       80023   80.9657669      -5.15905142               1
       30024       90023   79.9585037      -5.19634151               1
       30024      100023   78.5410309      -5.19754171               1
       30024      110023   78.0936890      -5.21445417               1
       30024      120023   77.4517593      -5.19248199               1
       30024      130023   76.8511047      -5.18270493               1
       30024      140023   76.5459061      -5.19503307               1
       30024       40023   113.626213      -4.31956339               1
       40023       50014   77.5869598      -4.92437220               1
       40023       50015   78.1514359      -4.91132498               1
       40023       50016   78.5518417      -4.89770603               1
       40023       50017   80.2198715      -4.91240215               1
       40023       50018   81.2684631      -4.87427425               1
       40023       50019   83.1566238      -4.78019190               1
       40023       50020   88.1324387      -4.77439308               1
       40023       50021   94.5802155      -4.56580162               1
       40023       50022   123.199265      -4.18850899               1
       40023       60015   23.7408600      -3.79481578               1
       40023       60016   24.1412697      -3.76901913               1
       40023       60020   33.7218704      -3.76740718               1
       20023       40025   42.2005424      -4.94485331               1
       30024       40025   96.8708115      -3.82725024               1
       40025       50014   77.1725159      -4.92835474               1
       40025       50015   77.5968552      -4.92000914               1
       40025       50016   77.8595505      -4.91240788               1
       40025       50017   78.8296432      -4.92935514               1
       40025       50018   79.3617172      -4.91631985               1
       40025       50019   80.1557388      -4.88944817               1
       40025       50020   81.8040390      -4.91677189               1
       40025       50021   83.3631439      -4.88885498               1
       40025       50022   87.7895813      -4.91520786               1
       40025       50023   104.770279      -5.19747066               1
       40025       60015   23.2048912      -3.79959679               1
       40025       60016   23.4675884      -3.78691912               1
       40025       60017   24.4376755      -3.88626552               1
       40025       60018   24.9697495      -3.86706233               1
       40025       60019   25.7637749      -3.81579638               1
       40025       60020   27.4120750      -3.96189523               1
       40025       60021   28.9711761      -3.93295383               1
       40025       60022   33.3976097      -4.12891817               1
       40025       60023   50.3782921      -4.98096132               1
       40025       60024   83.0153427      -4.41475677               1
       40025       70024   70.9912643      -4.64957094               1
       40025       80024   67.1360855      -4.63444519               1
       40025       90024   65.1065979      -4.69229269               1
       40025      100023   30.1083450      -5.89666843               1
       40025      100024   62.7453766      -4.67124557               1
       40025      110024   62.1073761      -4.69670248               1
       40025      120024   61.2826614      -4.65351868               1
       40025      130024   60.5662537      -4.63087273               1
       40025      140024   60.2348022      -4.64460850               1
       40025      150024   59.8104591      -4.65342236               1
       20023       50024   87.1523514      -5.11183929               1
       40023       50024   154.139053      -5.06098652               1
       40025       50024   137.407318      -4.80396986               1
       30024       50026   38.0230675      -4.26643038               1
       40023       50026   88.4410095      -4.97664785               1
       40025       50026   118.563454      -5.08641052               1
       50026       60015   42.4197960      -2.28005528               1
       50026       60016   42.6484299      -2.27937174               1
       50026       60017   43.4305000      -2.34262776               1
       50026       60018   43.8269043      -2.34443069               1
       50026       60019   44.3595924      -2.33830214               1
       50026       60020   45.3268356      -2.41048670               1
       50026       60021   46.1126747      -2.41703606               1
       50026       60022   47.9950905      -2.52156162               1
       50026       60023   53.5652962      -2.92272449               1
       50026       60024   60.5120430      -2.89735556               1
       50026       70024   33.8338547      -4.02678728               1
       50026      120024   19.6101456      -4.33951950               1
       50026      150024   18.0922737      -4.34470034               1
       30024       60025   69.4753723      -4.51158667               1
       40023       60025   50.3517113      -4.98109865               1
       50026       60025   83.6864624      -3.81770778               1
       60025       70016   55.2455368      -6.66488743               1
       60025       70017   56.3222733      -6.65818787               1
       60025       70018   56.8914909      -6.62175369               1
       60025       70019   57.7169075      -6.55905342               1
       60025       70020   59.3967628      -6.55018902               1
       60025       70021   60.9700966      -6.46935034               1
       60025       70022   65.4149475      -6.39767694               1
       60025       70023   82.4199982      -6.45165253               1
       60025       70024   115.068764      -5.62573814               1
       60025       80017   23.8481865      -5.67563772               1
       60025       80018   24.4174042      -5.61365271               1
       60025       80019   25.2428226      -5.50325489               1
       60025       80020   26.9226799      -5.54957485               1
       60025       80021   28.4960175      -5.43185854               1
       60025       80022   32.9408722      -5.42952156               1
       60025       80023   49.9459114      -5.84821796               1
       60025       80024   82.5947266      -4.93610716               1
       60025       90018   14.6277819      -5.96604347               1
       60025       90019   15.4531984      -5.76688576               1
       60025       90020   17.1330566      -5.81382418               1
       60025       90021   18.7063923      -5.61227846               1
       60025       90022   23.1512470      -5.57431364               1
       60025       90023   40.1562881      -6.03376770               1
       60025       90024   72.8050995      -4.91580296               1
       60025      100023   32.7419167      -5.92335653               1
       60025      100024   65.3907394      -4.73375797               1
       60025      110023   31.2749386      -6.06484604               1
       60025      110024   63.9237556      -4.77568197               1
       60025      120023   29.7242756      -5.93436003               1
       60025      120024   62.3731003      -4.68144798               1
       60025      130023   28.5292873      -5.87852383               1
       60025      130024   61.1781120      -4.63093710               1
       60025      140023   28.0386009      -5.93515301               1
       60025      140024   60.6874275      -4.64701319               1
       60025      150024   60.1333199      -4.65618944               1
       50026       60027   84.0369339      -4.07274294               1
       60027       70016   54.9094810      -6.67087269               1
       60027       70017   55.7001152      -6.66075277               1
       60027       70018   56.0773506      -6.63398361               1
       60027       70019   56.5509796      -6.59492731               1
       60027       70020   57.3464470      -6.58299494               1
       60027       70021   57.9430008      -6.54343939               1
       60027       70022   59.2539406      -6.51370573               1
       60027       70023   62.6644516      -6.51709270               1
       60027       70024   66.1576080      -6.31196070               1
       60027       70025   74.6345215      -6.29802179               1
       60027       80024   33.6961136      -5.28268433               1
       60027       80026   64.1611557      -5.82693434               1
       60027       90026   54.3861046      -5.95954370               1
       60027      100026   47.0098190      -5.87217712               1
       60027      110026   45.5629768      -5.96702862               1
       60027      120026   44.0527115      -5.87863255               1
       60027      130026   42.9064178      -5.84177113               1
       60027      140026   42.4496117      -5.87670851               1
       60027      150026   41.9625549      -5.90425444               1
       60027      160026   41.7131882      -5.92491436               1
       60027      170026   40.9225540      -5.92427731               1
       60025       70026   96.2495270      -6.13493729               1
       60027       70026   96.6226654      -6.34883356               1
       70026       80017   71.7653046      -3.80381012               1
       70026       80018   72.2282715      -3.79580259               1
       70026       80019   72.8157654      -3.78037715               1
       70026       80020   73.8366394      -3.80711079               1
       70026       80021   74.6462250      -3.79590011               1
       70026       80022   76.5588608      -3.82823277               1
       70026       80023   82.1683731      -4.00314236               1
       70026       80024   89.1339188      -3.90152812               1
       70026       80025   112.329544      -4.38046360               1
       70026       90018   31.4164371      -4.61629438               1
       70026       90019   32.0039291      -4.56613636               1
       70026       90020   33.0248070      -4.60161734               1
       70026       90021   33.8343887      -4.55787373               1
       70026       90022   35.7470322      -4.58635044               1
       70026       90023   41.3565521      -4.83103704               1
       70026       90024   48.3220863      -4.52426147               1
       70026       90025   71.5177383      -5.07452965               1
       70026      100024   27.7720642      -4.37614965               1
       70026      110024   24.6510735      -4.75718975               1
       70026      120024   21.9095173      -4.41967154               1
       70026      130024   20.0235691      -4.22195435               1
       70026      140024   19.3363857      -4.29976749               1
       70026      150024   18.6676922      -4.34391451               1
       60025       70028   67.0872726      -6.25769281               1
       60027       70028   88.5675964      -5.67369938               1
       70028       80017   71.4550629      -3.79360271               1
       70028       80018   71.8324051      -3.78598833               1
       70028       80019   72.2742386      -3.77316689               1
       70028       80020   72.9617844      -3.78787708               1
       70028       80021   73.4422073      -3.77766156               1
       70028       80022   74.4261093      -3.79047585               1
       70028       80023   76.7528229      -3.85915732               1
       70028       80024   78.8536224      -3.80217409               1
       70028       80025   83.1772385      -3.86459422               1
       70028       80026   91.1144028      -3.97360921               1
       70028       90018   31.0293064      -4.60371017               1
       70028       90020   32.1586838      -4.57927752               1
       70028       90021   32.6391068      -4.54464245               1
       70028       90023   35.9497299      -4.64800453               1
       70028       90024   38.0505257      -4.48636341               1
       70028       90027   63.8562965      -4.30684805               1
       70028      100027   43.3287354      -4.11028576               1
       70028      110027   40.2193756      -4.32321262               1
       70028      120027   37.5007591      -4.09719229               1
       70028      130027   35.6419373      -3.97142863               1
       70028      140027   34.9730148      -4.00901842               1
       70028      150027   34.3389626      -4.02777624               1
       70028      160027   34.0486107      -4.04523325               1
       70028      170027   33.2043304      -4.00712681               1
       70028      180027   32.8269920      -4.02624273               1
       50026       80027   50.8816071      -5.48275709               1
       70026       80027   112.705132      -4.56946611               1
       70028       80027   104.659393      -3.86134553               1
       80027       90018   75.7002716      -4.04993010               1
       80027       90019   76.2382126      -4.03433275               1
       80027       90020   77.0947266      -4.05189705               1
       80027       90021   77.7177505      -4.04062939               1
       80027       90022   79.0617447      -4.05985403               1
       80027       90023   82.5144043      -4.16507530               1
       80027       90024   86.0274582      -4.10223675               1
       80027       90025   94.5264816      -4.28953123               1
       80027       90026   116.532753      -4.71089220               1
       80027      100026   58.7152367      -5.26656342               1
       80027      110026   52.2286415      -5.83592749               1
       80027      120026   47.4927330      -5.73137093               1
       80027      130026   44.5400963      -5.70250130               1
       80027      140026   43.5570145      -5.79177809               1
       80027      150026   42.6971664      -5.85243320               1
       80027      160026   42.3270302      -5.88746214               1
       80027      170026   41.2902145      -5.89710569               1
       70026       80029   85.4957047      -4.03974819               1
       70028       80029   116.692497      -4.31024122               1
       80029       90018   75.4063034      -4.04728889               1
       80029       90019   75.8460464      -4.03455162               1
       80029       90020   76.4916382      -4.04726601               1
       80029       90021   76.9214172      -4.03859425               1
       80029       90022   77.7636261      -4.05119085               1
       80029       90023   79.6522293      -4.11324358               1
       80029       90024   81.2564468      -4.07840967               1
       80029       90025   84.3370514      -4.13827848               1
       80029       90026   89.3317261      -4.24664402               1
       80029       90027   95.6531754      -4.24357986               1
       80029      100028   62.7367210      -4.73952436               1
       80029      110028   56.2598877      -5.20703125               1
       80029      120028   51.5430450      -5.05393744               1
       80029      130028   48.6126633      -4.98685837               1
       80029      140028   47.6442451      -5.05278063               1
       80029      150028   46.8114510      -5.09359121               1
       80029      160028   46.4638252      -5.11829996               1
       80029      170028   45.5258598      -5.11179638               1
       80029      180028   45.1288300      -5.13599300               1
       80029      190028   44.6890869      -5.16832399               1
       60027       90028   46.3310814      -4.60125923               1
       80027       90028   108.493523      -4.03822041               1
       80029       90028   120.535118      -4.45490408               1
       90028      100020   40.0033150      -2.40332222               1
       90028      100027   71.8862457      -3.12299705               1
       90028      110027   52.8323593      -4.31437159               1
       90028      120027   43.1784325      -3.97871375               1
       90028      130027   37.9988213      -3.79224205               1
       90028      140027   36.4569969      -3.91010857               1
       90028      150027   35.2622108      -3.97316122               1
       90028      160027   34.8038330      -4.01040030               1
       90028      170027   33.6390915      -3.98059392               1
       90028      180027   33.1611786      -4.01072454               1
       80027       90030   85.7781906      -4.11567450               1
       80029       90030   110.500122      -3.59411049               1
       70028      100029   55.3618584      -5.00236607               1
       90028      100029   83.9334641      -3.85297513               1
      100029      110020   81.1518250      -7.66646719               1
      100029      110021   81.6473160      -7.63432837               1
      100029      110022   82.5674286      -7.60714006               1
      100029      110023   84.5503616      -7.58609295               1
      100029      110024   86.1972198      -7.48616505               1
      100029      110026   94.3556213      -7.35265398               1
      100029      110027   100.692368      -7.15446806               1
      100029      110028   125.589714      -6.78053522               1
      100029      120028   75.1307907      -5.60936260               1
      100029      130028   56.3546257      -4.83722448               1
      100029      140028   51.9115562      -4.97617435               1
      100029      150028   49.1760941      -5.05097389               1
      100029      160028   48.3242493      -5.10173273               1
      100029      170028   46.5213890      -5.08699608               1
      100029      180028   45.8701401      -5.12489557               1
      100029      190028   45.2447624      -5.16842699               1
       90030      100031   102.420441      -4.09814119               1
      100031      110020   80.6018829      -7.68625355               1
      100031      110021   80.9532166      -7.66233206               1
      100031      110022   81.5405045      -7.64484072               1
      100031      110023   82.6469879      -7.63553667               1
      100031      110024   83.4413757      -7.58600187               1
      100031      110025   84.7485199      -7.55791283               1
      100031      110026   86.4643707      -7.53441858               1
      100031      110027   87.9741058      -7.48238134               1
      100031      110028   91.5494156      -7.40741682               1
      100031      110029   98.6007309      -7.00832129               1
      100031      120021   30.5180130      -6.23761177               1
      100031      120024   33.0061798      -6.15204763               1
      100031      120030   93.6810455      -5.53148127               1
      100031      130030   74.9321136      -4.93163300               1
      100031      140030   70.5064087      -5.03923130               1
      100031      150030   67.8016357      -5.09540653               1
      100031      160030   66.9740677      -5.13179588               1
      100031      170030   65.2733383      -5.12401438               1
      100031      180030   64.6815643      -5.14917850               1
      100031      190030   64.1457825      -5.17567921               1
      100031      200030   63.5143814      -5.17362261               1
      100031      210030   63.1630440      -5.19030571               1
      100029      110030   115.588966      -6.15897655               1
      100031      110030   144.116150      -6.57889605               1
      110030      120021   63.2540131      -5.80215025               1
      110030      120022   63.9687042      -5.79237366               1
      110030      120023   65.3517838      -5.80876160               1
      110030      120024   66.3837891      -5.75007915               1
      110030      120025   68.1560516      -5.73861456               1
      110030      120026   70.6350250      -5.73852825               1
      110030      120027   73.0772171      -5.66941547               1
      110030      120028   79.7974625      -5.57162762               1
      110030      120029   97.8348236      -4.68762016               1
      110030      130029   53.2865295      -2.74336147               1
      110030      140029   44.9760742      -2.78086710               1
      100029      110032   90.6172028      -7.26607323               1
      100031      110032   130.532135      -6.43673134               1
      110032      120021   62.8396301      -5.81309795               1
      110032      120022   63.3707924      -5.80548000               1
      110032      120023   64.2972946      -5.81864786               1
      110032      120024   64.9153595      -5.78315115               1
      110032      120025   65.8693771      -5.77704859               1
      110032      120026   67.0272980      -5.78151608               1
      110032      120027   67.9319687      -5.75993299               1
      110032      120028   69.8127975      -5.74539471               1
      110032      120029   72.8905869      -5.56057310               1
      110032      120030   88.1786118      -5.52695084               1
      110032      130031   68.2695999      -4.02444172               1
       90030      120031   73.7489471      -4.97975302               1
      110030      120031   126.356155      -5.49874306               1
      110032      120031   112.799057      -5.20440197               1
      120031      130022   50.2292824      -4.65682411               1
      120031      130023   51.4588013      -4.71593904               1
      120031      130024   52.3061714      -4.68037128               1
      120031      130025   53.6686401      -4.70899916               1
      120031      130026   55.4276276      -4.76318455               1
      120031      130027   56.9547043      -4.75687456               1
      120031      130028   60.5469666      -4.80539370               1
      120031      130029   67.6100388      -4.49454641               1
      120031      130030   113.150139      -4.95939350               1
      120031      140023   22.0170956      -4.74406719               1
      120031      140024   22.8644657      -4.66165686               1
      120031      140030   83.7084351      -5.05241871               1
      120031      150030   73.0416946      -5.09480190               1
      120031      160030   70.6728134      -5.16322565               1
      120031      170030   66.9335785      -5.11674070               1
      120031      180030   65.8244400      -5.15390873               1
      120031      190030   64.9546585      -5.18894815               1
      120031      200030   64.0651932      -5.18233538               1
      120031      210030   63.6163597      -5.20296001               1
      110030      120033   73.9091949      -5.53798771               1
      110032      120033   100.607216      -5.04688501               1
      120033      130022   49.6917305      -4.65063763               1
      120033      130023   50.5327759      -4.68974638               1
      120033      130024   51.0433197      -4.66412306               1
      120033      130025   51.7708549      -4.67200661               1
      120033      130026   52.5749397      -4.69040680               1
      120033      130027   53.1208687      -4.68166447               1
      120033      130028   54.0970421      -4.68153095               1
      120033      130029   55.4196663      -4.57940817               1
      120033      130030   60.7447395      -4.54348373               1
      120033      130031   66.3916473      -4.36116362               1
      120033      140031   36.9621048      -4.09484816               1
      120033      140032   58.0125618      -4.07229710               1
      120033      150032   47.3666649      -3.91703773               1
      120033      160032   45.0136909      -3.96234918               1
      120033      170031   20.2889957      -3.52449560               1
      120033      170032   41.3394508      -3.78327823               1
      120033      180032   40.2668915      -3.80713153               1
      120033      190032   39.4497833      -3.83374381               1
      120033      200032   38.6576500      -3.79864120               1
      120033      210032   38.2838783      -3.81631374               1
      120033      220031   16.6999264      -3.49981427               1
      120033      220032   37.7503815      -3.79696321               1
      120033      230032   36.9093399      -3.72396684               1
      120031      130032   99.5917130      -4.55259085               1
      120033      130032   87.4421082      -4.28209066               1
      130032      140023   50.2988472      -4.40744734               1
      130032      140024   50.9973183      -4.37926054               1
      130032      140025   52.0339394      -4.40200281               1
      130032      140026   53.2554283      -4.44262886               1
      130032      140027   54.1853027      -4.43929482               1
      130032      140028   56.0904427      -4.46734476               1
      130032      140029   59.1848183      -4.30616283               1
      130032      140030   74.5075302      -4.52548599               1
      130032      140031   99.1444855      -4.40745163               1
      130032      150031   67.0566635      -4.40636969               1
      120031      130034   60.5189018      -4.47845268               1
      120033      130034   91.8486023      -3.60348892               1
      130034      140023   49.7461395      -4.39905977               1
      130034      140024   50.2546234      -4.37874985               1
      130034      140025   50.9444351      -4.39338827               1
      130034      140026   51.6679306      -4.41840315               1
      130034      140027   52.1237297      -4.41623831               1
      130034      140028   52.8761978      -4.42416286               1
      130034      140029   53.8016663      -4.35743952               1
      130034      140030   57.1548347      -4.34745836               1
      130034      140031   60.0926208      -4.23811483               1
      130034      140032   67.7668839      -4.16486645               1
      130034      150024   18.1806221      -4.32313967               1
      130034      150032   35.6928825      -3.94434285               1
      130034      150033   59.3420448      -2.91734934               1
      130034      160033   54.1295204      -2.92290568               1
      130034      170033   47.5613403      -2.52748036               1
      130034      180033   45.8495979      -2.51624489               1
      130034      190033   44.6657753      -2.51329708               1
      130034      200033   43.6253548      -2.43921137               1
      130034      210033   43.1694374      -2.44380045               1
      130034      220033   42.5616188      -2.40243363               1
      130034      230033   41.6699333      -2.29758883               1
      130034      240033   41.1614494      -2.29642510               1
      110032      140033   47.7792435      -3.64935708               1
      130032      140033   86.9896240      -4.11511469               1
      130034      140033   91.4160233      -3.44115233               1
      140033      150024   32.7044678      -2.75431299               1
      140033      150025   33.5106850      -2.81271315               1
      140033      150026   34.3742790      -2.89010072               1
      140033      150027   34.9433899      -2.90625763               1
      140033      150028   35.9415550      -2.95632172               1
      140033      150029   37.2789841      -2.86529899               1
      140033      150030   42.6346588      -3.03012776               1
      140033      150031   48.2960129      -2.95659161               1
      140033      150032   69.3630905      -3.28391862               1
      140033      160030   29.6623344      -3.82594800               1
      140033      160031   35.3236847      -3.59785938               1
      140033      160032   56.3907700      -3.76091409               1
      140033      170031   23.9767513      -3.27886176               1
      140033      170032   45.0438347      -3.63218713               1
      140033      180031   21.4107113      -3.47832561               1
      140033      180032   42.4777946      -3.75406981               1
      140033      190031   19.7979755      -3.62183690               1
      140033      190032   40.8650589      -3.83447909               1
      140033      200031   18.4831753      -3.53356791               1
      140033      200032   39.5502625      -3.80029702               1
      140033      210031   17.9304733      -3.60100818               1
      140033      210032   38.9975586      -3.83508539               1
      140033      220031   17.2141972      -3.54939699               1
      140033      220032   38.2812805      -3.81625676               1
      140033      230032   37.2475243      -3.72989249               1
      130032      140035   62.0586395      -4.40270138               1
      130034      140035   87.8416901      -3.56273174               1
      140035      150024   32.3765144      -2.76245928               1
      140035      150025   33.0431480      -2.81988215               1
      140035      150026   33.7171135      -2.89336658               1
      140035      150027   34.1206360      -2.91437078               1
      140035      150028   34.7524223      -2.96342564               1
      140035      150029   35.4844894      -2.92828417               1
      140035      150030   37.9821892      -3.06315184               1
      140035      150031   39.9743042      -3.05785418               1
      140035      150032   44.4367065      -3.21710038               1
      140035      150033   54.4883728      -3.08748817               1
      140035      160034   57.2533493      -2.91694689               1
      140035      170034   45.9279861      -2.58237648               1
      140035      180034   43.3737602      -2.63891101               1
      140035      190034   41.7774429      -2.67315102               1
      140035      200034   40.4916725      -2.60230112               1
      140035      210034   39.9603310      -2.61829352               1
      140035      220034   39.2879982      -2.57773995               1
      140035      230034   38.3530235      -2.46434474               1
      140035      240034   37.8437691      -2.46458745               1
      140035      250034   37.1771355      -2.40820837               1
      120033      150034   51.7731972      -2.74422979               1
      140033      150034   73.7911377      -2.49917245               1
      140035      150034   70.2202835      -2.60192728               1
      150034      160025   57.1665115      -3.44572043               1
      150034      160026   57.9636917      -3.48136473               1
      150034      160027   58.4471016      -3.48668480               1
      150034      160028   59.2248306      -3.50608182               1
      150034      160029   60.1667747      -3.45966220               1
      150034      160030   63.5532074      -3.49826956               1
      150034      160031   66.5064316      -3.43659472               1
      150034      160032   74.1982040      -3.45281386               1
      150034      160033   97.8633499      -2.94882655               1
      150034      170026   16.5963116      -2.55823302               1
      150034      170027   17.0797234      -2.60256672               1
      150034      170028   17.8574486      -2.70540214               1
      150034      170029   18.7993984      -2.59695649               1
      150034      170030   22.1858273      -2.83923364               1
      150034      170031   25.1390553      -2.75349045               1
      150034      170032   32.8308220      -2.95018697               1
      150034      170033   56.4959946      -2.28771281               1
      150034      180032   26.4722672      -3.40220952               1
      150034      180033   50.1374283      -2.44236112               1
      150034      190033   47.0248032      -2.51931024               1
      150034      200033   44.9452553      -2.43675137               1
      150034      210033   44.1734467      -2.46709991               1
      150034      220033   43.2739792      -2.42594481               1
      150034      230033   42.1022682      -2.30305076               1
      150034      240033   41.4878807      -2.30677748               1
      140033      150036   43.4767647      -2.98781776               1
      140035      150036   62.6349106      -1.87731147               1
      150036      160025   56.6419792      -3.44345546               1
      150036      160026   57.2523041      -3.47501922               1
      150036      160027   57.5867310      -3.48204017               1
      150036      160028   58.0658646      -3.50003791               1
      150036      160029   58.5732956      -3.48049116               1
      150036      160030   60.1706276      -3.51850009               1
      150036      160031   61.3197784      -3.50499558               1
      150036      160032   63.5521126      -3.54036379               1
      150036      160033   67.5670929      -3.46437812               1
      150036      160034   71.6427155      -3.26535964               1
      150036      170026   15.9138174      -2.49863386               1
      150036      170027   16.2482452      -2.54361415               1
      150036      170028   16.7273750      -2.63296938               1
      150036      170029   17.2348061      -2.59206748               1
      150036      170031   19.9812870      -2.78938413               1
      150036      170032   22.2136192      -2.96248555               1
      150036      170035   45.3967133      -1.38058317               1
      150036      180035   39.0536957      -1.43152094               1
      150036      190035   35.9622116      -1.44429338               1
      150036      200035   33.9189987      -1.27234590               1
      150036      210035   33.1731758      -1.28583217               1
      150036      220035   32.3256454      -1.20235240               1
      150036      230035   31.2662354      -1.00646877               1
      150036      240035   30.7385540     -0.985573888               1
      150036      250035   30.0932312     -0.891226053               1
      150036      260035   29.4829121     -0.777099550               1
      130034      160035   50.5551758      -3.09751415               1
      150034      160035   94.3006821      -3.04305124               1
      150036      160035   86.7351456      -2.55794644               1
      160035      170026   33.4896126      -1.57457268               1
      160035      170027   33.9272957      -1.61331308               1
      160035      170028   34.5894356      -1.68919122               1
      160035      170029   35.3408318      -1.67963326               1
      160035      170030   37.8767891      -1.89958262               1
      160035      170031   39.8864326      -1.95242357               1
      160035      170032   44.3684731      -2.22423363               1
      160035      170033   54.4378891      -2.27824736               1
      160035      170034   70.1766739      -1.97368240               1
      160035      180034   51.9150810      -2.44420004               1
      160035      190034   45.7437019      -2.66144228               1
      160035      200034   42.4623985      -2.58054948               1
      160035      210034   41.3861504      -2.64763904               1
      160035      220034   40.2534370      -2.61040878               1
      160035      230034   38.9098244      -2.46984696               1
      160035      240034   38.2550888      -2.47768950               1
      160035      250034   37.4551125      -2.41883421               1
      150034      160037   67.1959229      -3.49755073               1
      150036      160037   119.919777      -4.20572090               1
      160037      170026   32.8972740      -1.51912320               1
      160037      170027   33.2158890      -1.55156410               1
      160037      170028   33.6498909      -1.60929608               1
      160037      170029   34.0881271      -1.61059105               1
      160037      170030   35.4133072      -1.75504279               1
      160037      170031   36.3236504      -1.79790139               1
      160037      170032   37.9882050      -1.95551705               1
      160037      170033   40.7282181      -2.05334926               1
      160037      170034   43.1094093      -2.01198101               1
      160037      170035   49.6539268      -1.85071373               1
      160037      180035   31.4069538      -2.55713749               1
      160037      180036   77.5844345      -4.44024611               1
      160037      190036   71.4327850      -4.75098228               1
      160037      200036   68.1849442      -4.80138445               1
      160037      210036   67.1323547      -4.87740326               1
      160037      220036   66.0463333      -4.89287043               1
      160037      230036   64.8020096      -4.85784817               1
      160037      240036   64.2225571      -4.88319492               1
      160037      250035   17.3692837      -2.64073539               1
      160037      250036   63.5467949      -4.87908030               1
      160037      260036   62.9341698      -4.86385107               1
      160037      270036   62.6155472      -4.86366177               1
      140035      170036   38.3426247      -1.39480639               1
      160035      170036   62.6091080      -1.17267430               1
      160037      170036   95.8313217      -3.71566439               1
      170036      180027   63.5709801      -3.64871264               1
      170036      180028   64.1250534      -3.66788530               1
      170036      180029   64.6782379      -3.64824963               1
      170036      180030   66.3630753      -3.68218303               1
      170036      180031   67.5514221      -3.66747022               1
      170036      180032   69.8267670      -3.69639683               1
      170036      180033   73.8798752      -3.61951828               1
      170036      180034   77.9699783      -3.42850399               1
      170036      180035   93.0746002      -2.74255633               1
      170036      190035   53.7684631      -2.56092310               1
      170036      200035   41.0733490      -1.75194323               1
      170036      210035   37.8896599      -1.83601904               1
      170036      220035   35.2593498      -1.62963974               1
      170036      240035   31.8253193      -1.15487850               1
      170036      250035   30.7948627      -1.01036334               1
      170036      260035   29.9268589     -0.848535597               1
      160035      170038   42.4839897      -1.85468996               1
      160037      170038   79.6030960      -3.04214740               1
      170038      180027   63.1376190      -3.64638662               1
      170038      180028   63.5667648      -3.66474080               1
      170038      180029   63.9585228      -3.65432549               1
      170038      180030   65.0563736      -3.68822789               1
      170038      180031   65.7590485      -3.68767428               1
      170038      180032   66.9430161      -3.72250891               1
      170038      180033   68.7019043      -3.72373295               1
      170038      180034   70.0247726      -3.68308616               1
      170038      180035   72.9789734      -3.57270956               1
      170038      180036   88.6873322      -4.01849413               1
      170038      190037   70.8015518      -4.32955503               1
      170038      200037   58.1291199      -4.14431620               1
      170038      220037   52.3617210      -4.32684565               1
      170038      240037   49.0393639      -4.20635700               1
      170038      250037   48.0857277      -4.17960644               1
      170038      260037   47.3111687      -4.13718987               1
      170038      270037   46.9564781      -4.12868595               1
      170038      280037   46.5273285      -4.10805845               1
      150036      180037   72.2383041      -4.68437672               1
      160035      180037   31.3610516      -2.55466723               1
      170036      180037   126.293739      -4.25924253               1
      170038      180037   110.094093      -3.85209322               1
      180037      190028   45.2820244      -3.30253816               1
      180037      190029   45.7797203      -3.28577662               1
      180037      190030   47.2169991      -3.35279369               1
      180037      190031   48.1770935      -3.35522723               1
      180037      190032   49.8957939      -3.42640233               1
      180037      190035   61.6421356      -3.06430912               1
      180037      190036   107.849045      -4.20242882               1
      180037      200036   80.2189484      -4.43280935               1
      180037      210036   74.5061417      -4.83338690               1
      180037      220036   70.4032059      -4.91929102               1
      180037      230036   66.9784317      -4.83287859               1
      180037      240036   65.7331314      -4.88851357               1
      180037      250035   18.3020420      -2.78133440               1
      180037      250036   64.5089874      -4.88678598               1
      180037      260036   63.5389328      -4.86479378               1
      180037      270036   63.1002312      -4.86429930               1
      170036      180039   73.6155014      -3.64992094               1
      170038      180039   92.8755569      -3.22433591               1
      180039      190028   44.6932220      -3.26879382               1
      180039      190029   45.0327110      -3.25717902               1
      180039      190030   45.9153023      -3.29802036               1
      180039      190031   46.4400291      -3.29809570               1
      180039      190032   47.2481270      -3.33335423               1
      180039      190033   48.3173180      -3.33658123               1
      180039      190036   55.2047310      -3.33526850               1
      180039      190037   59.5552711      -3.16824055               1
      180039      200038   46.8633766      -2.50646758               1
      180039      210038   41.1688042      -2.96439672               1
      180039      220038   37.1010323      -2.92347407               1
      180039      230038   33.7486115      -2.55905294               1
      180039      250037   16.5045891      -3.17103076               1
      180039      250038   31.4162540      -2.50124931               1
      180039      260037   15.6352015      -2.99897361               1
      180039      260038   30.5468674      -2.39412045               1
      180039      270037   15.2682304      -2.95269179               1
      180039      270038   30.1798973      -2.36335158               1
      180039      280037   14.8620491      -2.86585593               1
      180039      280038   29.7737160      -2.31196594               1
      180039      290038   29.4342308      -2.31869984               1
      180037      190038   91.6502457      -3.70351171               1
      180039      190038   74.4669342      -2.88623047               1
      190038      200036   65.5430832      -1.99380219               1
      190038      200037   86.9602356      -2.28128910               1
      190038      210037   67.5958557      -3.76877213               1
      190038      220037   58.5612221      -4.13813448               1
      190038      250037   49.0925331      -4.14817762               1
      190038      260037   47.9037514      -4.11366463               1
      190038      270037   47.4189262      -4.11023712               1
      190038      280037   46.8886719      -4.09046793               1
      180039      190040   86.8866959      -3.69585228               1
      190040      200038   57.4245529      -1.17159283               1
      190040      210039   62.8677406      -3.76281452               1
      190040      220039   53.8570862      -4.16420364               1
      190040      230039   47.9332848      -4.04147434               1
      190040      240039   46.1104202      -4.17352390               1
      190040      250039   44.5279045      -4.18475342               1
      190040      260039   43.4045410      -4.15123606               1
      190040      270039   42.9653358      -4.14848804               1
      190040      280039   42.5139885      -4.13022614               1
      190040      290039   42.1600990      -4.15108347               1
      190040      300039   41.2838402      -4.12427998               1
      170038      200039   40.9105797      -2.84216738               1
      190038      200039   69.7704773      -1.05823779               1
      190040      200039   82.2195587      -2.19112659               1
      200039      210030   64.8604279      -4.55812740               1
      200039      210031   65.4638290      -4.54632139               1
      200039      210032   66.3535309      -4.55763245               1
      200039      210033   67.4916458      -4.54080915               1
      200039      210034   68.1995087      -4.50402927               1
      200039      210035   69.4319534      -4.41988564               1
      200039      210036   74.4617386      -4.42670488               1
      200039      210037   78.8280869      -4.23974895               1
      200039      210038   93.7602844      -3.84537029               1
      200039      220032   29.0300808      -5.62217188               1
      200039      220038   56.4368019      -3.92190838               1
      200039      230038   40.2503891      -2.72292113               1
      200039      250037   18.5637856      -3.38669658               1
      200039      250038   33.4960136      -2.66305447               1
      200039      260038   31.6684151      -2.46977663               1
      200039      270038   31.0236282      -2.42071724               1
      200039      280038   30.4169807      -2.34705997               1
      200039      290038   29.9694386      -2.35628796               1
      180039      210040   53.5885887      -4.25897408               1
      200039      210040   106.209831      -4.39568949               1
      210040      220031   58.0481834      -5.17934322               1
      210040      220032   58.8827286      -5.18632936               1
      210040      220033   59.8949165      -5.16716242               1
      210040      220034   60.4836617      -5.13251066               1
      210040      220035   61.4205780      -5.06109810               1
      210040      220036   64.9030991      -5.07726908               1
      210040      220037   67.5234146      -4.96199512               1
      210040      220038   74.3380203      -4.81102419               1
      210040      220039   99.1565323      -4.74649763               1
      210040      230039   59.0603256      -3.84013677               1
      210040      240039   51.9246788      -4.19494438               1
      210040      250038   22.6198521      -3.87775087               1
      210040      250039   47.4383698      -4.23114014               1
      210040      260038   20.0304031      -3.67657828               1
      210040      260039   44.8489189      -4.16169643               1
      210040      270038   19.1962299      -3.64350104               1
      210040      270039   44.0147476      -4.15646458               1
      210040      280038   18.4780025      -3.55624008               1
      210040      280039   43.2965164      -4.12773275               1
      210040      290038   17.9873695      -3.60831428               1
      210040      290039   42.8058853      -4.15616512               1
      210040      300039   41.7026024      -4.12459278               1
