         792
       10020       20011   50.8557701      -3.53110099               1
       10020       20012   51.6147614      -3.58483577               1
       10020       20013   52.4489784      -3.58704424               1
       10020       20014   52.9951134      -3.55327749               1
       10020       20015   54.0991974      -3.51927519               1
       10020       20016   55.2400055      -3.48809600               1
       10020       20017   61.6708603      -3.48579001               1
       10020       20018   67.7009888      -3.19267893               1
       10020       20019   90.6893768      -2.05761957               1
       10020       30012   22.4502220      -3.62708712               1
       10020       30013   23.2844410      -3.63054800               1
       10020       30014   23.8305740      -3.55445957               1
       10020       30015   24.9346581      -3.48063445               1
       10020       30016   26.0754662      -3.41627288               1
       10020       30017   32.5063210      -3.42610693               1
       10020       30018   38.5364494      -2.92050767               1
       10020       30019   61.5248871      -1.34909332               1
       10022       20011   50.5242348      -3.53860593               1
       10022       20012   51.1403351      -3.58554459               1
       10022       20013   51.7800560      -3.59161353               1
       10022       20014   52.1584435      -3.57065606               1
       10022       20015   52.8228607      -3.55859113               1
       10022       20016   53.3982506      -3.55514598               1
       10022       20017   56.1662521      -3.63463211               1
       10022       20018   58.1803322      -3.59440351               1
       10022       20019   62.6234550      -3.46602821               1
       10022       20020   77.9104614      -3.82420969               1
       10022       30012   21.9868507      -3.62861705               1
       10022       30013   22.6265736      -3.64128780               1
       10022       30014   23.0049591      -3.59295440               1
       10022       30015   23.6693764      -3.56540346               1
       10022       30016   24.2447681      -3.55765367               1
       10022       30017   27.0127697      -3.72266817               1
       10022       30018   29.0268497      -3.63592696               1
       10022       30019   33.4699707      -3.39022017               1
       10022       30020   48.7569809      -3.98633933               1
       10022       30021   79.2292099      -3.90993190               1
       10022       40021   66.6557083      -3.85591197               1
       10022       50021   64.5189819      -3.96954870               1
       10022       60021   61.9214859      -3.92041397               1
       10022       70021   60.5703926      -3.97915483               1
       10022       80021   59.8140106      -4.00904989               1
       10022       90021   59.2338982      -4.03768301               1
       10022      100021   58.2339706      -4.03687859               1
       10022      110021   57.8584595      -4.05436897               1
       10022      120021   57.2423592      -4.01798534               1
       10020       20021   115.211754      -3.57961154               1
       10022       20021   108.382690      -3.81393814               1
       20021       30012   50.2255211      -2.39735055               1
       20021       30013   51.0086861      -2.42018151               1
       20021       30014   51.4874268      -2.40317321               1
       20021       30015   52.3772926      -2.40437937               1
       20021       30016   53.2121391      -2.41333294               1
       20021       30017   57.5359116      -2.58892179               1
       20021       30018   61.0442085      -2.54668117               1
       20021       30019   70.4380493      -2.32419801               1
       20021       30020   114.164253      -3.04919720               1
       20021       40020   78.9805450      -3.21389151               1
       20021       50020   74.5326614      -3.45423985               1
       20021       60020   70.1405792      -3.42601490               1
       20021       70020   68.1476593      -3.51383948               1
       20021       80020   67.1215591      -3.55220318               1
       20021       90020   66.3744888      -3.58589697               1
       20021      100020   65.1397247      -3.58514476               1
       20021      110020   64.6846008      -3.60313773               1
       10020       20023   61.8825378      -3.43445420               1
       10022       20023   96.9969025      -3.07394218               1
       20023       30012   49.6769257      -2.36049557               1
       20023       30013   50.2519226      -2.37334728               1
       20023       30014   50.5628319      -2.35821295               1
       20023       30015   51.0485001      -2.35227895               1
       20023       30016   51.4173622      -2.35210562               1
       20023       30017   53.0131187      -2.40883279               1
       20023       30018   54.0338745      -2.39115262               1
       20023       30019   55.8958168      -2.33203101               1
       20023       30020   60.8659134      -2.43747163               1
       20023       30021   67.3093948      -2.35070801               1
       10020       30022   48.7413979      -3.98748255               1
       20021       30022   107.338150      -3.25202346               1
       20023       30022   95.9848938      -2.43796086               1
       30022       40020   63.7328415      -2.86105394               1
       30022       40021   94.2130508      -3.16044712               1
       30022       50014   20.9816017      -3.01122069               1
       30022       50015   21.6892815      -2.99130058               1
       30022       50016   22.2828560      -2.99500918               1
       30022       50020   46.8908691      -3.73057795               1
       30022       50021   77.3710861      -3.75259471               1
       30022       60021   66.7383881      -3.68403959               1
       30022       70021   63.0209694      -3.86356854               1
       30022       80021   61.4064598      -3.93321967               1
       30022       90020   29.8822079      -4.20067835               1
       30022       90021   60.3624229      -3.99151993               1
       30022      100020   28.3589687      -4.24953938               1
       30022      100021   58.8391838      -4.00965500               1
       30022      110020   27.8548985      -4.31359816               1
       30022      110021   58.3351135      -4.03816986               1
       30022      120021   57.5690727      -3.99830174               1
       10022       30024   42.9197197      -3.71392179               1
       20021       30024   60.3013573      -2.54299402               1
       20023       30024   127.108482      -3.52381611               1
       30024       50023   97.1844254      -4.00559139               1
       30024       60023   86.5785828      -3.98463416               1
       30024       70023   82.8925323      -4.13386106               1
       30024       80023   81.3085709      -4.19104671               1
       30024       90023   80.3011703      -4.23731613               1
       30024      100023   78.8790512      -4.25771523               1
       30024      110023   78.4315567      -4.27934694               1
       30024      120023   77.7855377      -4.25800753               1
       30024      130023   77.1825256      -4.26343155               1
       30024      140023   76.8771439      -4.28046322               1
       30024       40023   114.017204      -3.47917414               1
       40023       50014   77.9267120      -4.65517807               1
       40023       50015   78.4922256      -4.63327503               1
       40023       50016   78.8933182      -4.62117767               1
       40023       50017   80.5681839      -4.61240530               1
       40023       50018   81.6179276      -4.57190895               1
       40023       50019   83.5055695      -4.48255682               1
       40023       50020   88.5029373      -4.43392992               1
       40023       50021   94.9591217      -4.23647451               1
       40023       50022   123.651627      -3.86680460               1
       40023       60015   23.7987499      -2.36791968               1
       40023       60016   24.1998444      -2.36602736               1
       40023       60020   33.8094788      -2.51684833               1
       20023       40025   42.3652420      -3.61245751               1
       30024       40025   97.1537704      -2.63985610               1
       40025       50014   77.5110779      -4.66390705               1
       40025       50015   77.9362640      -4.64752054               1
       40025       50016   78.1994934      -4.64033270               1
       40025       50017   79.1741028      -4.64122581               1
       40025       50018   79.7072220      -4.62547731               1
       40025       50019   80.5020447      -4.59766006               1
       40025       50020   82.1597443      -4.60438728               1
       40025       50021   83.7230988      -4.57424784               1
       40025       50022   88.1702271      -4.58138990               1
       40025       50023   105.246735      -4.66996574               1
       40025       60015   23.2614841      -2.36399198               1
       40025       60016   23.5247135      -2.36564970               1
       40025       60017   24.4993210      -2.45902467               1
       40025       60018   25.0324421      -2.45535398               1
       40025       60019   25.8272686      -2.43543434               1
       40025       60020   27.4849606      -2.58595371               1
       40025       60021   29.0483150      -2.60771608               1
       40025       60022   33.4954376      -2.88760877               1
       40025       60023   50.5719185      -3.64388180               1
       40025       60024   83.2956848      -2.93862772               1
       40025       70024   71.2462387      -3.09131908               1
       40025       80024   67.3796463      -3.12286282               1
       40025       90024   65.3479538      -3.17332029               1
       40025      100023   30.2546825      -4.58660936               1
       40025      100024   62.9784241      -3.16399193               1
       40025      110024   62.3402252      -3.19043469               1
       40025      120024   61.5102539      -3.13899231               1
       40025      130024   60.7910118      -3.13266039               1
       40025      140024   60.4593964      -3.15072632               1
       40025      150024   60.0342064      -3.16128206               1
       20023       50024   87.5130157      -4.08391809               1
       40023       50024   154.810211      -4.47104597               1
       40025       50024   137.970428      -4.00082302               1
       30024       50026   38.1386948      -3.10283136               1
       40023       50026   88.8295441      -4.62557268               1
       40025       50026   119.091858      -4.67306852               1
       50026       60015   42.5000229      -1.54645371               1
       50026       60016   42.7290039      -1.54899549               1
       50026       60017   43.5143433      -1.59790492               1
       50026       60018   43.9113579      -1.60063052               1
       50026       60019   44.4444008      -1.59940982               1
       50026       60020   45.4166985      -1.66269815               1
       50026       60021   46.2042427      -1.67869210               1
       50026       60022   48.0949936      -1.79461408               1
       50026       60023   53.6957588      -2.15094709               1
       50026       60024   60.6568336      -2.07588005               1
       50026       70024   33.9360428      -2.76632810               1
       50026      120024   19.6781616      -3.20404840               1
       50026      150024   18.1568317      -3.31511784               1
       30024       60025   69.7151184      -2.93724132               1
       40023       60025   50.5452614      -3.64388657               1
       50026       60025   83.9567871      -3.11044145               1
       60025       70016   55.5483894      -5.32288551               1
       60025       70017   56.6301231      -5.31195116               1
       60025       70018   57.2004623      -5.28211308               1
       60025       70019   58.0267181      -5.23300600               1
       60025       70020   59.7161217      -5.22441435               1
       60025       70021   61.2937241      -5.16675377               1
       60025       70022   65.7593536      -5.13625574               1
       60025       70023   82.8603439      -5.13486290               1
       60025       70024   115.595833      -4.20428705               1
       60025       80017   23.9525795      -4.56599236               1
       60025       80018   24.5229168      -4.51374292               1
       60025       80019   25.3491745      -4.42637730               1
       60025       80020   27.0385780      -4.45780134               1
       60025       80021   28.6161861      -4.37656021               1
       60025       80022   33.0818138      -4.42260265               1
       60025       80023   50.1828003      -4.66349745               1
       60025       80024   82.9183426      -3.55227971               1
       60025       90018   14.6936197      -4.58723259               1
       60025       90019   15.5198774      -4.44062281               1
       60025       90020   17.2092800      -4.48859644               1
       60025       90021   18.7868881      -4.36226416               1
       60025       90022   23.2525158      -4.43051529               1
       60025       90023   40.3535042      -4.72673416               1
       60025       90024   73.0890503      -3.43775249               1
       60025      100023   32.9005089      -4.64147425               1
       60025      100024   65.6360626      -3.24865127               1
       60025      110023   31.4316025      -4.77559280               1
       60025      110024   64.1671524      -3.28246355               1
       60025      120023   29.8697357      -4.60163593               1
       60025      120024   62.6052933      -3.16221642               1
       60025      130023   28.6690884      -4.59962749               1
       60025      130024   61.4046478      -3.13313365               1
       60025      140023   28.1779346      -4.67270279               1
       60025      140024   60.9134903      -3.15511298               1
       60025      150024   60.3581848      -3.16660523               1
       50026       60027   84.3504486      -3.58286023               1
       60027       70016   55.2108231      -5.32785463               1
       60027       70017   56.0048294      -5.31484652               1
       60027       70018   56.3826714      -5.29275894               1
       60027       70019   56.8566628      -5.26202440               1
       60027       70020   57.6562920      -5.25261736               1
       60027       70021   58.2541351      -5.22551966               1
       60027       70022   59.5711098      -5.21652317               1
       60027       70023   63.0013809      -5.23601627               1
       60027       70024   66.5023727      -5.05280304               1
       60027       70025   75.0275879      -5.18238640               1
       60027       80024   33.8374557      -4.27363062               1
       60027       80026   64.4935303      -5.27908611               1
       60027       90026   54.6788368      -5.43575621               1
       60027      100026   47.2641754      -5.48900270               1
       60027      110026   45.8154716      -5.60716724               1
       60027      120026   44.2943306      -5.52198553               1
       60027      130026   43.1426430      -5.54581642               1
       60027      140026   42.6854515      -5.60197926               1
       60027      150026   42.1974373      -5.64726734               1
       60027      160026   41.9476395      -5.66721582               1
       60027      170026   41.1536369      -5.69146585               1
       60025       70026   96.7419891      -5.07197666               1
       60027       70026   97.1584625      -5.47437191               1
       70026       80017   71.9712906      -2.42126989               1
       70026       80018   72.4349136      -2.41745520               1
       70026       80019   73.0227814      -2.40981793               1
       70026       80020   74.0489197      -2.43886304               1
       70026       80021   74.8602219      -2.44015098               1
       70026       80022   76.7813034      -2.49464035               1
       70026       80023   82.4215851      -2.68071270               1
       70026       80024   89.4014816      -2.58820271               1
       70026       80025   112.722710      -3.25324154               1
       70026       90018   31.5231380      -2.92165613               1
       70026       90019   32.1110001      -2.89505816               1
       70026       90020   33.1371460      -2.94493628               1
       70026       90021   33.9484482      -2.93568206               1
       70026       90022   35.8695297      -3.02578115               1
       70026       90023   41.5098152      -3.32307458               1
       70026       90024   48.4897079      -3.06004643               1
       70026       90025   71.8109741      -3.95073247               1
       70026      100024   27.8641682      -3.17339659               1
       70026      110024   24.7431488      -3.56975079               1
       70026      120024   21.9843712      -3.15193295               1
       70026      130024   20.0907478      -3.09438133               1
       70026      140024   19.4033527      -3.22058630               1
       70026      150024   18.7336540      -3.29764318               1
       60025       70028   67.4292984      -4.96687317               1
       60027       70028   88.9784241      -4.47946882               1
       70028       80017   71.6593857      -2.40731549               1
       70028       80018   72.0371323      -2.40224910               1
       70028       80019   72.4790878      -2.39391375               1
       70028       80020   73.1697845      -2.40788841               1
       70028       80021   73.6508560      -2.40362763               1
       70028       80022   74.6385117      -2.42396617               1
       70028       80023   76.9765701      -2.48902202               1
       70028       80024   79.0792694      -2.43098259               1
       70028       80025   83.4200668      -2.52943087               1
       70028       80026   91.3923569      -2.67372370               1
       70028       90018   31.1341152      -2.89302373               1
       70028       90020   32.2667618      -2.88858390               1
       70028       90021   32.7478371      -2.87194014               1
       70028       90023   36.0735550      -3.01098633               1
       70028       90024   38.1762543      -2.86201286               1
       70028       90027   64.0679779      -2.99176431               1
       70028      100027   43.4650497      -3.03405714               1
       70028      110027   40.3557014      -3.26648164               1
       70028      120027   37.6200638      -3.00372458               1
       70028      130027   35.7537193      -2.96556354               1
       70028      140027   35.0846329      -3.03249049               1
       70028      150027   34.4497070      -3.07170987               1
       70028      160027   34.1590233      -3.08417487               1
       70028      170027   33.3116150      -3.06646681               1
       70028      180027   32.9338646      -3.08510900               1
       50026       80027   51.1355476      -5.03224182               1
       70026       80027   113.141586      -3.60532093               1
       70028       80027   104.970993      -2.61649132               1
       80027       90018   75.9288712      -2.14007163               1
       80027       90019   76.4671021      -2.13423657               1
       80027       90020   77.3279343      -2.15908313               1
       80027       90021   77.9522095      -2.16148949               1
       80027       90022   79.3022995      -2.20551705               1
       80027       90023   82.7748871      -2.34581161               1
       80027       90024   86.2957611      -2.32111120               1
       80027       90025   94.8431091      -2.66921258               1
       80027       90026   116.992111      -3.38717842               1
       80027      100026   58.9871788      -4.61981297               1
       80027      110026   52.5040092      -5.28846836               1
       80027      120026   47.7405090      -5.19513941               1
       80027      130026   44.7767258      -5.32288980               1
       80027      140026   43.7936516      -5.46485043               1
       80027      150026   42.9328156      -5.56405735               1
       80027      160026   42.5623016      -5.60043669               1
       80027      170026   41.5216484      -5.64740753               1
       70026       80029   85.7594986      -2.69372773               1
       70028       80029   117.112122      -3.24090219               1
       80029       90018   75.6336288      -2.13049340               1
       80029       90019   76.0735168      -2.12426591               1
       80029       90020   76.7221375      -2.13985634               1
       80029       90021   77.1525574      -2.13868332               1
       80029       90022   77.9982681      -2.16191339               1
       80029       90023   79.8969879      -2.23082566               1
       80029       90024   81.5034561      -2.20315123               1
       80029       90025   84.5979767      -2.30117893               1
       80029       90026   89.6184616      -2.44802213               1
       80029       90027   95.9608307      -2.48864293               1
       80029      100028   62.9919434      -3.87789583               1
       80029      110028   56.5185471      -4.41375971               1
       80029      120028   51.7742691      -4.24868250               1
       80029      130028   48.8328476      -4.30864763               1
       80029      140028   47.8644600      -4.41683722               1
       80029      150028   47.0307579      -4.48754406               1
       80029      160028   46.6828232      -4.51181412               1
       80029      170028   45.7415581      -4.53224611               1
       80029      180028   45.3441238      -4.56043148               1
       80029      190028   44.9042397      -4.59478569               1
       60027       90028   46.4988480      -3.52515268               1
       80027       90028   108.828064      -2.41685390               1
       80029       90028   120.977669      -3.04126740               1
       90028      100020   40.0705338      -1.94184017               1
       90028      100027   72.0573807      -2.45103860               1
       90028      110027   53.0142937      -3.45383382               1
       90028      120027   43.3081436      -2.82799196               1
       90028      130027   38.1104317      -2.75908470               1
       90028      140027   36.5691643      -2.92298985               1
       90028      150027   35.3735657      -3.01567912               1
       90028      160027   34.9149780      -3.04301190               1
       90028      170027   33.7466125      -3.03719997               1
       90028      180027   33.2683868      -3.06600714               1
       80027       90030   86.0434952      -2.33156419               1
       80029       90030   110.807732      -2.16947651               1
       70028      100029   55.6062202      -4.25795603               1
       90028      100029   84.2126846      -3.34323597               1
      100029      110020   81.7548599      -7.61565590               1
      100029      110021   82.2510681      -7.58128357               1
      100029      110022   83.1750183      -7.54505062               1
      100029      110023   85.1686554      -7.48834133               1
      100029      110024   86.8178253      -7.36225939               1
      100029      110026   95.0163803      -7.15091515               1
      100029      110027   101.374092      -6.89475203               1
      100029      110028   126.406509      -6.55168295               1
      100029      120028   75.5047302      -4.69457769               1
      100029      130028   56.6011162      -4.11281633               1
      100029      140028   52.1471786      -4.33830500               1
      100029      150028   49.4040604      -4.46184301               1
      100029      160028   48.5505562      -4.49934149               1
      100029      170028   46.7403374      -4.51286602               1
      100029      180028   46.0881691      -4.55125809               1
      100029      190028   45.4623795      -4.59424305               1
       90030      100031   102.738358      -2.98902702               1
      100031      110020   81.2029190      -7.64377499               1
      100031      110021   81.5546875      -7.61853456               1
      100031      110022   82.1444321      -7.59535789               1
      100031      110023   83.2570801      -7.56618071               1
      100031      110024   84.0526276      -7.50455856               1
      100031      110025   85.3656464      -7.46622658               1
      100031      110026   87.0906525      -7.42218304               1
      100031      110027   88.6056213      -7.35465193               1
      100031      110028   92.2010880      -7.28952312               1
      100031      110029   99.2605896      -6.82606745               1
      100031      120021   30.6767521      -4.81783485               1
      100031      120024   33.1747093      -4.73994446               1
      100031      120030   94.0939636      -4.04239607               1
      100031      130030   75.2177353      -3.44071341               1
      100031      140030   70.7811737      -3.56384468               1
      100031      150030   68.0688171      -3.62171865               1
      100031      160030   67.2396469      -3.63781428               1
      100031      170030   65.5320358      -3.62526250               1
      100031      180030   64.9394531      -3.64210463               1
      100031      190030   64.4033127      -3.66044402               1
      100031      200030   63.7689972      -3.65694976               1
      100031      210030   63.4172249      -3.66729379               1
      100029      110030   116.270851      -6.02698946               1
      100031      110030   144.971634      -5.89008474               1
      110030      120021   63.5472183      -4.09409142               1
      110030      120022   64.2647247      -4.09546661               1
      110030      120023   65.6551132      -4.11875820               1
      110030      120024   66.6883392      -4.06802225               1
      110030      120025   68.4680176      -4.08702660               1
      110030      120026   70.9591141      -4.11629677               1
      110030      120027   73.4083633      -4.07960415               1
      110030      120028   80.1614227      -4.16275358               1
      110030      120029   98.2084808      -3.45613933               1
      110030      130029   53.4046669      -1.96754348               1
      110030      140029   45.0804291      -2.23445058               1
      100029      110032   91.2510681      -7.16060543               1
      100031      110032   131.312820      -6.16834736               1
      110032      120021   63.1315613      -4.09889030               1
      110032      120022   63.6647987      -4.09911919               1
      110032      120023   64.5963135      -4.11596680               1
      110032      120024   65.2151489      -4.08510399               1
      110032      120025   66.1731873      -4.09480381               1
      110032      120026   67.3370361      -4.11131620               1
      110032      120027   68.2446823      -4.10108900               1
      110032      120028   70.1358032      -4.14172077               1
      110032      120029   73.2162781      -3.99135900               1
      110032      120030   88.5675888      -3.95290351               1
      110032      130031   68.4867630      -3.13238239               1
       90030      120031   74.0255737      -3.41947818               1
      110030      120031   126.903458      -3.88123226               1
      110032      120031   113.271629      -3.96206522               1
      120031      130022   50.4218941      -3.10074759               1
      120031      130023   51.6584969      -3.16142964               1
      120031      130024   52.5071945      -3.12948298               1
      120031      130025   53.8758583      -3.17886567               1
      120031      130026   55.6442947      -3.24594426               1
      120031      130027   57.1767120      -3.25280070               1
      120031      130028   60.7892570      -3.39816308               1
      120031      130029   67.8605957      -3.12503719               1
      120031      130030   113.596581      -3.42040753               1
      120031      140023   22.1035480      -3.62774134               1
      120031      140024   22.9522438      -3.53741503               1
      120031      140030   84.0416336      -3.63412547               1
      120031      150030   73.3323212      -3.70180082               1
      120031      160030   70.9563522      -3.71486020               1
      120031      170030   67.1990509      -3.64746380               1
      120031      180030   66.0875702      -3.66566896               1
      120031      190030   65.2165909      -3.68537045               1
      120031      200030   64.3226852      -3.67439556               1
      120031      210030   63.8732300      -3.68592715               1
      110030      120033   74.2381897      -3.94167137               1
      110032      120033   101.023270      -3.75467777               1
      120033      130022   49.8822327      -3.08979940               1
      120033      130023   50.7280998      -3.13193774               1
      120033      130024   51.2393456      -3.11082959               1
      120033      130025   51.9699211      -3.13326764               1
      120033      130026   52.7780838      -3.16128922               1
      120033      130027   53.3257408      -3.16142082               1
      120033      130028   54.3070068      -3.20013976               1
      120033      130029   55.6300087      -3.12118435               1
      120033      130030   60.9731293      -3.09779096               1
      120033      130031   66.6333618      -3.07098603               1
      120033      140031   37.0905838      -3.27618766               1
      120033      140032   58.2147560      -3.30588484               1
      120033      150032   47.5263405      -3.33616042               1
      120033      160032   45.1663322      -3.33746004               1
      120033      170031   20.3501797      -3.03027034               1
      120033      170032   41.4743538      -3.19720769               1
      120033      180032   40.3995399      -3.21415472               1
      120033      190032   39.5812988      -3.23521042               1
      120033      200032   38.7852745      -3.21118021               1
      120033      210032   38.4110603      -3.22438979               1
      120033      220031   16.7511272      -3.01496267               1
      120033      220032   37.8753014      -3.20630050               1
      120033      230032   37.0294342      -3.15123463               1
      120031      130032   99.9634094      -3.44914269               1
      120033      130032   87.7575302      -3.14008021               1
      130032      140023   50.4670525      -2.72151113               1
      130032      140024   51.1665421      -2.69937587               1
      130032      140025   52.2076569      -2.74290299               1
      130032      140026   53.4355202      -2.79828668               1
      130032      140027   54.3685150      -2.80884600               1
      130032      140028   56.2841454      -2.90545511               1
      130032      140029   59.3812675      -2.78426266               1
      130032      140030   74.7674789      -2.98795438               1
      130032      140031   99.4880753      -3.23838806               1
      130032      150031   67.2945175      -3.69511151               1
      120031      130034   60.7418404      -3.07234430               1
      120033      130034   92.1108932      -2.47390151               1
      130034      140023   49.9120483      -2.70457363               1
      130034      140024   50.4212914      -2.68879938               1
      130034      140025   51.1140404      -2.71726561               1
      130034      140026   51.8412933      -2.75065398               1
      130034      140027   52.2985992      -2.75593185               1
      130034      140028   53.0550766      -2.79468536               1
      130034      140029   53.9807358      -2.74469590               1
      130034      140030   57.3444939      -2.74162531               1
      130034      140031   60.2875175      -2.72119737               1
      130034      140032   67.9822464      -2.71884966               1
      130034      150024   18.2415657      -3.40335417               1
      130034      150032   35.8025169      -3.10992861               1
      130034      150033   59.4705086      -2.21601009               1
      130034      160033   54.2449341      -2.17732382               1
      130034      170033   47.6476479      -1.87759447               1
      130034      180033   45.9327316      -1.86657631               1
      130034      190033   44.7473488      -1.86311519               1
      130034      200033   43.7019196      -1.80609739               1
      130034      210033   43.2455215      -1.80732429               1
      130034      220033   42.6351204      -1.76923037               1
      130034      230033   41.7382050      -1.68399012               1
      130034      240033   41.2289619      -1.69067538               1
      110032      140033   47.9261208      -2.93601632               1
      130032      140033   87.2769318      -2.89808440               1
      130034      140033   91.6502380      -2.23979235               1
      140033      150024   32.7763596      -2.12078166               1
      140033      150025   33.5858688      -2.18011355               1
      140033      150026   34.4538078      -2.24874067               1
      140033      150027   35.0247231      -2.26374626               1
      140033      150028   36.0281067      -2.34871483               1
      140033      150029   37.3659172      -2.26047659               1
      140033      150030   42.7397575      -2.33513689               1
      140033      150031   48.4144554      -2.38743258               1
      140033      150032   69.5553207      -2.68251252               1
      140033      160030   29.7509441      -2.83092356               1
      140033      160031   35.4256439      -2.82297540               1
      140033      160032   56.5665131      -3.02303410               1
      140033      170031   24.0416565      -2.71483445               1
      140033      170032   45.1825256      -3.01589799               1
      140033      180031   21.4732895      -2.90494776               1
      140033      180032   42.6141586      -3.12984133               1
      140033      190031   19.8595772      -3.04429936               1
      140033      190032   41.0004463      -3.20619106               1
      140033      200031   18.5392685      -3.00640845               1
      140033      200032   39.6801376      -3.19387460               1
      140033      210031   17.9862843      -3.06467795               1
      140033      210032   39.1271553      -3.22330976               1
      140033      220031   17.2672539      -3.02460980               1
      140033      220032   38.4081230      -3.20826602               1
      140033      230032   37.3686028      -3.14691830               1
      130032      140035   62.2682571      -2.84390569               1
      130034      140035   88.0797119      -2.32825303               1
      140035      150024   32.4478569      -2.12467670               1
      140035      150025   33.1174011      -2.17969537               1
      140035      150026   33.7950439      -2.24196219               1
      140035      150027   34.2000694      -2.25934458               1
      140035      150028   34.8355827      -2.32687211               1
      140035      150029   35.5682640      -2.28742123               1
      140035      150030   38.0756187      -2.35146403               1
      140035      150031   40.0727806      -2.37933207               1
      140035      150032   44.5511932      -2.48413730               1
      140035      150033   54.6207962      -2.33221006               1
      140035      160034   57.3797379      -2.14531946               1
      140035      170034   46.0173721      -1.92152309               1
      140035      180034   43.4608154      -1.96812987               1
      140035      190034   41.8635025      -1.99725103               1
      140035      200034   40.5723152      -1.94633675               1
      140035      210034   40.0406876      -1.95713353               1
      140035      220034   39.3657112      -1.92024481               1
      140035      230034   38.4253273      -1.82990444               1
      140035      240034   37.9152946      -1.83916140               1
      140035      250034   37.2457504      -1.78510857               1
      120033      150034   51.8797035      -2.13692594               1
      140033      150034   73.9302597      -1.87943959               1
      140035      150034   70.3631516      -1.97082639               1
      150034      160025   57.3203926      -2.31857157               1
      150034      160026   58.1215973      -2.35456514               1
      150034      160027   58.6065788      -2.36229968               1
      150034      160028   59.3884354      -2.40301776               1
      150034      160029   60.3305702      -2.36345720               1
      150034      160030   63.7276726      -2.38056588               1
      150034      160031   66.6861496      -2.37780523               1
      150034      160032   74.3984299      -2.41123557               1
      150034      160033   98.0824509      -2.03775907               1
      150034      170026   16.6267147      -1.85850835               1
      150034      170027   17.1116962      -1.89905822               1
      150034      170028   17.8935509      -2.05444264               1
      150034      170029   18.8356857      -1.94516575               1
      150034      170030   22.2327900      -2.05811906               1
      150034      170031   25.1912670      -2.08867979               1
      150034      170032   32.9035492      -2.23203754               1
      150034      170033   56.5875740      -1.65969682               1
      150034      180032   26.5411129      -2.62037373               1
      150034      180033   50.2251320      -1.79240704               1
      150034      190033   47.1112938      -1.85851896               1
      150034      200033   45.0238991      -1.80061328               1
      150034      210033   44.2521019      -1.82196772               1
      150034      220033   43.3494797      -1.78352857               1
      150034      230033   42.1713676      -1.68526864               1
      150034      240033   41.5562477      -1.69774795               1
      140033      150036   43.5807877      -2.35609221               1
      140035      150036   62.7298851      -1.59465814               1
      150036      160025   56.7943611      -2.31329298               1
      150036      160026   57.4079399      -2.34436655               1
      150036      160027   57.7436180      -2.35279799               1
      150036      160028   58.2256012      -2.38419724               1
      150036      160029   58.7334671      -2.36856651               1
      150036      160030   60.3369522      -2.39594054               1
      150036      160031   61.4889297      -2.40745854               1
      150036      160032   63.7291985      -2.44949770               1
      150036      160033   67.7510910      -2.41483355               1
      150036      160034   71.8273621      -2.30554962               1
      150036      170026   15.9420605      -1.80319178               1
      150036      170027   16.2777348      -1.84426093               1
      150036      170028   16.7597179      -1.96797085               1
      150036      170029   17.2675858      -1.92704713               1
      150036      170031   20.0230446      -2.10724068               1
      150036      170032   22.2633152      -2.25778842               1
      150036      170035   45.4443359      -1.21458101               1
      150036      180035   39.0974579      -1.31263614               1
      150036      190035   36.0047569      -1.35726190               1
      150036      200035   33.9538498      -1.25195587               1
      150036      210035   33.2080650      -1.26772285               1
      150036      220035   32.3575516      -1.20442641               1
      150036      230035   31.2922421      -1.06124723               1
      150036      240035   30.7638588      -1.06229687               1
      150036      250035   30.1158581     -0.984614313               1
      150036      260035   29.5022812     -0.896515131               1
      130034      160035   50.6744041      -2.32668042               1
      150034      160035   94.5235901      -2.11227584               1
      150036      160035   86.9102020      -1.85288334               1
      160035      170026   33.5305824      -1.26584661               1
      160035      170027   33.9698639      -1.29670155               1
      160035      170028   34.6358833      -1.38614273               1
      160035      170029   35.3878975      -1.36527777               1
      160035      170030   37.9336281      -1.49184120               1
      160035      170031   39.9483490      -1.56308043               1
      160035      170032   44.4464684      -1.75120962               1
      160035      170033   54.5338669      -1.73473167               1
      160035      170034   70.2830963      -1.50672841               1
      160035      180034   52.0120277      -1.85852611               1
      160035      190034   45.8388710      -2.01661015               1
      160035      200034   42.5462914      -1.95051575               1
      160035      210034   41.4705582      -1.99517322               1
      160035      220034   40.3342018      -1.95443189               1
      160035      230034   38.9833565      -1.83905172               1
      160035      240034   38.3278275      -1.85496736               1
      160035      250034   37.5246010      -1.79643488               1
      150034      160037   67.3814392      -2.42630219               1
      150036      160037   120.317062      -2.87297487               1
      160037      170026   32.9359703      -1.21975124               1
      160037      170027   33.2558289      -1.24581861               1
      160037      170028   33.6925468      -1.31241953               1
      160037      170029   34.1313248      -1.30668330               1
      160037      170030   35.4622231      -1.39760315               1
      160037      170031   36.3753052      -1.44786775               1
      160037      170032   38.0469856      -1.56614065               1
      160037      170033   40.7943115      -1.63548696               1
      160037      170034   43.1785889      -1.61805332               1
      160037      170035   49.7268372      -1.49420643               1
      160037      180035   31.4704113      -2.06853175               1
      160037      180036   77.8559418      -3.11931872               1
      160037      190036   71.7025070      -3.32842374               1
      160037      200036   68.4435501      -3.35083747               1
      160037      210036   67.3915100      -3.40018606               1
      160037      220036   66.3020325      -3.40005708               1
      160037      230036   65.0509949      -3.36334443               1
      160037      240036   64.4708252      -3.38504887               1
      160037      250035   17.4067764      -2.14583468               1
      160037      250036   63.7923203      -3.37206817               1
      160037      260036   63.1764107      -3.35391712               1
      160037      270036   62.8565483      -3.35098600               1
      140035      170036   38.3841133      -1.29695904               1
      160035      170036   62.6676445      -1.07369733               1
      160037      170036   96.1123352      -2.62257743               1
      170036      180027   63.7433395      -2.55073285               1
      170036      180028   64.3007889      -2.58340955               1
      170036      180029   64.8544922      -2.56721115               1
      170036      180030   66.5458908      -2.58971477               1
      170036      180031   67.7371902      -2.59766030               1
      170036      180032   70.0206909      -2.63144517               1
      170036      180033   74.0808716      -2.59090781               1
      170036      180034   78.1716690      -2.48142552               1
      170036      180035   93.2667160      -2.03103852               1
      170036      190035   53.8821030      -2.10084271               1
      170036      200035   41.1296005      -1.59704602               1
      170036      210035   37.9458046      -1.67926073               1
      170036      220035   35.3058205      -1.52215147               1
      170036      240035   31.8556633      -1.19628799               1
      170036      250035   30.8209038      -1.07674718               1
      170036      260035   29.9481983     -0.952540100               1
      160035      170038   42.5469818      -1.51357400               1
      160037      170038   79.7934494      -2.37123537               1
      170038      180027   63.3085670      -2.54353428               1
      170038      180028   63.7405090      -2.57155895               1
      170038      180029   64.1328354      -2.56261349               1
      170038      180030   65.2356033      -2.58545685               1
      170038      180031   65.9405060      -2.59596038               1
      170038      180032   67.1298447      -2.62794256               1
      170038      180033   68.8940735      -2.63695288               1
      170038      180034   70.2191391      -2.61818981               1
      170038      180035   73.1755524      -2.55041623               1
      170038      180036   88.9607544      -2.85500741               1
      170038      190037   71.0469818      -3.31072593               1
      170038      200037   58.3172913      -3.22023630               1
      170038      220037   52.5402298      -3.34990978               1
      170038      240037   49.2020988      -3.26631927               1
      170038      250037   48.2444344      -3.23613834               1
      170038      260037   47.4655914      -3.20020342               1
      170038      270037   47.1094360      -3.19266868               1
      170038      280037   46.6774940      -3.16040683               1
      150036      180037   72.5043259      -3.25434661               1
      160035      180037   31.4243603      -2.06661868               1
      170036      180037   126.708214      -2.95325541               1
      170038      180037   110.417999      -2.82048512               1
      180037      190028   45.4048004      -2.42351127               1
      180037      190029   45.9031143      -2.40712619               1
      180037      190030   47.3465614      -2.44766665               1
      180037      190031   48.3095245      -2.46659732               1
      180037      190032   50.0355835      -2.52485108               1
      180037      190035   61.7962952      -2.28666234               1
      180037      190036   108.211380      -2.94961953               1
      180037      200036   80.4957886      -3.12401772               1
      180037      210036   74.7902603      -3.40758634               1
      180037      220036   70.6764908      -3.44360805               1
      180037      230036   67.2338486      -3.35716510               1
      180037      240036   65.9872208      -3.40389824               1
      180037      250035   18.3434238      -2.25736713               1
      180037      250036   64.7585220      -3.38616490               1
      180037      260036   63.7834854      -3.36037493               1
      180037      270036   63.3430977      -3.35640287               1
      170036      180039   73.8193970      -2.57960463               1
      170038      180039   93.1013870      -2.21466589               1
      180039      190028   44.8130226      -2.38889027               1
      180039      190029   45.1529312      -2.37810230               1
      180039      190030   46.0392838      -2.40378547               1
      180039      190031   46.5655441      -2.41415286               1
      180039      190032   47.3771477      -2.44476080               1
      180039      190033   48.4494438      -2.45335937               1
      180039      190036   55.3565483      -2.44769812               1
      180039      190037   59.7106209      -2.35607982               1
      180039      200038   46.9518242      -1.78272021               1
      180039      210038   41.2645874      -2.11164784               1
      180039      220038   37.1861649      -2.03955102               1
      180039      230038   33.8163071      -1.73304057               1
      180039      250037   16.5484848      -2.54463339               1
      180039      250038   31.4785843      -1.67447865               1
      180039      260037   15.6746979      -2.40760207               1
      180039      260038   30.6048012      -1.57945263               1
      180039      270037   15.3063307      -2.37111473               1
      180039      270038   30.2364330      -1.55089259               1
      180039      280037   14.8975973      -2.25738335               1
      180039      280038   29.8277016      -1.48284936               1
      180039      290038   29.4877930      -1.48892438               1
      180037      190038   91.9220276      -2.78963161               1
      180039      190038   74.6407166      -2.02682090               1
      190038      200036   65.6197968      -1.54901230               1
      190038      200037   87.0874176      -1.82692993               1
      190038      210037   67.7898712      -2.95494246               1
      190038      220037   58.7486687      -3.21003103               1
      190038      250037   49.2528801      -3.21608806               1
      190038      260037   48.0589523      -3.18548703               1
      190038      270037   47.5725212      -3.18162370               1
      190038      280037   47.0391045      -3.14625788               1
      180039      190040   87.1461105      -2.44018483               1
      190040      200038   57.4505310     -0.931692779               1
      190040      210039   63.0494881      -2.48435235               1
      190040      220039   54.0323677      -2.68399477               1
      190040      230039   48.0861053      -2.51734376               1
      190040      240039   46.2633743      -2.61478925               1
      190040      250039   44.6767006      -2.58415294               1
      190040      260039   43.5485611      -2.53745413               1
      190040      270039   43.1079254      -2.52725291               1
      190040      280039   42.6538887      -2.48679924               1
      190040      290039   42.2996101      -2.50002980               1
      190040      300039   41.4196548      -2.47373915               1
      170038      200039   41.0006752      -2.01341963               1
      190038      200039   69.7995834     -0.772592008               1
      190040      200039   82.3344803      -1.40152359               1
      200039      210030   65.1246796      -3.64200211               1
      200039      210031   65.7298126      -3.63860011               1
      200039      210032   66.6233826      -3.64618278               1
      200039      210033   67.7648621      -3.63344359               1
      200039      210034   68.4737015      -3.60905910               1
      200039      210035   69.7060242      -3.54693270               1
      200039      210036   74.7548599      -3.51886201               1
      200039      210037   79.1247635      -3.39052653               1
      200039      210038   94.0754700      -2.96511889               1
      200039      220032   29.1682777      -4.38106346               1
      200039      220038   56.6203499      -2.89316368               1
      200039      230038   40.3381271      -1.90658665               1
      200039      250037   18.6168022      -2.72262120               1
      200039      250038   33.5675354      -1.82786500               1
      200039      260038   31.7307587      -1.65788722               1
      200039      270038   31.0834904      -1.61244059               1
      200039      280038   30.4730053      -1.51418924               1
      200039      290038   30.0248947      -1.52224481               1
      180039      210040   53.7699890      -2.76186657               1
      200039      210040   106.610741      -3.19310832               1
      210040      220031   58.3013611      -4.09309053               1
      210040      220032   59.1397018      -4.09780264               1
      210040      220033   60.1552849      -4.08419132               1
      210040      220034   60.7451630      -4.06173420               1
      210040      220035   61.6825371      -4.00977659               1
      210040      220036   65.1808548      -3.99803448               1
      210040      220037   67.8057404      -3.92158079               1
      210040      220038   74.6377487      -3.73235607               1
      210040      220039   99.5452271      -3.42102599               1
      210040      230039   59.2421303      -2.50045943               1
      210040      240039   52.0996170      -2.74794436               1
      210040      250038   22.6923332      -2.88367462               1
      210040      250039   47.5998268      -2.67668033               1
      210040      260038   20.0912151      -2.69342279               1
      210040      260039   44.9987106      -2.57977057               1
      210040      270038   19.2541294      -2.65495706               1
      210040      270039   44.1616249      -2.56084561               1
      210040      280038   18.5315113      -2.50946021               1
      210040      280039   43.4390068      -2.49720955               1
      210040      290038   18.0403023      -2.55183101               1
      210040      290039   42.9477959      -2.51486754               1
      210040      300039   41.8398819      -2.48361826               1
