         792
       10020       20011   51.7301445      -3.59772158               1
       10020       20012   52.3042145      -3.60949969               1
       10020       20013   52.9349976      -3.60077214               1
       10020       20014   53.5000343      -3.58023381               1
       10020       20015   54.6596146      -3.55160809               1
       10020       20016   55.7948570      -3.51022625               1
       10020       20017   60.6410217      -3.45392799               1
       10020       20018   66.8983612      -3.26443005               1
       10020       20019   92.1203613      -2.31222010               1
       10020       30012   22.2140274      -3.73627830               1
       10020       30013   22.8448067      -3.71255469               1
       10020       30014   23.4098454      -3.66291904               1
       10020       30015   24.5694237      -3.59533310               1
       10020       30016   25.7046680      -3.50357819               1
       10020       30017   30.5508347      -3.39288521               1
       10020       30018   36.8081741      -3.05885243               1
       10020       30019   62.0302086      -1.72832537               1
       10022       20011   51.4575615      -3.60393167               1
       10022       20012   51.9297295      -3.61566186               1
       10022       20013   52.4171867      -3.61138988               1
       10022       20014   52.8089333      -3.59954000               1
       10022       20015   53.4959335      -3.58922815               1
       10022       20016   54.0420227      -3.57647872               1
       10022       20017   55.9076233      -3.58671689               1
       10022       20018   57.6682739      -3.56598139               1
       10022       20019   61.1564445      -3.45847702               1
       10022       20020   76.7564468      -3.72568274               1
       10022       30012   21.8468361      -3.75233650               1
       10022       30013   22.3342915      -3.73932767               1
       10022       30014   22.7260399      -3.70958638               1
       10022       30015   23.4130402      -3.68279600               1
       10022       30016   23.9591293      -3.65190578               1
       10022       30017   25.8247299      -3.66862130               1
       10022       30018   27.5853806      -3.62004542               1
       10022       30019   31.0735493      -3.40239501               1
       10022       30020   46.6735535      -3.86056995               1
       10022       30021   77.8424301      -3.69975424               1
       10022       40021   65.1070099      -3.66397786               1
       10022       50021   62.3910332      -3.69083786               1
       10022       60021   60.2706032      -3.65003347               1
       10022       70021   59.0479469      -3.67190790               1
       10022       80021   58.2587585      -3.68349075               1
       10022       90021   57.7743721      -3.69597054               1
       10022      100021   56.8109093      -3.68857813               1
       10022      110021   56.4677620      -3.68939686               1
       10022      120021   55.9955902      -3.67923903               1
       10020       20021   115.521927      -3.68741965               1
       10022       20021   107.925323      -3.64864802               1
       20021       30012   51.1961403      -2.96451688               1
       20021       30013   51.7776794      -2.96565962               1
       20021       30014   52.2562065      -2.95640659               1
       20021       30015   53.1361694      -2.95275831               1
       20021       30016   53.8900528      -2.94283915               1
       20021       30017   56.6980934      -2.98261118               1
       20021       30018   59.6841927      -2.96583271               1
       20021       30019   67.2476959      -2.77204394               1
       20021       30020   114.750664      -3.39433622               1
       20021       40020   78.5825577      -3.59690022               1
       20021       50020   72.8491058      -3.69739294               1
       20021       60020   69.2209625      -3.67099047               1
       20021       70020   67.4173889      -3.71223617               1
       20021       80020   66.3385162      -3.73252511               1
       20021       90020   65.7084961      -3.74999309               1
       20021      100020   64.5252075      -3.74736071               1
       20021      110020   64.1149445      -3.74961615               1
       10020       20023   61.4140511      -3.51264310               1
       10022       20023   87.8376846      -3.46647024               1
       20023       30012   50.8008728      -2.95361114               1
       20023       30013   51.2485352      -2.95314145               1
       20023       30014   51.5792847      -2.94501638               1
       20023       30015   52.1000175      -2.93979359               1
       20023       30016   52.4652786      -2.93242884               1
       20023       30017   53.5713463      -2.94147801               1
       20023       30018   54.4841423      -2.93190646               1
       20023       30019   55.9157066      -2.88383913               1
       20023       30020   60.6634178      -2.95605922               1
       20023       30021   66.8292542      -2.88784432               1
       10020       30022   46.6635742      -3.86139894               1
       20021       30022   107.158516      -3.33452845               1
       20023       30022   87.0927963      -3.07844877               1
       30022       40020   59.1825790      -3.32428479               1
       30022       40021   90.3591385      -3.37047553               1
       30022       50014   16.5138073      -3.29223919               1
       30022       50015   17.2448044      -3.26747894               1
       30022       50016   17.8093643      -3.23605537               1
       30022       50020   40.6013641      -3.70582104               1
       30022       50021   71.7779236      -3.59824991               1
       30022       60021   64.0494766      -3.54140949               1
       30022       70021   61.0760612      -3.61712503               1
       30022       80021   59.5163498      -3.65037227               1
       30022       90020   27.5044880      -3.92429829               1
       30022       90021   58.6810455      -3.67664433               1
       30022      100020   26.1084042      -3.93585300               1
       30022      100021   57.2849617      -3.67587495               1
       30022      110020   25.6636524      -3.94738841               1
       30022      110021   56.8402100      -3.67904902               1
       30022      120021   56.2653847      -3.66869640               1
       10022       30024   37.9142036      -3.67305470               1
       20021       30024   60.2291603      -2.96469712               1
       20023       30024   122.983665      -3.68178082               1
       30024       50023   87.6429062      -4.03754282               1
       30024       60023   79.9346161      -4.03467989               1
       30024       70023   76.9870453      -4.11325121               1
       30024       80023   75.4540558      -4.14917755               1
       30024       90023   74.6438599      -4.17471933               1
       30024      100023   73.3373032      -4.18408871               1
       30024      110023   72.9403000      -4.18940926               1
       30024      120023   72.4498062      -4.18641472               1
       30024      130023   71.9919586      -4.19455481               1
       30024      140023   71.6716232      -4.20565510               1
       30024       40023   106.213867      -3.76704359               1
       40023       50014   77.2831573      -4.65179968               1
       40023       50015   77.8886719      -4.63438654               1
       40023       50016   78.2878494      -4.62029457               1
       40023       50017   79.4516525      -4.60183144               1
       40023       50018   80.3929214      -4.57571125               1
       40023       50019   81.8457870      -4.51330042               1
       40023       50020   86.6186295      -4.47422647               1
       40023       50021   92.7967377      -4.32379103               1
       40023       50022   113.070923      -4.21316481               1
       40023       60015   23.2578812      -3.09875488               1
       40023       60016   23.6570568      -3.07803202               1
       40023       60020   31.9878464      -3.08415985               1
       20023       40025   41.0290527      -3.77962852               1
       30024       40025   91.8577576      -3.28667092               1
       40025       50014   76.9587784      -4.65975332               1
       40025       50015   77.4314880      -4.64648724               1
       40025       50016   77.7097321      -4.63698435               1
       40025       50017   78.4303284      -4.62689590               1
       40025       50018   78.9451752      -4.61413956               1
       40025       50019   79.5940018      -4.58894110               1
       40025       50020   81.2198792      -4.58085251               1
       40025       50021   82.7587967      -4.54341364               1
       40025       50022   85.7849426      -4.53823709               1
       40025       50023   103.200241      -4.55669022               1
       40025       60015   22.8141670      -3.10967374               1
       40025       60016   23.0924072      -3.09621191               1
       40025       60017   23.8130035      -3.10960889               1
       40025       60018   24.3278580      -3.10032511               1
       40025       60019   24.9766846      -3.05934811               1
       40025       60020   26.6025620      -3.12813807               1
       40025       60021   28.1414814      -3.09747958               1
       40025       60022   31.1676273      -3.22362089               1
       40025       60023   48.5829086      -3.73406363               1
       40025       60024   80.0365524      -3.42554212               1
       40025       70024   68.3611526      -3.50080395               1
       40025       80024   64.0101624      -3.52258563               1
       40025       90024   62.1410713      -3.55319786               1
       40025      100023   28.3804226      -4.19299603               1
       40025      100024   59.8340607      -3.53905249               1
       40025      110024   59.2517509      -3.54045606               1
       40025      120024   58.6063690      -3.52672768               1
       40025      130024   58.0504646      -3.53165483               1
       40025      140024   57.6950989      -3.54275322               1
       40025      150024   57.2223892      -3.55147672               1
       20023       50024   81.1128235      -4.10246515               1
       40023       50024   148.989944      -4.43765688               1
       40025       50024   134.653854      -4.18115282               1
       30024       50026   34.2993660      -3.33869386               1
       40023       50026   88.1195526      -4.55818033               1
       40025       50026   117.602806      -4.41515732               1
       50026       60015   45.6304131      -2.85837889               1
       50026       60016   45.8818550      -2.85273552               1
       50026       60017   46.4842186      -2.85918832               1
       50026       60018   46.8854218      -2.85610938               1
       50026       60019   47.3413773      -2.84180045               1
       50026       60020   48.3360634      -2.86358929               1
       50026       60021   49.1607018      -2.85262156               1
       50026       60022   50.5241241      -2.88734293               1
       50026       60023   56.6045609      -3.06016803               1
       50026       60024   64.1543732      -3.01529717               1
       50026       70024   35.8231812      -3.24572229               1
       50026      120024   19.9820652      -3.32895708               1
       50026      150024   18.5239639      -3.40183640               1
       30024       60025   65.5784912      -3.42039704               1
       40023       60025   48.5623932      -3.73428893               1
       50026       60025   86.0879974      -3.37789989               1
       60025       70016   55.5069542      -4.29070473               1
       60025       70017   56.3076782      -4.28073931               1
       60025       70018   56.8602448      -4.26551580               1
       60025       70019   57.5361214      -4.23369169               1
       60025       70020   59.1923256      -4.23234892               1
       60025       70021   60.7456245      -4.18965483               1
       60025       70022   63.7838593      -4.19945812               1
       60025       70023   81.2194977      -4.29570866               1
       60025       70024   112.683357      -3.91965628               1
       60025       80017   21.9234066      -4.06044197               1
       60025       80018   22.4759731      -4.02734566               1
       60025       80019   23.1518517      -3.95520949               1
       60025       80020   24.8080540      -3.97059798               1
       60025       80021   26.3613529      -3.88763857               1
       60025       80022   29.3995876      -3.94011927               1
       60025       80023   46.8352242      -4.20357847               1
       60025       80024   78.2990952      -3.69940805               1
       60025       90018   13.2929144      -4.20301056               1
       60025       90019   13.9687920      -4.07495308               1
       60025       90020   15.6249952      -4.08669329               1
       60025       90021   17.1782932      -3.94888830               1
       60025       90022   20.2165279      -4.01600266               1
       60025       90023   37.6521683      -4.30857801               1
       60025       90024   69.1160355      -3.68962216               1
       60025      100023   30.5450840      -4.21607828               1
       60025      100024   62.0089531      -3.57311654               1
       60025      110023   29.2507801      -4.22340059               1
       60025      110024   60.7146492      -3.56293774               1
       60025      120023   28.0678329      -4.17619801               1
       60025      120024   59.5317039      -3.52755904               1
       60025      130023   27.1667976      -4.19984198               1
       60025      130024   58.6306686      -3.52854633               1
       60025      140023   26.6531277      -4.24175310               1
       60025      140024   58.1169968      -3.54183388               1
       60025      150024   57.5055237      -3.55108404               1
       50026       60027   90.3700256      -3.84948874               1
       60027       70016   55.1877899      -4.29650593               1
       60027       70017   55.7846642      -4.28757048               1
       60027       70018   56.1605415      -4.27628851               1
       60027       70019   56.5584335      -4.25659466               1
       60027       70020   57.3516693      -4.25193977               1
       60027       70021   57.9599190      -4.23039293               1
       60027       70022   58.8718643      -4.23019552               1
       60027       70023   62.3975029      -4.25744438               1
       60027       70024   66.0676041      -4.18403721               1
       60027       70025   73.9835281      -4.25334644               1
       60027       80024   31.6955490      -3.92618346               1
       60027       80026   65.5831680      -4.62273359               1
       60027       90026   56.4112129      -4.76057529               1
       60027      100026   49.3414879      -4.76832438               1
       60027      110026   48.0660133      -4.78729916               1
       60027      120026   46.9147911      -4.77349997               1
       60027      130026   46.0522652      -4.79797983               1
       60027      140026   45.5750618      -4.82723475               1
       60027      150026   45.0359612      -4.85359859               1
       60027      160026   44.7674332      -4.87063026               1
       60027      170026   44.1705627      -4.88967323               1
       60025       70026   95.6522293      -4.16082621               1
       60027       70026   99.9552231      -4.55364180               1
       70026       80017   67.1842117      -2.87074137               1
       70026       80018   67.6489487      -2.86818266               1
       70026       80019   68.1493607      -2.85733485               1
       70026       80020   69.1924286      -2.87277794               1
       70026       80021   70.0396042      -2.86447310               1
       70026       80022   71.4216690      -2.88894820               1
       70026       80023   77.5328979      -3.01551175               1
       70026       80024   85.0980072      -2.98547840               1
       70026       80025   107.046753      -3.28326249               1
       70026       90018   28.6457710      -3.45945263               1
       70026       90019   29.1461773      -3.42393637               1
       70026       90020   30.1892471      -3.43975496               1
       70026       90021   31.0364265      -3.40553689               1
       70026       90022   32.4184952      -3.43639183               1
       70026       90023   38.5297203      -3.60424376               1
       70026       90024   46.0948296      -3.45217466               1
       70026       90025   68.0435867      -3.77010942               1
       70026      100024   26.5313377      -3.38182330               1
       70026      110024   23.8459759      -3.39733148               1
       70026      120024   21.8061371      -3.26848149               1
       70026      130024   20.4278011      -3.28540397               1
       70026      140024   19.7288609      -3.34427857               1
       70026      150024   18.9991493      -3.38298059               1
       60025       70028   65.5730209      -4.09484243               1
       60027       70028   90.1056595      -3.89165163               1
       70028       80017   66.8716583      -2.86552048               1
       70028       80018   67.2408142      -2.86230040               1
       70028       80019   67.6022110      -2.85306239               1
       70028       80020   68.2553864      -2.85821104               1
       70028       80021   68.7184219      -2.84918642               1
       70028       80022   69.3511276      -2.85469031               1
       70028       80023   71.5000305      -2.88369155               1
       70028       80024   73.4558640      -2.85540605               1
       70028       80025   76.9821548      -2.88432169               1
       70028       80026   85.0155258      -2.97463107               1
       70028       90018   28.2454414      -3.45377874               1
       70028       90020   29.2600117      -3.42373013               1
       70028       90021   29.7230492      -3.39405608               1
       70028       90023   32.5046539      -3.42332888               1
       70028       90024   34.4604874      -3.33240795               1
       70028       90027   62.5199242      -3.34731388               1
       70028      100027   42.9822350      -3.25720549               1
       70028      110027   40.3096542      -3.25841546               1
       70028      120027   38.2910538      -3.17891741               1
       70028      130027   36.9380493      -3.18538165               1
       70028      140027   36.2624435      -3.21518517               1
       70028      150027   35.5774422      -3.23347950               1
       70028      160027   35.2692719      -3.24697876               1
       70028      170027   34.6436462      -3.24912763               1
       70028      180027   34.2744865      -3.25957656               1
       50026       80027   53.9617691      -4.56594276               1
       70026       80027   111.350609      -3.66970873               1
       70028       80027   101.515297      -2.99643230               1
       80027       90018   71.2694931      -3.14548397               1
       80027       90019   71.7227631      -3.13430667               1
       80027       90020   72.5745392      -3.14240241               1
       80027       90021   73.2096100      -3.13353395               1
       80027       90022   74.1433792      -3.14665437               1
       80027       90023   77.7043839      -3.21772051               1
       80027       90024   81.3918533      -3.20456362               1
       80027       90025   89.3248062      -3.34862566               1
       80027       90026   115.312477      -3.81263471               1
       80027      100026   58.8976440      -4.43628883               1
       80027      110026   53.2660789      -4.59799671               1
       80027      120026   49.7316437      -4.60492277               1
       80027      130026   47.5915680      -4.68656063               1
       80027      140026   46.6056099      -4.75631189               1
       80027      150026   45.6764374      -4.80980396               1
       80027      160026   45.2797813      -4.83757591               1
       80027      170026   44.5000763      -4.86674356               1
       70026       80029   79.2121887      -2.96342897               1
       70028       80029   115.378006      -3.50922918               1
       80029       90018   70.9763489      -3.14256787               1
       80029       90019   71.3380585      -3.13257194               1
       80029       90020   71.9485931      -3.13497591               1
       80029       90021   72.3606720      -3.12591648               1
       80029       90022   72.8944626      -3.12890816               1
       80029       90023   74.5850525      -3.14805341               1
       80029       90024   76.0274429      -3.12594008               1
       80029       90025   78.4333344      -3.14214468               1
       80029       90026   83.1838455      -3.19526434               1
       80029       90027   90.3611069      -3.20725417               1
       80029      100028   62.9585075      -4.09286928               1
       80029      110028   57.3371010      -4.20938444               1
       80029      120028   53.8193932      -4.19065237               1
       80029      130028   51.6990585      -4.24848127               1
       80029      140028   50.7309723      -4.30347776               1
       80029      150028   49.8353004      -4.34344196               1
       80029      160028   49.4648094      -4.36433554               1
       80029      170028   48.7673492      -4.38338661               1
       80029      180028   48.3763008      -4.40066624               1
       80029      190028   48.0145874      -4.42499542               1
       60027       90028   46.5616493      -3.52327204               1
       80027       90028   105.480255      -3.17783141               1
       80029       90028   119.352623      -3.65250325               1
       90028      100020   31.3913784      -2.98290420               1
       90028      100027   64.7934799      -3.13313961               1
       90028      110027   49.2154007      -3.22079921               1
       90028      120027   42.4418869      -3.04388142               1
       90028      130027   38.9525490      -3.08267832               1
       90028      140027   37.5189590      -3.15646625               1
       90028      150027   36.3074226      -3.19974303               1
       90028      160027   35.8388977      -3.22381997               1
       90028      170027   34.9993858      -3.23262000               1
       90028      180027   34.5388260      -3.24770832               1
       80027       90030   79.9023972      -3.12540174               1
       80029       90030   103.454521      -3.07094479               1
       70028      100029   56.8449669      -4.23443317               1
       90028      100029   78.6696625      -3.86107326               1
      100029      110020   78.4768982      -5.76639223               1
      100029      110021   78.9560776      -5.74108076               1
      100029      110022   79.5413513      -5.72510576               1
      100029      110023   81.3097839      -5.68771839               1
      100029      110024   82.7888107      -5.62178850               1
      100029      110026   90.0121460      -5.48629379               1
      100029      110027   97.2055817      -5.32796574               1
      100029      110028   126.214211      -5.26189423               1
      100029      120028   76.5530777      -4.29031420               1
      100029      130028   60.2110939      -4.14295244               1
      100029      140028   55.2319832      -4.24870348               1
      100029      150028   52.0465393      -4.30889082               1
      100029      160028   51.0788345      -4.34452677               1
      100029      170028   49.6928864      -4.36610174               1
      100029      180028   49.0321922      -4.38848782               1
      100029      190028   48.5043793      -4.41898441               1
       90030      100031   91.8263626      -3.43432951               1
      100031      110020   77.9810104      -5.78394032               1
      100031      110021   78.3172836      -5.76516438               1
      100031      110022   78.6797104      -5.75416327               1
      100031      110023   79.5942154      -5.73214006               1
      100031      110024   80.2486420      -5.69952631               1
      100031      110025   81.1667633      -5.67217636               1
      100031      110026   82.5710831      -5.63831711               1
      100031      110027   84.0110931      -5.59116840               1
      100031      110028   87.4352264      -5.55373812               1
      100031      110029   93.1650009      -5.34767342               1
      100031      120021   28.6747074      -4.04227591               1
      100031      120024   30.6060715      -3.97889376               1
      100031      120030   89.7654419      -3.79084659               1
      100031      130030   73.4449158      -3.55867290               1
      100031      140030   68.4845963      -3.60101581               1
      100031      150030   65.3329239      -3.61686015               1
      100031      160030   64.3903198      -3.63410974               1
      100031      170030   63.0795593      -3.63535333               1
      100031      180030   62.4761467      -3.64419532               1
      100031      190030   62.0215034      -3.65895557               1
      100031      200030   61.4270058      -3.66044903               1
      100031      210030   61.0907326      -3.67283082               1
      100029      110030   110.347427      -4.94802618               1
      100031      110030   139.407944      -4.84827185               1
      110030      120021   59.7973366      -4.04802847               1
      110030      120022   60.2421684      -4.04309273               1
      110030      120023   61.4076233      -4.03867245               1
      110030      120024   62.2784920      -4.00609589               1
      110030      120025   63.5635147      -3.99122500               1
      110030      120026   65.6960602      -3.97994494               1
      110030      120027   68.1842728      -3.93780804               1
      110030      120028   75.1961670      -3.99131680               1
      110030      120029   91.7719421      -3.66804194               1
      110030      130029   52.2332840      -2.95023704               1
      110030      140029   42.7695312      -2.97119975               1
      100029      110032   86.8423615      -5.49158525               1
      100031      110032   126.586945      -4.78978586               1
      110032      120021   59.4731712      -4.05655336               1
      110032      120022   59.8141975      -4.05235147               1
      110032      120023   60.6068993      -4.04881239               1
      110032      120024   61.1402168      -4.02770042               1
      110032      120025   61.8467903      -4.01729012               1
      110032      120026   62.8444710      -4.00888443               1
      110032      120027   63.7588692      -3.98951125               1
      110032      120028   65.6692047      -4.00121069               1
      110032      120029   68.2836990      -3.91880655               1
      110032      120030   84.1843491      -3.84274292               1
      110032      130031   68.4960403      -3.13166213               1
       90030      120031   69.5051651      -3.47696424               1
      110030      120031   120.827446      -3.86082625               1
      110032      120031   108.022133      -3.67511439               1
      120031      130022   50.5429573      -3.55447221               1
      120031      130023   51.5488892      -3.56247497               1
      120031      130024   52.2444534      -3.53921485               1
      120031      130025   53.2006645      -3.53541183               1
      120031      130026   54.6388855      -3.53999257               1
      120031      130027   56.0956192      -3.52343154               1
      120031      130028   59.5369720      -3.58810043               1
      120031      130029   65.2763672      -3.46646714               1
      120031      130030   111.540260      -3.62240124               1
      120031      140023   21.6883583      -3.60531354               1
      120031      140024   22.3839207      -3.54969335               1
      120031      140030   81.6797256      -3.65568399               1
      120031      150030   69.9320297      -3.63126516               1
      120031      160030   67.3116226      -3.65607977               1
      120031      170030   64.5100708      -3.64011359               1
      120031      180030   63.4035873      -3.64799857               1
      120031      190030   62.6737518      -3.66553760               1
      120031      200030   61.8517914      -3.66340828               1
      120031      210030   61.4248886      -3.67767119               1
      110030      120033   70.7779617      -3.90168238               1
      110032      120033   99.2707138      -3.69272161               1
      120033      130022   50.1775742      -3.55998421               1
      120033      130023   50.8933830      -3.56540346               1
      120033      130024   51.3391914      -3.54942918               1
      120033      130025   51.8909836      -3.54497933               1
      120033      130026   52.6028900      -3.54380798               1
      120033      130027   53.1806984      -3.53326988               1
      120033      130028   54.2378807      -3.54743361               1
      120033      130029   55.4515648      -3.50436330               1
      120033      130030   61.5147362      -3.47535491               1
      120033      130031   68.0162506      -3.40459418               1
      120033      140031   38.1664009      -3.30493593               1
      120033      140032   60.1602974      -3.30436730               1
      120033      150032   48.4312401      -3.18354940               1
      120033      160032   45.8242188      -3.19401050               1
      120033      170031   21.0675621      -2.96977401               1
      120033      170032   43.0614548      -3.14016557               1
      120033      180032   41.9835472      -3.13838792               1
      120033      190032   41.2883911      -3.15435290               1
      120033      200032   40.5427284      -3.14162135               1
      120033      210032   40.1750336      -3.15589070               1
      120033      220031   17.8386765      -2.96750474               1
      120033      220032   39.8325691      -3.15296149               1
      120033      230032   39.1167603      -3.13846231               1
      120031      130032   98.7371063      -3.38831878               1
      120033      130032   90.0101395      -3.37986279               1
      130032      140023   52.4080086      -3.15242767               1
      130032      140024   53.0003586      -3.13652539               1
      130032      140025   53.7607117      -3.13707590               1
      130032      140026   54.8055878      -3.14454722               1
      130032      140027   55.7429695      -3.13679385               1
      130032      140028   57.6766891      -3.17933655               1
      130032      140029   60.3040810      -3.12155294               1
      130032      140030   76.2325821      -3.20417595               1
      130032      140031   100.082764      -3.17535543               1
      130032      150031   64.1307983      -3.16161633               1
      120031      130034   59.8058243      -3.42276645               1
      120033      130034   96.4359894      -2.75282454               1
      130034      140023   51.9322510      -3.15409684               1
      130034      140024   52.3551521      -3.14290118               1
      130034      140025   52.8515205      -3.14283895               1
      130034      140026   53.4498901      -3.14630079               1
      130034      140027   53.8930511      -3.14128757               1
      130034      140028   54.6242218      -3.15507460               1
      130034      140029   55.3552017      -3.13095689               1
      130034      140030   58.4768181      -3.11438489               1
      130034      140031   61.1709175      -3.07291722               1
      130034      140032   67.3888626      -3.03312159               1
      130034      150024   16.4185123      -3.01712513               1
      130034      150032   31.4522266      -2.84203291               1
      130034      150033   61.8633919      -2.16174483               1
      130034      160033   55.9975929      -2.11919260               1
      130034      170033   51.0608788      -1.96906388               1
      130034      180033   49.3566513      -1.93447495               1
      130034      190033   48.3606682      -1.93110323               1
      130034      200033   47.4075165      -1.89413989               1
      130034      210033   46.9701157      -1.89781249               1
      130034      220033   46.5911674      -1.88510859               1
      130034      230033   45.8677902      -1.85192943               1
      130034      240033   45.4448891      -1.85270965               1
      110032      140033   50.2917442      -3.12350178               1
      130032      140033   91.3548737      -3.14673185               1
      130034      140033   97.8000183      -2.54338598               1
      140033      150024   36.1486435      -2.29692483               1
      140033      150025   36.7595596      -2.31004238               1
      140033      150026   37.5223007      -2.33291507               1
      140033      150027   38.1244164      -2.33661366               1
      140033      150028   39.2059364      -2.38966799               1
      140033      150029   40.4328613      -2.36502123               1
      140033      150030   46.5242195      -2.47535872               1
      140033      150031   53.0381737      -2.50708008               1
      140033      150032   75.0431442      -2.74048543               1
      140033      160030   28.4979362      -2.88781166               1
      140033      160031   35.0118904      -2.85912824               1
      140033      160032   57.0168610      -3.03045750               1
      140033      170031   24.9762363      -2.81769753               1
      140033      170032   46.9812050      -3.04502964               1
      140033      180031   22.0846653      -2.87022185               1
      140033      180032   44.0896339      -3.08624864               1
      140033      190031   20.5852089      -2.95386434               1
      140033      190032   42.5901794      -3.13428140               1
      140033      200031   19.3013535      -2.92070866               1
      140033      200032   41.3063240      -3.12439632               1
      140033      210031   18.7422104      -2.97139812               1
      140033      210032   40.7471809      -3.15050650               1
      140033      220031   18.2749367      -2.96427655               1
      140033      220032   40.2799072      -3.14935327               1
      140033      230032   39.4067574      -3.13360310               1
      130032      140035   61.3820076      -3.13302135               1
      130034      140035   92.2455292      -2.67285275               1
      140035      150024   35.8077545      -2.30018210               1
      140035      150025   36.2881851      -2.31234264               1
      140035      150026   36.8409996      -2.33159804               1
      140035      150027   37.2266541      -2.33596945               1
      140035      150028   37.8220062      -2.36935663               1
      140035      150029   38.3676186      -2.35895395               1
      140035      150030   40.4750557      -2.40062690               1
      140035      150031   42.0772438      -2.40557027               1
      140035      150032   45.0810623      -2.45070195               1
      140035      150033   55.1137161      -2.35980177               1
      140035      160034   57.9242935      -2.27666569               1
      140035      170034   47.9073944      -2.13303614               1
      140035      180034   45.0293274      -2.11458230               1
      140035      190034   43.5457230      -2.12737370               1
      140035      200034   42.2951813      -2.08747864               1
      140035      210034   41.7608490      -2.09824419               1
      140035      220034   41.3275032      -2.08565545               1
      140035      230034   40.5618744      -2.04992414               1
      140035      240034   40.1362114      -2.05232358               1
      140035      250034   39.6557808      -2.03819275               1
      120033      150034   54.8571091      -2.10424423               1
      140033      150034   81.4884872      -2.04864955               1
      140035      150034   75.9439621      -2.16918945               1
      150034      160025   60.6630592      -2.64142036               1
      150034      160026   61.3359451      -2.64979458               1
      150034      160027   61.8135757      -2.64879632               1
      150034      160028   62.5782585      -2.66739130               1
      150034      160029   63.3270111      -2.65154529               1
      150034      160030   66.4855423      -2.65943599               1
      150034      160031   69.1957092      -2.64029860               1
      150034      160032   75.4277649      -2.64038301               1
      150034      160033   105.854301      -2.30062723               1
      150034      170026   18.2339802      -2.37749887               1
      150034      170027   18.7116089      -2.38115096               1
      150034      170028   19.4762917      -2.45140648               1
      150034      170029   20.2250443      -2.40978599               1
      150034      170030   23.3835754      -2.46487761               1
      150034      170031   26.0937405      -2.43433619               1
      150034      170032   32.3257980      -2.47424006               1
      150034      170033   62.7523460      -1.98167741               1
      150034      180032   23.9409866      -2.55959582               1
      150034      180033   54.3675346      -1.94329894               1
      150034      190033   50.9975014      -1.96076381               1
      150034      200033   48.7597389      -1.89842713               1
      150034      210033   47.9159546      -1.91381419               1
      150034      220033   47.2979317      -1.89834082               1
      150034      230033   46.3061180      -1.85668910               1
      150034      240033   45.7775803      -1.85866642               1
      140033      150036   45.3627281      -2.36515808               1
      140035      150036   69.7212906      -1.90038359               1
      150036      160025   60.2750320      -2.64503956               1
      150036      160026   60.7977180      -2.65309095               1
      150036      160027   61.1339073      -2.65372443               1
      150036      160028   61.6111488      -2.66796660               1
      150036      160029   62.0077972      -2.66137767               1
      150036      160030   63.3883667      -2.67149734               1
      150036      160031   64.3282700      -2.66855073               1
      150036      160032   65.8297577      -2.67719650               1
      150036      160033   69.7439270      -2.63650060               1
      150036      160034   75.4134598      -2.55909991               1
      150036      170026   17.7144547      -2.38052845               1
      150036      170027   18.0506458      -2.38775086               1
      150036      170028   18.5278854      -2.44196153               1
      150036      170029   18.9245358      -2.42510915               1
      150036      170031   21.2450066      -2.47263455               1
      150036      170032   22.7464924      -2.51058841               1
      150036      170035   51.0250244      -1.76369727               1
      150036      180035   42.6534615      -1.67182338               1
      150036      190035   39.2986107      -1.67064583               1
      150036      200035   37.0917397      -1.57195687               1
      150036      210035   36.2703323      -1.58414710               1
      150036      220035   35.6819000      -1.55877328               1
      150036      230035   34.7794838      -1.49725688               1
      150036      240035   34.3199844      -1.49310935               1
      150036      250035   33.8332558      -1.46881998               1
      150036      260035   33.3105736      -1.43566859               1
      130034      160035   50.4430962      -2.30923915               1
      150034      160035   100.314766      -2.40604281               1
      150036      160035   94.1082764      -2.22217202               1
      160035      170026   39.6986046      -1.99735284               1
      160035      170027   40.1256218      -2.00494409               1
      160035      170028   40.7602425      -2.04283857               1
      160035      170029   41.3262711      -2.03711534               1
      160035      170030   43.4752731      -2.09204459               1
      160035      170031   45.0953484      -2.10752583               1
      160035      170032   48.1147079      -2.16855645               1
      160035      170033   58.1641083      -2.13101101               1
      160035      170034   79.0040359      -2.00804520               1
      160035      180034   54.9914932      -2.06285119               1
      160035      190034   47.9557838      -2.15151644               1
      160035      200034   44.2826233      -2.07648921               1
      160035      210034   43.0579643      -2.11457777               1
      160035      220034   42.2534447      -2.10016894               1
      160035      230034   41.1103897      -2.05342937               1
      160035      240034   40.5450783      -2.05834055               1
      160035      250034   39.9501419      -2.04292941               1
      150034      160037   69.3842087      -2.63139009               1
      150036      160037   121.740082      -2.94385934               1
      160037      170026   39.2562561      -1.98791027               1
      160037      170027   39.5756836      -1.99424744               1
      160037      170028   40.0046806      -2.02150583               1
      160037      170029   40.3394966      -2.01875114               1
      160037      170030   41.4290123      -2.04934525               1
      160037      170031   42.1222954      -2.05736661               1
      160037      170032   43.1274261      -2.08332515               1
      160037      170033   45.3855171      -2.08818173               1
      160037      170034   48.0991783      -2.07729053               1
      160037      170035   54.2925491      -1.96765375               1
      160037      180035   30.2926044      -2.03513408               1
      160037      180036   76.4558563      -3.01566339               1
      160037      190036   69.4344177      -3.17299032               1
      160037      200036   65.7897949      -3.17950726               1
      160037      210036   64.5855026      -3.22520590               1
      160037      220036   63.8074608      -3.22964597               1
      160037      230036   62.7423439      -3.22000194               1
      160037      240036   62.2358513      -3.23213553               1
      160037      250035   15.5605173      -1.96960342               1
      160037      250036   61.7237740      -3.23317361               1
      160037      260036   61.1995506      -3.23052454               1
      160037      270036   60.8801231      -3.23292470               1
      140035      170036   41.6847229      -1.67803836               1
      160035      170036   72.7979584      -1.73664522               1
      160037      170036   100.455788      -2.74493408               1
      170036      180027   61.0039253      -2.79974365               1
      170036      180028   61.5531654      -2.81541705               1
      170036      180029   61.9859009      -2.80745769               1
      170036      180030   63.4372864      -2.81501627               1
      170036      180031   64.4070358      -2.80988622               1
      170036      180032   65.9339447      -2.81548429               1
      170036      180033   69.8749390      -2.76705623               1
      170036      180034   75.5597458      -2.67993665               1
      170036      180035   94.2645264      -2.31941438               1
      170036      190035   55.2153549      -2.17438221               1
      170036      200035   42.7411537      -1.70119596               1
      170036      210035   39.4760246      -1.74076211               1
      170036      220035   37.7623138      -1.67422879               1
      170036      240035   35.1150475      -1.53752387               1
      170036      250035   34.3838730      -1.50086212               1
      170036      260035   33.6760597      -1.45571542               1
      160035      170038   47.7783661      -2.00349951               1
      160037      170038   86.3972244      -2.61366606               1
      170038      180027   60.6663628      -2.80024648               1
      170038      180028   61.1008835      -2.81344175               1
      170038      180029   61.4125671      -2.80811524               1
      170038      180030   62.3472252      -2.81404090               1
      170038      180031   62.9026527      -2.81152797               1
      170038      180032   63.6385193      -2.81563330               1
      170038      180033   65.0888367      -2.80220342               1
      170038      180034   66.5956497      -2.78211451               1
      170038      180035   69.2652512      -2.71391344               1
      170038      180036   83.3816833      -2.86249447               1
      170038      190037   68.8426666      -3.18838835               1
      170038      200037   56.3879967      -3.05399060               1
      170038      220037   51.4405708      -3.16462684               1
      170038      240037   48.8817177      -3.14609599               1
      170038      250037   48.2024994      -3.14410686               1
      170038      260037   47.5680962      -3.13684011               1
      170038      270037   47.2155609      -3.13855600               1
      170038      280037   46.7810402      -3.12446404               1
      150036      180037   70.2852554      -3.13821030               1
      160035      180037   30.2602196      -2.03479981               1
      170036      180037   121.920837      -3.01803160               1
      170038      180037   107.881920      -2.94831085               1
      180037      190028   46.5254707      -2.91840839               1
      180037      190029   46.9089622      -2.90870905               1
      180037      190030   48.0921860      -2.91569686               1
      180037      190031   48.8245354      -2.91004086               1
      180037      190032   49.8626251      -2.91553307               1
      180037      190035   61.0941925      -2.65991712               1
      180037      190036   107.276772      -3.08987808               1
      180037      200036   76.5468063      -3.01396251               1
      180037      210036   70.0098190      -3.22361493               1
      180037      220036   67.0882492      -3.24111819               1
      180037      230036   64.3912811      -3.21283698               1
      180037      240036   63.3826065      -3.23398232               1
      180037      250035   16.3207264      -2.03604937               1
      180037      250036   62.5033035      -3.23497224               1
      180037      260036   61.7104988      -3.23036194               1
      180037      270036   61.2793541      -3.23310828               1
      170036      180039   70.3123779      -2.70299196               1
      170038      180039   91.5311508      -2.45724106               1
      180039      190028   46.1099434      -2.91156173               1
      180039      190029   46.3945198      -2.90374541               1
      180039      190030   47.1813469      -2.90541768               1
      180039      190031   47.6181946      -2.89956880               1
      180039      190032   48.1473160      -2.89898539               1
      180039      190033   49.0628319      -2.87905192               1
      180039      190036   55.6909142      -2.75828505               1
      180039      190037   61.1864586      -2.67564082               1
      180039      200038   46.2030296      -1.90030396               1
      180039      210038   39.6803360      -2.08666515               1
      180039      220038   36.7767944      -2.02903867               1
      180039      230038   34.1306229      -1.88292217               1
      180039      250037   16.6036549      -2.11124516               1
      180039      250038   32.3296127      -1.85062230               1
      180039      260037   15.8796940      -2.04485393               1
      180039      260038   31.6056519      -1.81129551               1
      180039      270037   15.5053396      -2.02636981               1
      180039      270038   31.2312965      -1.79931903               1
      180039      280037   15.0765209      -1.95410168               1
      180039      280038   30.8024788      -1.76078606               1
      180039      290038   30.5179005      -1.76193774               1
      180037      190038   93.2397232      -3.02009845               1
      180039      190038   76.9124069      -2.45069027               1
      190038      200036   63.1245575      -1.52007949               1
      190038      200037   87.6347275      -2.00098586               1
      190038      210037   63.4393692      -2.91806817               1
      190038      220037   56.4567871      -3.07078838               1
      190038      250037   49.0674629      -3.12608409               1
      190038      260037   48.1054077      -3.12394834               1
      190038      270037   47.6252213      -3.12927794               1
      190038      280037   47.0834999      -3.11405158               1
      180039      190040   93.4484940      -2.85320401               1
      190040      200038   56.8245049      -1.09334838               1
      190040      210039   63.6831360      -2.67302656               1
      190040      220039   56.7148438      -2.79507995               1
      190040      230039   52.0172501      -2.76519084               1
      190040      240039   50.5596733      -2.80638075               1
      190040      250039   49.4317207      -2.80944109               1
      190040      260039   48.5210876      -2.80199552               1
      190040      270039   48.0822334      -2.80412984               1
      190040      280039   47.6106224      -2.78805351               1
      190040      290039   47.3156013      -2.79562616               1
      190040      300039   46.5450401      -2.79238296               1
      170038      200039   40.0372353      -1.97448933               1
      190038      200039   71.3044739      -1.15334713               1
      190040      200039   87.8670502      -1.82599795               1
      200039      210030   64.4378281      -3.76259971               1
      200039      210031   64.9442520      -3.75120521               1
      200039      210032   65.5291824      -3.74340081               1
      200039      210033   66.4999542      -3.71607995               1
      200039      210034   67.3587952      -3.68693662               1
      200039      210035   68.5387497      -3.62587953               1
      200039      210036   73.2042465      -3.54663062               1
      200039      210037   78.7153473      -3.42707491               1
      200039      210038   94.4551315      -3.11863923               1
      200039      220032   26.6615334      -3.93748856               1
      200039      220038   55.5874901      -2.77488685               1
      200039      230038   40.0178146      -2.07720876               1
      200039      250037   18.5259533      -2.26585484               1
      200039      250038   34.2657585      -1.94903839               1
      200039      260038   32.6989403      -1.86173511               1
      200039      270038   32.0265656      -1.83789384               1
      200039      280038   31.3672485      -1.77715790               1
      200039      290038   30.9808140      -1.77736270               1
      180039      210040   56.2164154      -2.86284137               1
      200039      210040   111.016594      -3.35784745               1
      210040      220031   56.8216019      -3.70339704               1
      210040      220032   57.3652229      -3.69629765               1
      210040      220033   58.2035599      -3.67252588               1
      210040      220034   58.8968697      -3.64879608               1
      210040      220035   59.7516174      -3.60182285               1
      210040      220036   62.7297668      -3.55450797               1
      210040      220037   65.7839584      -3.48785686               1
      210040      220038   72.1709061      -3.35010147               1
      210040      220039   103.232887      -3.29505539               1
      210040      230039   62.6678848      -2.79120326               1
      210040      240039   55.9397774      -2.86573696               1
      210040      250038   21.2343292      -2.37798691               1
      210040      250039   52.2963028      -2.84672427               1
      210040      260038   18.9634094      -2.24058175               1
      210040      260039   50.0253830      -2.81591582               1
      210040      270038   18.0770359      -2.21169686               1
      210040      270039   49.1390076      -2.81566763               1
      210040      280038   17.2794018      -2.10020900               1
      210040      280039   48.3413734      -2.78578234               1
      210040      290038   16.8467236      -2.11001325               1
      210040      290039   47.9086952      -2.79542160               1
      210040      300039   46.9099770      -2.79009390               1
