#	 X	 Y	 Z
1   0  0   0
2   1  0   0
3   2  0   0
4   3  0   0
5   4  0   0
6   5  0   0
7   6  0   0
8   7  0   0
9   8  0   0
10   9  0   0
11   10  0   0
12   11  0   0
13   12  0   0
14   13  0   0
15   14  0   0
16   15  0   0
17   16  0   0
18   17  0   0
19   18  0   0
20   19  0   0
21   20  0   0
22   21  0   0
23   22  0   0
24   23  0   0
25   24  0   0
26   25  0   0
27   26  0   0
28   27  0   0
29   28  0   0
30   29  0   0
31   30  0   0
32   31  0   0
33   32  0   0
34   33  0   0
35   34  0   0
36   35  0   0
37   36  0   0
38   37  0   0
39   38  0   0
40   39  0   0
41   40  0   0
42   41  0   0
43   42  0   0
44   43  0   0
45   44  0   0
46   45  0   0
47   46  0   0
48   47  0   0
#	 A	 B	 M	 N
1  1  3  4  6
2  1  3  6  8
3  1  3  8  10
4  1  3  10  12
5  1  3  12  14
6  1  3  14  16
7  1  3  16  18
8  1  3  18  20
9  1  3  20  22
10  1  3  22  24
11  2  4  5  7
12  2  4  7  9
13  2  4  9  11
14  2  4  11  13
15  2  4  13  15
16  2  4  15  17
17  2  4  17  19
18  2  4  19  21
19  2  4  21  23
20  2  4  23  25
21  3  5  6  8
22  3  5  8  10
23  3  5  10  12
24  3  5  12  14
25  3  5  14  16
26  3  5  16  18
27  3  5  18  20
28  3  5  20  22
29  3  5  22  24
30  3  5  24  26
31  4  6  7  9
32  4  6  9  11
33  4  6  11  13
34  4  6  13  15
35  4  6  15  17
36  4  6  17  19
37  4  6  19  21
38  4  6  21  23
39  4  6  23  25
40  4  6  25  27
41  5  7  8  10
42  5  7  10  12
43  5  7  12  14
44  5  7  14  16
45  5  7  16  18
46  5  7  18  20
47  5  7  20  22
48  5  7  22  24
49  5  7  24  26
50  5  7  26  28
51  6  8  9  11
52  6  8  11  13
53  6  8  13  15
54  6  8  15  17
55  6  8  17  19
56  6  8  19  21
57  6  8  21  23
58  6  8  23  25
59  6  8  25  27
60  6  8  27  29
61  7  9  10  12
62  7  9  12  14
63  7  9  14  16
64  7  9  16  18
65  7  9  18  20
66  7  9  20  22
67  7  9  22  24
68  7  9  24  26
69  7  9  26  28
70  7  9  28  30
71  8  10  11  13
72  8  10  13  15
73  8  10  15  17
74  8  10  17  19
75  8  10  19  21
76  8  10  21  23
77  8  10  23  25
78  8  10  25  27
79  8  10  27  29
80  8  10  29  31
81  9  11  12  14
82  9  11  14  16
83  9  11  16  18
84  9  11  18  20
85  9  11  20  22
86  9  11  22  24
87  9  11  24  26
88  9  11  26  28
89  9  11  28  30
90  9  11  30  32
91  10  12  13  15
92  10  12  15  17
93  10  12  17  19
94  10  12  19  21
95  10  12  21  23
96  10  12  23  25
97  10  12  25  27
98  10  12  27  29
99  10  12  29  31
100  10  12  31  33
101  11  13  14  16
102  11  13  16  18
103  11  13  18  20
104  11  13  20  22
105  11  13  22  24
106  11  13  24  26
107  11  13  26  28
108  11  13  28  30
109  11  13  30  32
110  11  13  32  34
111  12  14  15  17
112  12  14  17  19
113  12  14  19  21
114  12  14  21  23
115  12  14  23  25
116  12  14  25  27
117  12  14  27  29
118  12  14  29  31
119  12  14  31  33
120  12  14  33  35
121  13  15  16  18
122  13  15  18  20
123  13  15  20  22
124  13  15  22  24
125  13  15  24  26
126  13  15  26  28
127  13  15  28  30
128  13  15  30  32
129  13  15  32  34
130  13  15  34  36
131  14  16  17  19
132  14  16  19  21
133  14  16  21  23
134  14  16  23  25
135  14  16  25  27
136  14  16  27  29
137  14  16  29  31
138  14  16  31  33
139  14  16  33  35
140  14  16  35  37
141  15  17  18  20
142  15  17  20  22
143  15  17  22  24
144  15  17  24  26
145  15  17  26  28
146  15  17  28  30
147  15  17  30  32
148  15  17  32  34
149  15  17  34  36
150  15  17  36  38
151  16  18  19  21
152  16  18  21  23
153  16  18  23  25
154  16  18  25  27
155  16  18  27  29
156  16  18  29  31
157  16  18  31  33
158  16  18  33  35
159  16  18  35  37
160  16  18  37  39
161  17  19  20  22
162  17  19  22  24
163  17  19  24  26
164  17  19  26  28
165  17  19  28  30
166  17  19  30  32
167  17  19  32  34
168  17  19  34  36
169  17  19  36  38
170  17  19  38  40
171  18  20  21  23
172  18  20  23  25
173  18  20  25  27
174  18  20  27  29
175  18  20  29  31
176  18  20  31  33
177  18  20  33  35
178  18  20  35  37
179  18  20  37  39
180  18  20  39  41
181  19  21  22  24
182  19  21  24  26
183  19  21  26  28
184  19  21  28  30
185  19  21  30  32
186  19  21  32  34
187  19  21  34  36
188  19  21  36  38
189  19  21  38  40
190  19  21  40  42
191  20  22  23  25
192  20  22  25  27
193  20  22  27  29
194  20  22  29  31
195  20  22  31  33
196  20  22  33  35
197  20  22  35  37
198  20  22  37  39
199  20  22  39  41
200  20  22  41  43
201  21  23  24  26
202  21  23  26  28
203  21  23  28  30
204  21  23  30  32
205  21  23  32  34
206  21  23  34  36
207  21  23  36  38
208  21  23  38  40
209  21  23  40  42
210  21  23  42  44
211  22  24  25  27
212  22  24  27  29
213  22  24  29  31
214  22  24  31  33
215  22  24  33  35
216  22  24  35  37
217  22  24  37  39
218  22  24  39  41
219  22  24  41  43
220  22  24  43  45
221  23  25  26  28
222  23  25  28  30
223  23  25  30  32
224  23  25  32  34
225  23  25  34  36
226  23  25  36  38
227  23  25  38  40
228  23  25  40  42
229  23  25  42  44
230  23  25  44  46
231  24  26  27  29
232  24  26  29  31
233  24  26  31  33
234  24  26  33  35
235  24  26  35  37
236  24  26  37  39
237  24  26  39  41
238  24  26  41  43
239  24  26  43  45
240  24  26  45  47
241  25  27  28  30
242  25  27  30  32
243  25  27  32  34
244  25  27  34  36
245  25  27  36  38
246  25  27  38  40
247  25  27  40  42
248  25  27  42  44
249  25  27  44  46
250  25  27  46  48
251  26  28  29  31
252  26  28  31  33
253  26  28  33  35
254  26  28  35  37
255  26  28  37  39
256  26  28  39  41
257  26  28  41  43
258  26  28  43  45
259  26  28  45  47
260  27  29  30  32
261  27  29  32  34
262  27  29  34  36
263  27  29  36  38
264  27  29  38  40
265  27  29  40  42
266  27  29  42  44
267  27  29  44  46
268  27  29  46  48
269  28  30  31  33
270  28  30  33  35
271  28  30  35  37
272  28  30  37  39
273  28  30  39  41
274  28  30  41  43
275  28  30  43  45
276  28  30  45  47
277  29  31  32  34
278  29  31  34  36
279  29  31  36  38
280  29  31  38  40
281  29  31  40  42
282  29  31  42  44
283  29  31  44  46
284  29  31  46  48
285  30  32  33  35
286  30  32  35  37
287  30  32  37  39
288  30  32  39  41
289  30  32  41  43
290  30  32  43  45
291  30  32  45  47
292  31  33  34  36
293  31  33  36  38
294  31  33  38  40
295  31  33  40  42
296  31  33  42  44
297  31  33  44  46
298  31  33  46  48
299  32  34  35  37
300  32  34  37  39
301  32  34  39  41
302  32  34  41  43
303  32  34  43  45
304  32  34  45  47
305  33  35  36  38
306  33  35  38  40
307  33  35  40  42
308  33  35  42  44
309  33  35  44  46
310  33  35  46  48
311  34  36  37  39
312  34  36  39  41
313  34  36  41  43
314  34  36  43  45
315  34  36  45  47
316  35  37  38  40
317  35  37  40  42
318  35  37  42  44
319  35  37  44  46
320  35  37  46  48
321  36  38  39  41
322  36  38  41  43
323  36  38  43  45
324  36  38  45  47
325  37  39  40  42
326  37  39  42  44
327  37  39  44  46
328  37  39  46  48
329  38  40  41  43
330  38  40  43  45
331  38  40  45  47
332  39  41  42  44
333  39  41  44  46
334  39  41  46  48
335  40  42  43  45
336  40  42  45  47
337  41  43  44  46
338  41  43  46  48
339  42  44  45  47
340  43  45  46  48
