#	 X	 Y	 Z
1   0  0   0
2   1  0   0
3   2  0   0
4   3  0   0
5   4  0   0
6   5  0   0
7   6  0   0
8   7  0   0
9   8  0   0
10   9  0   0
11   10  0   0
12   11  0   0
13   12  0   0
14   13  0   0
15   14  0   0
16   15  0   0
17   16  0   0
18   17  0   0
19   18  0   0
20   19  0   0
21   20  0   0
22   21  0   0
23   22  0   0
24   23  0   0
25   24  0   0
26   25  0   0
27   26  0   0
28   27  0   0
29   28  0   0
30   29  0   0
31   30  0   0
32   31  0   0
33   32  0   0
34   33  0   0
35   34  0   0
36   35  0   0
37   36  0   0
38   37  0   0
39   38  0   0
40   39  0   0
41   40  0   0
42   41  0   0
43   42  0   0
44   43  0   0
45   44  0   0
46   45  0   0
47   46  0   0
48   47  0   0
49   48  0   0
50   49  0   0
51   50  0   0
52   51  0   0
53   52  0   0
54   53  0   0
55   54  0   0
56   55  0   0
57   56  0   0
58   57  0   0
59   58  0   0
60   59  0   0
61   60  0   0
62   61  0   0
63   62  0   0
64   63  0   0
65   64  0   0
66   65  0   0
67   66  0   0
68   67  0   0
69   68  0   0
70   69  0   0
71   70  0   0
72   71  0   0
#	 A	 B	 M	 N
1  1  3  4  6
2  1  3  6  8
3  1  3  8  10
4  1  3  10  12
5  1  3  12  14
6  1  3  14  16
7  1  3  16  18
8  1  3  18  20
9  1  3  20  22
10  1  3  22  24
11  2  4  5  7
12  2  4  7  9
13  2  4  9  11
14  2  4  11  13
15  2  4  13  15
16  2  4  15  17
17  2  4  17  19
18  2  4  19  21
19  2  4  21  23
20  2  4  23  25
21  3  5  6  8
22  3  5  8  10
23  3  5  10  12
24  3  5  12  14
25  3  5  14  16
26  3  5  16  18
27  3  5  18  20
28  3  5  20  22
29  3  5  22  24
30  3  5  24  26
31  4  6  7  9
32  4  6  9  11
33  4  6  11  13
34  4  6  13  15
35  4  6  15  17
36  4  6  17  19
37  4  6  19  21
38  4  6  21  23
39  4  6  23  25
40  4  6  25  27
41  5  7  8  10
42  5  7  10  12
43  5  7  12  14
44  5  7  14  16
45  5  7  16  18
46  5  7  18  20
47  5  7  20  22
48  5  7  22  24
49  5  7  24  26
50  5  7  26  28
51  6  8  9  11
52  6  8  11  13
53  6  8  13  15
54  6  8  15  17
55  6  8  17  19
56  6  8  19  21
57  6  8  21  23
58  6  8  23  25
59  6  8  25  27
60  6  8  27  29
61  7  9  10  12
62  7  9  12  14
63  7  9  14  16
64  7  9  16  18
65  7  9  18  20
66  7  9  20  22
67  7  9  22  24
68  7  9  24  26
69  7  9  26  28
70  7  9  28  30
71  8  10  11  13
72  8  10  13  15
73  8  10  15  17
74  8  10  17  19
75  8  10  19  21
76  8  10  21  23
77  8  10  23  25
78  8  10  25  27
79  8  10  27  29
80  8  10  29  31
81  9  11  12  14
82  9  11  14  16
83  9  11  16  18
84  9  11  18  20
85  9  11  20  22
86  9  11  22  24
87  9  11  24  26
88  9  11  26  28
89  9  11  28  30
90  9  11  30  32
91  10  12  13  15
92  10  12  15  17
93  10  12  17  19
94  10  12  19  21
95  10  12  21  23
96  10  12  23  25
97  10  12  25  27
98  10  12  27  29
99  10  12  29  31
100  10  12  31  33
101  11  13  14  16
102  11  13  16  18
103  11  13  18  20
104  11  13  20  22
105  11  13  22  24
106  11  13  24  26
107  11  13  26  28
108  11  13  28  30
109  11  13  30  32
110  11  13  32  34
111  12  14  15  17
112  12  14  17  19
113  12  14  19  21
114  12  14  21  23
115  12  14  23  25
116  12  14  25  27
117  12  14  27  29
118  12  14  29  31
119  12  14  31  33
120  12  14  33  35
121  13  15  16  18
122  13  15  18  20
123  13  15  20  22
124  13  15  22  24
125  13  15  24  26
126  13  15  26  28
127  13  15  28  30
128  13  15  30  32
129  13  15  32  34
130  13  15  34  36
131  14  16  17  19
132  14  16  19  21
133  14  16  21  23
134  14  16  23  25
135  14  16  25  27
136  14  16  27  29
137  14  16  29  31
138  14  16  31  33
139  14  16  33  35
140  14  16  35  37
141  15  17  18  20
142  15  17  20  22
143  15  17  22  24
144  15  17  24  26
145  15  17  26  28
146  15  17  28  30
147  15  17  30  32
148  15  17  32  34
149  15  17  34  36
150  15  17  36  38
151  16  18  19  21
152  16  18  21  23
153  16  18  23  25
154  16  18  25  27
155  16  18  27  29
156  16  18  29  31
157  16  18  31  33
158  16  18  33  35
159  16  18  35  37
160  16  18  37  39
161  17  19  20  22
162  17  19  22  24
163  17  19  24  26
164  17  19  26  28
165  17  19  28  30
166  17  19  30  32
167  17  19  32  34
168  17  19  34  36
169  17  19  36  38
170  17  19  38  40
171  18  20  21  23
172  18  20  23  25
173  18  20  25  27
174  18  20  27  29
175  18  20  29  31
176  18  20  31  33
177  18  20  33  35
178  18  20  35  37
179  18  20  37  39
180  18  20  39  41
181  19  21  22  24
182  19  21  24  26
183  19  21  26  28
184  19  21  28  30
185  19  21  30  32
186  19  21  32  34
187  19  21  34  36
188  19  21  36  38
189  19  21  38  40
190  19  21  40  42
191  20  22  23  25
192  20  22  25  27
193  20  22  27  29
194  20  22  29  31
195  20  22  31  33
196  20  22  33  35
197  20  22  35  37
198  20  22  37  39
199  20  22  39  41
200  20  22  41  43
201  21  23  24  26
202  21  23  26  28
203  21  23  28  30
204  21  23  30  32
205  21  23  32  34
206  21  23  34  36
207  21  23  36  38
208  21  23  38  40
209  21  23  40  42
210  21  23  42  44
211  22  24  25  27
212  22  24  27  29
213  22  24  29  31
214  22  24  31  33
215  22  24  33  35
216  22  24  35  37
217  22  24  37  39
218  22  24  39  41
219  22  24  41  43
220  22  24  43  45
221  23  25  26  28
222  23  25  28  30
223  23  25  30  32
224  23  25  32  34
225  23  25  34  36
226  23  25  36  38
227  23  25  38  40
228  23  25  40  42
229  23  25  42  44
230  23  25  44  46
231  24  26  27  29
232  24  26  29  31
233  24  26  31  33
234  24  26  33  35
235  24  26  35  37
236  24  26  37  39
237  24  26  39  41
238  24  26  41  43
239  24  26  43  45
240  24  26  45  47
241  25  27  28  30
242  25  27  30  32
243  25  27  32  34
244  25  27  34  36
245  25  27  36  38
246  25  27  38  40
247  25  27  40  42
248  25  27  42  44
249  25  27  44  46
250  25  27  46  48
251  26  28  29  31
252  26  28  31  33
253  26  28  33  35
254  26  28  35  37
255  26  28  37  39
256  26  28  39  41
257  26  28  41  43
258  26  28  43  45
259  26  28  45  47
260  26  28  47  49
261  27  29  30  32
262  27  29  32  34
263  27  29  34  36
264  27  29  36  38
265  27  29  38  40
266  27  29  40  42
267  27  29  42  44
268  27  29  44  46
269  27  29  46  48
270  27  29  48  50
271  28  30  31  33
272  28  30  33  35
273  28  30  35  37
274  28  30  37  39
275  28  30  39  41
276  28  30  41  43
277  28  30  43  45
278  28  30  45  47
279  28  30  47  49
280  28  30  49  51
281  29  31  32  34
282  29  31  34  36
283  29  31  36  38
284  29  31  38  40
285  29  31  40  42
286  29  31  42  44
287  29  31  44  46
288  29  31  46  48
289  29  31  48  50
290  29  31  50  52
291  30  32  33  35
292  30  32  35  37
293  30  32  37  39
294  30  32  39  41
295  30  32  41  43
296  30  32  43  45
297  30  32  45  47
298  30  32  47  49
299  30  32  49  51
300  30  32  51  53
301  31  33  34  36
302  31  33  36  38
303  31  33  38  40
304  31  33  40  42
305  31  33  42  44
306  31  33  44  46
307  31  33  46  48
308  31  33  48  50
309  31  33  50  52
310  31  33  52  54
311  32  34  35  37
312  32  34  37  39
313  32  34  39  41
314  32  34  41  43
315  32  34  43  45
316  32  34  45  47
317  32  34  47  49
318  32  34  49  51
319  32  34  51  53
320  32  34  53  55
321  33  35  36  38
322  33  35  38  40
323  33  35  40  42
324  33  35  42  44
325  33  35  44  46
326  33  35  46  48
327  33  35  48  50
328  33  35  50  52
329  33  35  52  54
330  33  35  54  56
331  34  36  37  39
332  34  36  39  41
333  34  36  41  43
334  34  36  43  45
335  34  36  45  47
336  34  36  47  49
337  34  36  49  51
338  34  36  51  53
339  34  36  53  55
340  34  36  55  57
341  35  37  38  40
342  35  37  40  42
343  35  37  42  44
344  35  37  44  46
345  35  37  46  48
346  35  37  48  50
347  35  37  50  52
348  35  37  52  54
349  35  37  54  56
350  35  37  56  58
351  36  38  39  41
352  36  38  41  43
353  36  38  43  45
354  36  38  45  47
355  36  38  47  49
356  36  38  49  51
357  36  38  51  53
358  36  38  53  55
359  36  38  55  57
360  36  38  57  59
361  37  39  40  42
362  37  39  42  44
363  37  39  44  46
364  37  39  46  48
365  37  39  48  50
366  37  39  50  52
367  37  39  52  54
368  37  39  54  56
369  37  39  56  58
370  37  39  58  60
371  38  40  41  43
372  38  40  43  45
373  38  40  45  47
374  38  40  47  49
375  38  40  49  51
376  38  40  51  53
377  38  40  53  55
378  38  40  55  57
379  38  40  57  59
380  38  40  59  61
381  39  41  42  44
382  39  41  44  46
383  39  41  46  48
384  39  41  48  50
385  39  41  50  52
386  39  41  52  54
387  39  41  54  56
388  39  41  56  58
389  39  41  58  60
390  39  41  60  62
391  40  42  43  45
392  40  42  45  47
393  40  42  47  49
394  40  42  49  51
395  40  42  51  53
396  40  42  53  55
397  40  42  55  57
398  40  42  57  59
399  40  42  59  61
400  40  42  61  63
401  41  43  44  46
402  41  43  46  48
403  41  43  48  50
404  41  43  50  52
405  41  43  52  54
406  41  43  54  56
407  41  43  56  58
408  41  43  58  60
409  41  43  60  62
410  41  43  62  64
411  42  44  45  47
412  42  44  47  49
413  42  44  49  51
414  42  44  51  53
415  42  44  53  55
416  42  44  55  57
417  42  44  57  59
418  42  44  59  61
419  42  44  61  63
420  42  44  63  65
421  43  45  46  48
422  43  45  48  50
423  43  45  50  52
424  43  45  52  54
425  43  45  54  56
426  43  45  56  58
427  43  45  58  60
428  43  45  60  62
429  43  45  62  64
430  43  45  64  66
431  44  46  47  49
432  44  46  49  51
433  44  46  51  53
434  44  46  53  55
435  44  46  55  57
436  44  46  57  59
437  44  46  59  61
438  44  46  61  63
439  44  46  63  65
440  44  46  65  67
441  45  47  48  50
442  45  47  50  52
443  45  47  52  54
444  45  47  54  56
445  45  47  56  58
446  45  47  58  60
447  45  47  60  62
448  45  47  62  64
449  45  47  64  66
450  45  47  66  68
451  46  48  49  51
452  46  48  51  53
453  46  48  53  55
454  46  48  55  57
455  46  48  57  59
456  46  48  59  61
457  46  48  61  63
458  46  48  63  65
459  46  48  65  67
460  46  48  67  69
461  47  49  50  52
462  47  49  52  54
463  47  49  54  56
464  47  49  56  58
465  47  49  58  60
466  47  49  60  62
467  47  49  62  64
468  47  49  64  66
469  47  49  66  68
470  47  49  68  70
471  48  50  51  53
472  48  50  53  55
473  48  50  55  57
474  48  50  57  59
475  48  50  59  61
476  48  50  61  63
477  48  50  63  65
478  48  50  65  67
479  48  50  67  69
480  48  50  69  71
481  49  51  52  54
482  49  51  54  56
483  49  51  56  58
484  49  51  58  60
485  49  51  60  62
486  49  51  62  64
487  49  51  64  66
488  49  51  66  68
489  49  51  68  70
490  49  51  70  72
491  50  52  53  55
492  50  52  55  57
493  50  52  57  59
494  50  52  59  61
495  50  52  61  63
496  50  52  63  65
497  50  52  65  67
498  50  52  67  69
499  50  52  69  71
500  51  53  54  56
501  51  53  56  58
502  51  53  58  60
503  51  53  60  62
504  51  53  62  64
505  51  53  64  66
506  51  53  66  68
507  51  53  68  70
508  51  53  70  72
509  52  54  55  57
510  52  54  57  59
511  52  54  59  61
512  52  54  61  63
513  52  54  63  65
514  52  54  65  67
515  52  54  67  69
516  52  54  69  71
517  53  55  56  58
518  53  55  58  60
519  53  55  60  62
520  53  55  62  64
521  53  55  64  66
522  53  55  66  68
523  53  55  68  70
524  53  55  70  72
525  54  56  57  59
526  54  56  59  61
527  54  56  61  63
528  54  56  63  65
529  54  56  65  67
530  54  56  67  69
531  54  56  69  71
532  55  57  58  60
533  55  57  60  62
534  55  57  62  64
535  55  57  64  66
536  55  57  66  68
537  55  57  68  70
538  55  57  70  72
539  56  58  59  61
540  56  58  61  63
541  56  58  63  65
542  56  58  65  67
543  56  58  67  69
544  56  58  69  71
545  57  59  60  62
546  57  59  62  64
547  57  59  64  66
548  57  59  66  68
549  57  59  68  70
550  57  59  70  72
551  58  60  61  63
552  58  60  63  65
553  58  60  65  67
554  58  60  67  69
555  58  60  69  71
556  59  61  62  64
557  59  61  64  66
558  59  61  66  68
559  59  61  68  70
560  59  61  70  72
561  60  62  63  65
562  60  62  65  67
563  60  62  67  69
564  60  62  69  71
565  61  63  64  66
566  61  63  66  68
567  61  63  68  70
568  61  63  70  72
569  62  64  65  67
570  62  64  67  69
571  62  64  69  71
572  63  65  66  68
573  63  65  68  70
574  63  65  70  72
575  64  66  67  69
576  64  66  69  71
577  65  67  68  70
578  65  67  70  72
579  66  68  69  71
580  67  69  70  72
