1 3 4 6
1 3 6 8
1 3 8 10
1 3 10 12
1 3 12 14
1 3 14 16
1 3 16 18
1 3 18 20
1 3 20 22
1 3 22 24
3 5 6 8
3 5 8 10
3 5 10 12
3 5 12 14
3 5 14 16
3 5 16 18
3 5 18 20
3 5 20 22
3 5 22 24
3 5 24 26
5 7 8 10
5 7 10 12
5 7 12 14
5 7 14 16
5 7 16 18
5 7 18 20
5 7 20 22
5 7 22 24
5 7 24 26
5 7 26 28
7 9 10 12
7 9 12 14
7 9 14 16
7 9 16 18
7 9 18 20
7 9 20 22
7 9 22 24
7 9 24 26
7 9 26 28
7 9 28 30
9 11 12 14
9 11 14 16
9 11 16 18
9 11 18 20
9 11 20 22
9 11 22 24
9 11 24 26
9 11 26 28
9 11 28 30
9 11 30 32
11 13 14 16
11 13 16 18
11 13 18 20
11 13 20 22
11 13 22 24
11 13 24 26
11 13 26 28
11 13 28 30
11 13 30 32
11 13 32 34
13 15 16 18
13 15 18 20
13 15 20 22
13 15 22 24
13 15 24 26
13 15 26 28
13 15 28 30
13 15 30 32
13 15 32 34
13 15 34 36
15 17 18 20
15 17 20 22
15 17 22 24
15 17 24 26
15 17 26 28
15 17 28 30
15 17 30 32
15 17 32 34
15 17 34 36
15 17 36 38
17 19 20 22
17 19 22 24
17 19 24 26
17 19 26 28
17 19 28 30
17 19 30 32
17 19 32 34
17 19 34 36
17 19 36 38
17 19 38 40
19 21 22 24
19 21 24 26
19 21 26 28
19 21 28 30
19 21 30 32
19 21 32 34
19 21 34 36
19 21 36 38
19 21 38 40
19 21 40 42
21 23 24 26
21 23 26 28
21 23 28 30
21 23 30 32
21 23 32 34
21 23 34 36
21 23 36 38
21 23 38 40
21 23 40 42
21 23 42 44
23 25 26 28
23 25 28 30
23 25 30 32
23 25 32 34
23 25 34 36
23 25 36 38
23 25 38 40
23 25 40 42
23 25 42 44
23 25 44 46
25 27 28 30
25 27 30 32
25 27 32 34
25 27 34 36
25 27 36 38
25 27 38 40
25 27 40 42
25 27 42 44
25 27 44 46
25 27 46 48
27 29 30 32
27 29 32 34
27 29 34 36
27 29 36 38
27 29 38 40
27 29 40 42
27 29 42 44
27 29 44 46
27 29 46 48
29 31 32 34
29 31 34 36
29 31 36 38
29 31 38 40
29 31 40 42
29 31 42 44
29 31 44 46
29 31 46 48
31 33 34 36
31 33 36 38
31 33 38 40
31 33 40 42
31 33 42 44
31 33 44 46
31 33 46 48
33 35 36 38
33 35 38 40
33 35 40 42
33 35 42 44
33 35 44 46
33 35 46 48
35 37 38 40
35 37 40 42
35 37 42 44
35 37 44 46
35 37 46 48
37 39 40 42
37 39 42 44
37 39 44 46
37 39 46 48
39 41 42 44
39 41 44 46
39 41 46 48
41 43 44 46
41 43 46 48
43 45 46 48
