         792
       10020       20011   50.6368408      -13.6572628               1
       10020       20012   51.2020226      -13.6638098               1
       10020       20013   51.8279572      -13.6623077               1
       10020       20014   52.3851852      -13.6002264               1
       10020       20015   53.5289421      -13.4979429               1
       10020       20016   54.6659966      -13.2909079               1
       10020       20017   59.4944992      -13.0781527               1
       10020       20018   65.7809525      -12.0122766               1
       10020       20019   91.3918839      -7.31042624               1
       10020       30012   21.7559566      -14.5850153               1
       10020       30013   22.3818893      -14.5557737               1
       10020       30014   22.9391155      -14.3922977               1
       10020       30015   24.0828686      -14.1273346               1
       10020       30016   25.2199173      -13.6501970               1
       10020       30017   30.0484161      -13.1712160               1
       10020       30018   36.3348961      -11.2254438               1
       10020       30019   61.9464989      -4.61390877               1
       10022       20011   50.3660393      -13.6991930               1
       10022       20012   50.8291740      -13.7151899               1
       10022       20013   51.3104591      -13.7304888               1
       10022       20014   51.6942139      -13.7052011               1
       10022       20015   52.3660965      -13.6844893               1
       10022       20016   52.9082260      -13.6249390               1
       10022       20017   54.7509003      -13.7136812               1
       10022       20018   56.5046539      -13.5658312               1
       10022       20019   60.0281754      -13.0129776               1
       10022       20020   75.1597519      -14.2502775               1
       10022       30012   21.3904190      -14.7196255               1
       10022       30013   21.8717041      -14.7334137               1
       10022       30014   22.2554569      -14.6573839               1
       10022       30015   22.9273415      -14.5821743               1
       10022       30016   23.4694653      -14.4271908               1
       10022       30017   25.3121452      -14.5607395               1
       10022       30018   27.0658913      -14.1971941               1
       10022       30019   30.5894032      -13.0395565               1
       10022       30020   45.7210197      -15.0647297               1
       10022       30021   76.3836136      -13.4289579               1
       10022       40021   64.0225296      -13.0691700               1
       10022       50021   61.2949486      -13.1599445               1
       10022       60021   59.1994438      -13.0110998               1
       10022       70021   57.9932175      -12.9881563               1
       10022       80021   57.2126236      -12.9545603               1
       10022       90021   56.7291260      -12.9870062               1
       10022      100021   55.7953148      -12.9024944               1
       10022      110021   55.4563522      -12.9480457               1
       10022      120021   54.9932175      -12.9269342               1
       10020       20021   113.042801      -13.9362593               1
       10022       20021   105.822380      -13.3055534               1
       20021       30012   50.3874512      -11.1763086               1
       20021       30013   50.9634705      -11.2173157               1
       20021       30014   51.4338646      -11.2042141               1
       20021       30015   52.2979279      -11.2094154               1
       20021       30016   53.0495529      -11.1518993               1
       20021       30017   55.8351936      -11.3552856               1
       20021       30018   58.8229904      -11.1581764               1
       20021       30019   66.4869461      -10.0797939               1
       20021       30020   112.564659      -12.7964878               1
       20021       40020   77.1888580      -13.5520153               1
       20021       50020   71.3959885      -14.0191870               1
       20021       60020   67.7818069      -13.9976931               1
       20021       70020   65.9914627      -14.0514946               1
       20021       80020   64.9186554      -14.0533962               1
       20021       90020   64.2871399      -14.1120968               1
       20021      100020   63.1355209      -14.0558004               1
       20021      110020   62.7287865      -14.1161232               1
       10020       20023   60.2175026      -13.4387770               1
       10022       20023   86.8849411      -12.6570663               1
       20023       30012   49.9996834      -11.1518192               1
       20023       30013   50.4424934      -11.1818666               1
       20023       30014   50.7668915      -11.1710205               1
       20023       30015   51.2764854      -11.1688423               1
       20023       30016   51.6394386      -11.1354809               1
       20023       30017   52.7335663      -11.2077370               1
       20023       30018   53.6446571      -11.1385784               1
       20023       30019   55.0977745      -10.9033117               1
       20023       30020   59.7598305      -11.2879000               1
       20023       30021   65.9514236      -10.8440981               1
       10020       30022   45.7107277      -15.0690393               1
       20021       30022   105.348549      -12.0851870               1
       20023       30022   86.4327698      -11.1664438               1
       30022       40020   58.6883583      -12.0650396               1
       30022       40021   89.3588257      -11.6950254               1
       30022       50014   16.4173031      -12.4359179               1
       30022       50015   17.1327400      -12.4105148               1
       30022       50016   17.6934071      -12.2617559               1
       30022       50020   40.0222244      -14.1864748               1
       30022       50021   70.6926117      -12.7983627               1
       30022       60021   62.9834671      -12.7760677               1
       30022       70021   60.0257912      -12.8755798               1
       30022       80021   58.4711380      -12.8698902               1
       30022       90020   26.9622097      -15.1739473               1
       30022       90021   57.6325645      -12.9457722               1
       30022      100020   25.5999069      -15.0876589               1
       30022      100021   56.2702675      -12.8525715               1
       30022      110020   25.1580315      -15.2777214               1
       30022      110021   55.8283844      -12.9205294               1
       30022      120021   55.2625656      -12.9040651               1
       10022       30024   37.3282166      -13.3770256               1
       20021       30024   59.3017044      -11.0461760               1
       20023       30024   120.545326      -13.0750656               1
       30024       50023   85.9285889      -14.0609245               1
       30024       60023   78.2389908      -14.1685123               1
       30024       70023   75.3066177      -14.3023958               1
       30024       80023   73.7782440      -14.3278103               1
       30024       90023   72.9647675      -14.4019489               1
       30024      100023   71.6888733      -14.3605661               1
       30024      110023   71.2940140      -14.4182043               1
       30024      120023   70.8111649      -14.4201317               1
       30024      130023   70.3582153      -14.4198294               1
       30024      140023   70.0443192      -14.4417543               1
       30024       40023   104.584450      -12.8931866               1
       40023       50014   75.5102997      -15.6368275               1
       40023       50015   76.1025391      -15.6013222               1
       40023       50016   76.4990158      -15.5540380               1
       40023       50017   77.6499100      -15.5406685               1
       40023       50018   78.5890656      -15.4406824               1
       40023       50019   80.0632858      -15.1980581               1
       40023       50020   84.7497025      -15.2329865               1
       40023       50021   90.9533386      -14.6410160               1
       40023       50022   111.445168      -14.1929712               1
       40023       60015   22.8003731      -13.6579561               1
       40023       60016   23.1968575      -13.5352354               1
       40023       60020   31.4475861      -13.1996784               1
       20023       40025   40.3904228      -13.4689341               1
       30024       40025   90.7757416      -11.7048931               1
       40025       50014   75.1892548      -15.6557169               1
       40025       50015   75.6498947      -15.6294861               1
       40025       50016   75.9247818      -15.5974426               1
       40025       50017   76.6322708      -15.5926771               1
       40025       50018   77.1409607      -15.5413952               1
       40025       50019   77.7906799      -15.4406614               1
       40025       50020   79.3666611      -15.4573898               1
       40025       50021   80.8921356      -15.2897377               1
       40025       50022   83.9023743      -15.2316637               1
       40025       50023   100.803749      -15.4282455               1
       40025       60015   22.3609047      -13.7151766               1
       40025       60016   22.6357937      -13.6309433               1
       40025       60017   23.3432865      -13.6748981               1
       40025       60018   23.8519802      -13.5499458               1
       40025       60019   24.5017166      -13.2829351               1
       40025       60020   26.0776920      -13.4642458               1
       40025       60021   27.6031876      -13.0830879               1
       40025       60022   30.6134338      -13.1409063               1
       40025       60023   47.5147591      -14.3016567               1
       40025       60024   78.5076294      -13.1420403               1
       40025       70024   67.0975113      -13.1215992               1
       40025       80024   62.8163567      -12.9643393               1
       40025       90024   60.9617233      -13.0456848               1
       40025      100023   27.7249775      -14.4924297               1
       40025      100024   58.7178574      -12.8412905               1
       40025      110024   58.1388359      -12.9227066               1
       40025      120024   57.5043144      -12.9043522               1
       40025      130024   56.9551048      -12.8836203               1
       40025      140024   56.6073761      -12.9010420               1
       40025      150024   56.1467285      -12.9137840               1
       20023       50024   79.4068222      -14.3193378               1
       40023       50024   145.585526      -15.0641832               1
       40025       50024   131.796509      -14.4725685               1
       30024       50026   33.8394051      -12.2085838               1
       40023       50026   86.0874481      -15.3513613               1
       40025       50026   115.136147      -14.4468775               1
       50026       60015   45.0784340      -11.3864107               1
       50026       60016   45.3271866      -11.3587437               1
       50026       60017   45.9190216      -11.4008541               1
       50026       60018   46.3152962      -11.3663864               1
       50026       60019   46.7711220      -11.2865162               1
       50026       60020   47.7343636      -11.3671904               1
       50026       60021   48.5512772      -11.2622194               1
       50026       60022   49.9048653      -11.2996225               1
       50026       60023   55.7979698      -11.7504644               1
       50026       60024   63.2293358      -11.5833025               1
       50026       70024   35.2758522      -12.4614992               1
       50026      120024   19.5860252      -12.0782499               1
       50026      150024   18.1509037      -12.0722914               1
       30024       60025   64.4301605      -12.7676554               1
       40023       60025   47.4943962      -14.3023682               1
       50026       60025   84.8468628      -11.7560749               1
       60025       70016   54.1465073      -16.3589821               1
       60025       70017   54.9330444      -16.3431950               1
       60025       70018   55.4790459      -16.2607250               1
       60025       70019   56.1557236      -16.1084976               1
       60025       70020   57.7611542      -16.1135788               1
       60025       70021   59.3009415      -15.8652468               1
       60025       70022   62.3231850      -15.7588091               1
       60025       70023   79.2443619      -15.8969460               1
       60025       70024   110.247238      -14.6223736               1
       60025       80017   21.4533901      -15.1931772               1
       60025       80018   21.9993973      -15.0137424               1
       60025       80019   22.6760845      -14.6739740               1
       60025       80020   24.2815132      -14.7809086               1
       60025       80021   25.8213215      -14.2900610               1
       60025       80022   28.8435707      -14.2251272               1
       60025       80023   45.7647285      -15.0313864               1
       60025       80024   76.7677002      -13.5505123               1
       60025       90018   12.9947224      -16.3542500               1
       60025       90019   13.6714001      -15.7243443               1
       60025       90020   15.2768307      -15.7839279               1
       60025       90021   16.8166275      -14.9384079               1
       60025       90022   19.8388767      -14.7452326               1
       60025       90023   36.7600441      -15.5095806               1
       60025       90024   67.7630005      -13.6131372               1
       60025      100023   29.8689594      -14.3353539               1
       60025      100024   60.8719902      -12.8222733               1
       60025      110023   28.5783081      -14.7220697               1
       60025      110024   59.5813217      -12.9749861               1
       60025      120023   27.4136562      -14.6994991               1
       60025      120024   58.4166756      -12.9295626               1
       60025      130023   26.5225182      -14.6581707               1
       60025      130024   57.5255394      -12.8830891               1
       60025      140023   26.0194073      -14.7320061               1
       60025      140024   57.0224266      -12.9011192               1
       60025      150024   56.4262123      -12.9124002               1
       50026       60027   88.8049393      -11.7638006               1
       60027       70016   53.8351326      -16.3865681               1
       60027       70017   54.4217606      -16.3717556               1
       60027       70018   54.7931023      -16.3128700               1
       60027       70019   55.1908760      -16.2205658               1
       60027       70020   55.9601555      -16.2051182               1
       60027       70021   56.5640945      -16.0813961               1
       60027       70022   57.4715729      -16.0216103               1
       60027       70023   60.9021835      -15.9795351               1
       60027       70024   64.5342026      -15.6357489               1
       60027       70025   72.3644562      -15.2162333               1
       60027       80024   31.0665207      -14.0781193               1
       60027       80026   64.1169739      -13.1654387               1
       60027       90026   55.1232643      -13.1780672               1
       60027      100026   48.2680321      -12.1211205               1
       60027      110026   46.9957390      -12.2928858               1
       60027      120026   45.8619995      -12.2198677               1
       60027      130026   45.0086670      -12.1486816               1
       60027      140026   44.5410728      -12.1617365               1
       60027      150026   44.0152245      -12.1658335               1
       60027      160026   43.7496414      -12.1975651               1
       60027      170026   43.1630135      -12.1593094               1
       60025       70026   93.6063919      -14.6174078               1
       60027       70026   97.5845642      -14.5085363               1
       70026       80017   65.9698334      -12.6686306               1
       70026       80018   66.4288254      -12.6339369               1
       70026       80019   66.9287949      -12.5656414               1
       70026       80020   67.9388504      -12.6068306               1
       70026       80021   68.7781296      -12.5153313               1
       70026       80022   70.1501541      -12.5179615               1
       70026       80023   76.0730896      -12.7562952               1
       70026       80024   83.5195465      -12.5401583               1
       70026       80025   105.151878      -12.4830465               1
       70026       90018   28.0625706      -15.8822260               1
       70026       90019   28.5625267      -15.6653347               1
       70026       90020   29.5725861      -15.6540899               1
       70026       90021   30.4118404      -15.3630657               1
       70026       90022   31.7838573      -15.2459431               1
       70026       90023   37.7068214      -15.2982693               1
       70026       90024   45.1532211      -14.4792728               1
       70026       90025   66.7855148      -13.7612591               1
       70026      100024   26.0987206      -11.4887657               1
       70026      110024   23.4026623      -12.3391619               1
       70026      120024   21.3854351      -12.1962900               1
       70026      130024   20.0177174      -11.9929056               1
       70026      140024   19.3313885      -12.0485821               1
       70026      150024   18.6187992      -12.0709572               1
       60025       70028   64.1332703      -15.4977512               1
       60027       70028   88.1680832      -13.7643051               1
       70028       80017   65.6658783      -12.6705475               1
       70028       80018   66.0309753      -12.6427307               1
       70028       80019   66.3924561      -12.5937204               1
       70028       80020   67.0271301      -12.6140661               1
       70028       80021   67.4882736      -12.5546398               1
       70028       80022   68.1199951      -12.5463810               1
       70028       80023   70.2230225      -12.6057129               1
       70028       80024   72.1744003      -12.5018206               1
       70028       80025   75.6927032      -12.3976288               1
       70028       80026   83.5935898      -12.2164488               1
       70028       90018   27.6724243      -15.9468546               1
       70028       90020   28.6685677      -15.7650270               1
       70028       90021   29.1296997      -15.5774670               1
       70028       90023   31.8644409      -15.4305897               1
       70028       90024   33.8157959      -15.0458345               1
       70028       90027   61.3696404      -12.4578094               1
       70028      100027   42.3399773      -9.70651531               1
       70028      110027   39.6563148      -10.0855379               1
       70028      120027   37.6597023      -9.88607502               1
       70028      130027   36.3167572      -9.68971539               1
       70028      140027   35.6530533      -9.67512703               1
       70028      150027   34.9837189      -9.64025593               1
       70028      160027   34.6784554      -9.66585350               1
       70028      170027   34.0626259      -9.57167435               1
       70028      180027   33.6975212      -9.59260559               1
       50026       80027   52.8420830      -12.1987238               1
       70026       80027   109.131065      -12.4633942               1
       70028       80027   99.7283936      -11.6121168               1
       80027       90018   69.9380875      -15.2912035               1
       80027       90019   70.3912735      -15.2163105               1
       80027       90020   71.2176056      -15.2142887               1
       80027       90021   71.8483505      -15.1203823               1
       80027       90022   72.7775650      -15.0839815               1
       80027       90023   76.2426529      -15.0928335               1
       80027       90024   79.8919449      -14.8544025               1
       80027       90025   87.7389832      -14.5775709               1
       80027       90026   112.974731      -14.1086740               1
       80027      100026   57.8668404      -11.2775116               1
       80027      110026   52.1781044      -12.2006836               1
       80027      120026   48.6652222      -12.1724682               1
       80027      130026   46.5324211      -12.0689669               1
       80027      140026   45.5605659      -12.1136131               1
       80027      150026   44.6505165      -12.1341267               1
       80027      160026   44.2570038      -12.1843700               1
       80027      170026   43.4888802      -12.1392803               1
       70026       80029   77.8364868      -12.7010794               1
       70028       80029   113.110748      -12.5499115               1
       80029       90018   69.6501312      -15.3196096               1
       80029       90019   70.0114822      -15.2634945               1
       80029       90020   70.6039200      -15.2660828               1
       80029       90021   71.0136414      -15.2059278               1
       80029       90022   71.5452805      -15.1895618               1
       80029       90023   73.1957779      -15.2152081               1
       80029       90024   74.6317825      -15.1311703               1
       80029       90025   77.0254974      -15.0546789               1
       80029       90026   81.6900177      -14.9634733               1
       80029       90027   88.6957626      -14.7320633               1
       80029      100028   61.8792534      -11.5102053               1
       80029      110028   56.2005005      -12.3890381               1
       80029      120028   52.7039948      -12.3752079               1
       80029      130028   50.5906563      -12.2879744               1
       80029      140028   49.6362839      -12.3310223               1
       80029      150028   48.7589149      -12.3509331               1
       80029      160028   48.3912849      -12.3940458               1
       80029      170028   47.7039909      -12.3559513               1
       80029      180028   47.3171997      -12.3911352               1
       80029      190028   46.9558411      -12.4522667               1
       60027       90028   45.7069283      -11.4683542               1
       80027       90028   103.575050      -13.4383993               1
       80029       90028   116.967209      -14.1349440               1
       90028      100020   31.7324142      -4.19028139               1
       90028      100027   64.5751343      -6.91579580               1
       90028      110027   48.6490669      -9.48313808               1
       90028      120027   41.8451347      -9.62856960               1
       90028      130027   38.3353004      -9.47322178               1
       90028      140027   36.9106407      -9.55005836               1
       90028      150027   35.7162209      -9.56669807               1
       90028      160027   35.2488976      -9.62853718               1
       90028      170027   34.4181595      -9.53322601               1
       90028      180027   33.9610558      -9.57025719               1
       80027       90030   78.5204620      -14.6334448               1
       80029       90030   102.206848      -11.6986160               1
       70028      100029   55.7222137      -12.0677986               1
       90028      100029   77.9702911      -9.08200073               1
      100029      110020   76.2712021      -16.7468338               1
      100029      110021   76.7473907      -16.6720409               1
      100029      110022   77.3298340      -16.6441841               1
      100029      110023   79.0555801      -16.6380253               1
      100029      110024   80.5276718      -16.5325394               1
      100029      110026   87.6509018      -16.2614536               1
      100029      110027   94.6721649      -15.9480686               1
      100029      110028   122.959953      -15.1000614               1
      100029      120028   74.8304367      -13.8394318               1
      100029      130028   58.8556938      -12.5198641               1
      100029      140028   54.0154381      -12.4164772               1
      100029      150028   50.9265366      -12.3474102               1
      100029      160028   49.9723663      -12.4273872               1
      100029      170028   48.6101646      -12.3335419               1
      100029      180028   47.9581566      -12.3831177               1
      100029      190028   47.4325104      -12.4613991               1
       90030      100031   90.7411575      -12.0906687               1
      100031      110020   75.7849731      -16.7697792               1
      100031      110021   76.1193008      -16.7124920               1
      100031      110022   76.4798431      -16.6905422               1
      100031      110023   77.3732681      -16.6760292               1
      100031      110024   78.0264969      -16.6175060               1
      100031      110025   78.9421082      -16.5553284               1
      100031      110026   80.3308563      -16.4751110               1
      100031      110027   81.7519379      -16.3618221               1
      100031      110028   85.1413498      -16.0954285               1
      100031      110029   90.9122543      -15.2589798               1
      100031      120021   28.0077877      -16.1148186               1
      100031      120024   29.9149895      -15.9051714               1
      100031      120030   87.6564026      -16.2612801               1
      100031      130030   71.7025757      -15.7175217               1
      100031      140030   66.8806686      -15.8640537               1
      100031      150030   63.8246574      -15.9740562               1
      100031      160030   62.8952980      -16.0895329               1
      100031      170030   61.6068649      -16.0969486               1
      100031      180030   61.0114670      -16.1697044               1
      100031      190030   60.5591164      -16.2501068               1
      100031      200030   59.9829369      -16.2598038               1
      100031      210030   59.6486130      -16.3300514               1
      100029      110030   108.229706      -12.9305086               1
      100031      110030   135.767914      -16.5444698               1
      110030      120021   58.5167503      -13.7990580               1
      110030      120022   58.9606514      -13.7778645               1
      110030      120023   60.1033707      -13.7857618               1
      110030      120024   60.9760361      -13.7070246               1
      110030      120025   62.2637329      -13.6231470               1
      110030      120026   64.3819962      -13.5011072               1
      110030      120027   66.8485794      -13.2795258               1
      110030      120028   73.8194046      -12.6568708               1
      110030      120029   90.5697174      -10.3208818               1
      110030      130029   51.8442307      -6.50386906               1
      110030      140029   42.6250687      -5.51816940               1
      100029      110032   84.5807571      -15.7729702               1
      100031      110032   123.735153      -14.7980194               1
      110032      120021   58.1921310      -13.8303890               1
      110032      120022   58.5307388      -13.8148108               1
      110032      120023   59.3030663      -13.8260040               1
      110032      120024   59.8337440      -13.7821274               1
      110032      120025   60.5354156      -13.7425041               1
      110032      120026   61.5183830      -13.6982307               1
      110032      120027   62.4177513      -13.6283073               1
      110032      120028   64.3043289      -13.4751101               1
      110032      120029   66.9371948      -12.9900970               1
      110032      120030   82.3654175      -13.8349152               1
      110032      130031   67.3721237      -11.4132748               1
       90030      120031   68.0419846      -15.4872332               1
      110030      120031   118.102097      -15.0835543               1
      110032      120031   106.085701      -12.8797359               1
      120031      130022   49.5303268      -14.0293465               1
      120031      130023   50.5131989      -14.0559053               1
      120031      130024   51.2074356      -13.9964924               1
      120031      130025   52.1606140      -13.9462605               1
      120031      130026   53.5824890      -13.8926268               1
      120031      130027   55.0198135      -13.7900620               1
      120031      130028   58.4259987      -13.5501442               1
      120031      130029   64.2066193      -12.5928202               1
      120031      130030   109.082207      -15.2896528               1
      120031      140023   21.2688217      -12.9275150               1
      120031      140024   21.9630604      -12.8246622               1
      120031      140030   79.8378067      -15.4409676               1
      120031      150030   68.3877945      -15.6484785               1
      120031      160030   65.7933350      -15.9287949               1
      120031      170030   63.0254059      -15.9437275               1
      120031      180030   61.9289513      -16.0752544               1
      120031      190030   61.2012939      -16.1988144               1
      120031      200030   60.4028435      -16.2142677               1
      120031      210030   59.9775848      -16.3058319               1
      110030      120033   69.2455826      -13.5101528               1
      110032      120033   97.4048538      -13.0392790               1
      120033      130022   49.1655006      -14.0473738               1
      120033      130023   49.8617477      -14.0586338               1
      120033      130024   50.3043060      -14.0133505               1
      120033      130025   50.8501472      -13.9727745               1
      120033      130026   51.5489578      -13.9288130               1
      120033      130027   52.1150856      -13.8680687               1
      120033      130028   53.1557198      -13.7452793               1
      120033      130029   54.3757439      -13.4294643               1
      120033      130030   60.2496948      -13.6485424               1
      120033      130031   66.6967773      -13.0287247               1
      120033      140031   37.4630280      -11.5854540               1
      120033      140032   59.1774597      -12.2004652               1
      120033      150032   47.7458420      -11.7204819               1
      120033      160032   45.1647148      -11.9019661               1
      120033      170031   20.7209492      -9.99230766               1
      120033      170032   42.4353447      -11.6651831               1
      120033      180032   41.3674393      -11.7466078               1
      120033      190032   40.6748962      -11.8487349               1
      120033      200032   39.9513512      -11.7940378               1
      120033      210032   39.5856094      -11.8766966               1
      120033      220031   17.5313759      -10.1719894               1
      120033      220032   39.2457848      -11.8814058               1
      120033      230032   38.5495377      -11.8277216               1
      120031      130032   97.0675659      -12.9067211               1
      120033      130032   88.4112320      -13.0859003               1
      130032      140023   51.4242020      -13.4791269               1
      130032      140024   52.0139694      -13.4312468               1
      130032      140025   52.7688751      -13.3912916               1
      130032      140026   53.7981110      -13.3490210               1
      130032      140027   54.7198486      -13.2753096               1
      130032      140028   56.6292191      -13.1134291               1
      130032      140029   59.2749710      -12.5800953               1
      130032      140030   74.7302246      -13.5981617               1
      130032      140031   98.4629211      -12.6254873               1
      130032      150031   63.3455353      -11.6649256               1
      120031      130034   58.7271118      -13.2201395               1
      120033      130034   94.8210678      -10.9625740               1
      130034      140023   50.9554749      -13.4949121               1
      130034      140024   51.3759155      -13.4605951               1
      130034      140025   51.8671951      -13.4330530               1
      130034      140026   52.4552650      -13.4059668               1
      130034      140027   52.8904076      -13.3651943               1
      130034      140028   53.6132622      -13.2850580               1
      130034      140029   54.3544846      -13.0871401               1
      130034      140030   57.4206505      -13.1356745               1
      130034      140031   60.1416588      -12.7511711               1
      130034      140032   66.4128571      -12.5500793               1
      130034      150024   16.2734623      -11.5202293               1
      130034      150032   31.3104839      -10.5207949               1
      130034      150033   61.1322289      -8.60215855               1
      130034      160033   55.3125343      -8.55122852               1
      130034      170033   50.4165115      -7.83029938               1
      130034      180033   48.7211151      -7.78962946               1
      130034      190033   47.7258492      -7.81541491               1
      130034      200033   46.7977066      -7.66663551               1
      130034      210033   46.3610878      -7.71010923               1
      130034      220033   45.9841576      -7.67809296               1
      130034      230033   45.2793045      -7.55989456               1
      130034      240033   44.8588600      -7.54357052               1
      110032      140033   49.4827881      -11.5348215               1
      130032      140033   89.8054428      -12.7746286               1
      130034      140033   96.2343597      -10.7024355               1
      140033      150024   35.6388054      -9.58595943               1
      140033      150025   36.2431450      -9.59885693               1
      140033      150026   36.9917870      -9.62480450               1
      140033      150027   37.5815697      -9.60660362               1
      140033      150028   38.6459274      -9.55366135               1
      140033      150029   39.8792152      -9.24906635               1
      140033      150030   45.7804565      -10.0780430               1
      140033      150031   52.2400742      -9.72649574               1
      140033      150032   73.9654770      -10.7649927               1
      140033      160030   28.0501595      -11.8205404               1
      140033      160031   34.5097466      -10.9622126               1
      140033      160032   56.2352066      -11.8507385               1
      140033      170031   24.6005077      -9.68830395               1
      140033      170032   46.3259315      -11.3643122               1
      140033      180031   21.7302723      -9.97227287               1
      140033      180032   43.4557114      -11.6170120               1
      140033      190031   20.2347488      -10.2892656               1
      140033      190032   41.9602013      -11.8284988               1
      140033      200031   18.9845276      -10.0150585               1
      140033      200032   40.7099724      -11.7478971               1
      140033      210031   18.4260883      -10.2509499               1
      140033      210032   40.1515427      -11.8802509               1
      140033      220031   17.9611549      -10.2310562               1
      140033      220032   39.6866112      -11.8903351               1
      140033      230032   38.8357925      -11.8243074               1
      130032      140035   60.3946991      -13.1068535               1
      130034      140035   90.8029480      -11.0156975               1
      140035      150024   35.3018837      -9.60957336               1
      140035      150025   35.7762032      -9.63119507               1
      140035      150026   36.3178978      -9.66657925               1
      140035      150027   36.6951828      -9.66742229               1
      140035      150028   37.2815323      -9.65676022               1
      140035      150029   37.8333206      -9.52197456               1
      140035      150030   39.9022141      -9.83632469               1
      140035      150031   41.5231628      -9.69190311               1
      140035      150032   44.5654030      -9.88512707               1
      140035      150033   54.5032425      -9.57472706               1
      140035      160034   57.2494888      -9.07298374               1
      140035      170034   47.3588104      -8.01613712               1
      140035      180034   44.5019608      -8.04523468               1
      140035      190034   43.0223427      -8.12370491               1
      140035      200034   41.8045387      -7.93612671               1
      140035      210034   41.2708130      -8.00844574               1
      140035      220034   40.8397446      -7.97395563               1
      140035      230034   40.0941238      -7.83470106               1
      140035      240034   39.6714516      -7.81395578               1
      140035      250034   39.1971397      -7.77249336               1
      120033      150034   54.1560745      -8.16438293               1
      140033      150034   80.3949203      -8.44563961               1
      140035      150034   74.9733047      -8.65943909               1
      150034      160025   59.5640984      -13.1837559               1
      150034      160026   60.2248421      -13.1609077               1
      150034      160027   60.6933403      -13.1255522               1
      150034      160028   61.4486542      -13.0569525               1
      150034      160029   62.2075043      -12.8834782               1
      150034      160030   65.3093262      -12.9368429               1
      150034      160031   68.0463104      -12.6030970               1
      150034      160032   74.3314972      -12.4359818               1
      150034      160033   104.168121      -10.7613468               1
      150034      170026   17.9857216      -8.93148899               1
      150034      170027   18.4542217      -8.92258453               1
      150034      170028   19.2095490      -8.86840534               1
      150034      170029   19.9684372      -8.48715878               1
      150034      170030   23.0702229      -9.22931957               1
      150034      170031   25.8072681      -8.74253178               1
      150034      170032   32.0924568      -9.11154175               1
      150034      170033   61.9293938      -7.89639807               1
      150034      180032   23.8167591      -9.48029423               1
      150034      180033   53.6536903      -7.87265921               1
      150034      190033   50.3119049      -7.96324825               1
      150034      200033   48.1360283      -7.66960001               1
      150034      210033   47.2927818      -7.77512598               1
      150034      220033   46.6774826      -7.73662949               1
      150034      230033   45.7100410      -7.58370590               1
      150034      240033   45.1842842      -7.56493473               1
      140033      150036   44.8086586      -9.27031803               1
      140035      150036   68.9886398      -5.58720636               1
      150036      160025   59.1762276      -13.2166100               1
      150036      160026   59.6870346      -13.2058163               1
      150036      160027   60.0146599      -13.1866474               1
      150036      160028   60.4825783      -13.1530933               1
      150036      160029   60.8820763      -13.0662050               1
      150036      160030   62.2339630      -13.0981655               1
      150036      160031   63.1834450      -12.9705563               1
      150036      160032   64.7037048      -12.9188604               1
      150036      160033   68.5974884      -12.4994507               1
      150036      160034   74.1865005      -11.7273750               1
      150036      170026   17.4664555      -8.95749283               1
      150036      170027   17.7940845      -8.97106075               1
      150036      170028   18.2620068      -8.96794701               1
      150036      170029   18.6615219      -8.77407646               1
      150036      170031   20.9628963      -8.95698833               1
      150036      170032   22.4831543      -9.07960224               1
      150036      170035   50.5628624      -3.87428355               1
      150036      180035   42.3004684      -3.05739594               1
      150036      190035   38.9740448      -2.76027536               1
      150036      200035   36.8285561      -2.07654548               1
      150036      210035   36.0077667      -2.08354354               1
      150036      220035   35.4222755      -1.93971407               1
      150036      230035   34.5431747      -1.60054505               1
      150036      240035   34.0870399      -1.49264586               1
      150036      250035   33.6075287      -1.35527849               1
      150036      260035   33.0967522      -1.19168293               1
      130034      160035   49.8810730      -8.88724709               1
      150034      160035   98.7513657      -11.0517120               1
      150036      160035   92.7822495      -8.92029381               1
      160035      170026   39.2648087      -6.97485781               1
      160035      170027   39.6823387      -7.00331402               1
      160035      170028   40.3069191      -7.03418446               1
      160035      170029   40.8790703      -6.94153595               1
      160035      170030   42.9882851      -7.36390018               1
      160035      170031   44.6271133      -7.31790686               1
      160035      170032   47.6848068      -7.65139008               1
      160035      170033   57.6392021      -7.74331522               1
      160035      170034   78.1187592      -7.34463596               1
      160035      180034   54.3488731      -7.83819294               1
      160035      190034   47.3662720      -8.21990967               1
      160035      200034   43.7851105      -7.83071327               1
      160035      210034   42.5569344      -8.05199146               1
      160035      220034   41.7536736      -8.02426147               1
      160035      230034   40.6363869      -7.84623575               1
      160035      240034   40.0735359      -7.82759857               1
      160035      250034   39.4857979      -7.78337288               1
      150034      160037   68.1931992      -12.6869020               1
      150036      160037   119.294144      -14.1680107               1
      160037      170026   38.8246231      -6.94504499               1
      160037      170027   39.1353340      -6.97203016               1
      160037      170028   39.5547256      -7.00275517               1
      160037      170029   39.8908272      -6.95400667               1
      160037      170030   40.9543991      -7.18974066               1
      160037      170031   41.6526566      -7.17616796               1
      160037      170032   42.6673050      -7.32018614               1
      160037      170033   44.9128456      -7.38856173               1
      160037      170034   47.5857887      -7.30851650               1
      160037      170035   53.7515793      -6.63779402               1
      160037      180035   29.9941921      -6.97149563               1
      160037      180036   74.9296417      -13.6813612               1
      160037      190036   67.9616394      -14.5451555               1
      160037      200036   64.4082794      -14.6316948               1
      160037      210036   63.2005692      -14.9089279               1
      160037      220036   62.4238434      -14.9766932               1
      160037      230036   61.3831558      -14.9835100               1
      160037      240036   60.8793678      -15.0301790               1
      160037      250035   15.4389830      -6.05048227               1
      160037      250036   60.3747177      -15.0634565               1
      160037      260036   59.8626862      -15.0877256               1
      160037      270036   59.5519829      -15.1124763               1
      140035      170036   41.3745193      -2.80036926               1
      160035      170036   72.1508102      -4.29762459               1
      160037      170036   98.6865311      -11.8843145               1
      170036      180027   59.9919357      -11.9746428               1
      170036      180028   60.5301743      -11.9517164               1
      170036      180029   60.9657516      -11.8682852               1
      170036      180030   62.3866425      -11.9322681               1
      170036      180031   63.3660507      -11.8203697               1
      170036      180032   64.9117203      -11.7971563               1
      170036      180033   68.8321304      -11.4428358               1
      170036      180034   74.4361191      -10.7524281               1
      170036      180035   93.0420609      -8.14716530               1
      170036      190035   54.5867424      -6.12190342               1
      170036      200035   42.4684067      -3.00999093               1
      170036      210035   39.1949043      -3.02180576               1
      170036      220035   37.4819794      -2.63498211               1
      170036      240035   34.8716927      -1.75181556               1
      170036      250035   34.1493111      -1.53995967               1
      170036      260035   33.4563293      -1.31034780               1
      160035      170038   47.2592163      -7.00641060               1
      160037      170038   85.1212311      -10.1570673               1
      170038      180027   59.6553879      -12.0053120               1
      170038      180028   60.0789032      -11.9968481               1
      170038      180029   60.3905525      -11.9451647               1
      170038      180030   61.2994423      -12.0126238               1
      170038      180031   61.8564262      -11.9655352               1
      170038      180032   62.5956268      -11.9880180               1
      170038      180033   64.0336304      -11.9323196               1
      170038      180034   65.5133591      -11.8172846               1
      170038      180035   68.1716232      -11.4294806               1
      170038      180036   81.9019623      -12.6659441               1
      170038      190037   67.5863647      -13.1500053               1
      170038      200037   55.4863434      -12.3023081               1
      170038      220037   50.5315475      -12.9360170               1
      170038      240037   48.0089989      -12.8460217               1
      170038      250037   47.3387871      -12.8554592               1
      170038      260037   46.7189217      -12.8497982               1
      170038      270037   46.3765144      -12.8609829               1
      170038      280037   45.9530029      -12.8799353               1
      150036      180037   68.8110275      -14.4138765               1
      160035      180037   29.9620991      -6.96903324               1
      170036      180037   119.577805      -13.5543156               1
      170038      180037   106.031891      -12.3795681               1
      180037      190028   45.6941147      -11.2415695               1
      180037      190029   46.0789452      -11.1598864               1
      180037      190030   47.2339935      -11.2795477               1
      180037      190031   47.9714661      -11.2042179               1
      180037      190032   49.0191078      -11.2483139               1
      180037      190035   60.1690140      -9.91259289               1
      180037      190036   105.123817      -13.4385538               1
      180037      200036   75.1835709      -13.3234329               1
      180037      210036   68.6110382      -14.6113205               1
      180037      220036   65.6817093      -14.8636332               1
      180037      230036   63.0253448      -14.8783560               1
      180037      240036   62.0137634      -14.9670391               1
      180037      250035   16.1883926      -6.31305408               1
      180037      250036   61.1432343      -15.0217838               1
      180037      260036   60.3661842      -15.0548325               1
      180037      270036   59.9461937      -15.0855417               1
      170036      180039   69.1552811      -11.6373396               1
      170038      180039   90.2472458      -10.3595762               1
      180039      190028   45.2834320      -11.2341852               1
      180039      190029   45.5677490      -11.1722021               1
      180039      190030   46.3324242      -11.2422295               1
      180039      190031   46.7700882      -11.1880970               1
      180039      190032   47.3008423      -11.2021265               1
      180039      190033   48.2091713      -11.1368847               1
      180039      190036   54.7237473      -10.9073944               1
      180039      190037   60.1600151      -10.3319530               1
      180039      200038   45.8984261      -6.89463949               1
      180039      210038   39.3396416      -8.06612492               1
      180039      220038   36.4282074      -7.99733448               1
      180039      230038   33.8215065      -7.49797726               1
      180039      250037   16.3676529      -7.93042374               1
      180039      250038   32.0260162      -7.34925795               1
      180039      260037   15.6585770      -7.72768927               1
      180039      260038   31.3169403      -7.23473120               1
      180039      270037   15.2945757      -7.65801430               1
      180039      270038   30.9529400      -7.19450617               1
      180039      280037   14.8766584      -7.58562326               1
      180039      280038   30.5350227      -7.15289354               1
      180039      290038   30.2506943      -7.20790148               1
      180037      190038   91.5796509      -12.0618515               1
      180039      190038   75.8182983      -9.59049225               1
      190038      200036   63.0148010      -4.69681072               1
      190038      200037   87.1543350      -6.55404186               1
      190038      210037   62.6343994      -11.3019791               1
      190038      220037   55.5791702      -12.2806225               1
      190038      250037   48.2019501      -12.7156401               1
      190038      260037   47.2543945      -12.7548990               1
      190038      270037   46.7855225      -12.7866459               1
      190038      280037   46.2558670      -12.8222952               1
      180039      190040   91.5900726      -12.2487049               1
      190040      200038   57.0207977      -1.94209135               1
      190040      210039   62.6788940      -11.5740490               1
      190040      220039   55.6377983      -12.5866098               1
      190040      230039   50.9654083      -12.7786331               1
      190040      240039   49.4890327      -12.9685583               1
      190040      250039   48.3647575      -13.0688543               1
      190040      260039   47.4675522      -13.1150846               1
      190040      270039   47.0390854      -13.1485023               1
      190040      280039   46.5783463      -13.1842232               1
      190040      290039   46.2832489      -13.2620745               1
      190040      300039   45.5338326      -13.2294273               1
      170038      200039   39.7019539      -7.67989731               1
      190038      200039   71.3916779      -2.71257281               1
      190040      200039   87.1874466      -6.75222111               1
      200039      210030   63.0275383      -14.1110115               1
      200039      210031   63.5347176      -14.0428181               1
      200039      210032   64.1210251      -14.0296335               1
      200039      210033   65.0839386      -13.9395123               1
      200039      210034   65.9276810      -13.8204746               1
      200039      210035   67.1083450      -13.5397358               1
      200039      210036   71.6734314      -13.5037003               1
      200039      210037   77.1249771      -12.8699408               1
      200039      210038   92.7968216      -11.8353224               1
      200039      220032   26.1370468      -15.0795527               1
      200039      220038   54.8128891      -10.8153629               1
      200039      230038   39.6520386      -8.25943565               1
      200039      250037   18.2494946      -8.43795490               1
      200039      250038   33.9215775      -7.65522814               1
      200039      260038   32.3870430      -7.37906981               1
      200039      270038   31.7335491      -7.29188251               1
      200039      280038   31.0916481      -7.21322203               1
      200039      290038   30.7059975      -7.27886629               1
      180039      210040   55.1113510      -12.9200773               1
      200039      210040   108.593651      -13.7513275               1
      210040      220031   55.7926102      -12.9346218               1
      210040      220032   56.3370171      -12.9340582               1
      210040      220033   57.1681137      -12.8717995               1
      210040      220034   57.8484688      -12.7863779               1
      210040      220035   58.7039490      -12.5824022               1
      210040      220036   61.6201286      -12.6339121               1
      210040      220037   64.6408997      -12.2936220               1
      210040      220038   71.0013046      -11.9192066               1
      210040      220039   101.188515      -13.0897331               1
      210040      230039   61.5635872      -12.3931417               1
      210040      240039   54.7877731      -12.8069477               1
      210040      250038   20.9872799      -8.87948227               1
      210040      250039   51.1743546      -12.9870920               1
      210040      260038   18.7539806      -8.52825832               1
      210040      260039   48.9410477      -13.0399456               1
      210040      270038   17.8898125      -8.43714142               1
      210040      270039   48.0768776      -13.0871363               1
      210040      280038   17.1117516      -8.35022068               1
      210040      280039   47.2988205      -13.1321821               1
      210040      290038   16.6795578      -8.52522087               1
      210040      290039   46.8666458      -13.2385616               1
      210040      300039   45.8953667      -13.1952972               1
