         792
       10020       20011   49.9113770      -13.1602888               1
       10020       20012   50.6489143      -13.2406788               1
       10020       20013   51.4643974      -13.2913494               1
       10020       20014   52.0050621      -13.2393236               1
       10020       20015   53.0953979      -13.1523457               1
       10020       20016   54.2290344      -12.9335938               1
       10020       20017   60.5487671      -13.0465364               1
       10020       20018   66.5863190      -11.8332167               1
       10020       20019   89.8248901      -7.63688278               1
       10020       30012   22.0187836      -14.0938168               1
       10020       30013   22.8342705      -14.1775503               1
       10020       30014   23.3749332      -14.0413055               1
       10020       30015   24.4652653      -13.8168011               1
       10020       30016   25.5988941      -13.3239698               1
       10020       30017   31.9186306      -13.4609261               1
       10020       30018   37.9561920      -11.2664909               1
       10020       30019   61.1952591      -5.32212830               1
       10022       20011   49.5837326      -13.1814661               1
       10022       20012   50.1813164      -13.2615156               1
       10022       20013   50.8049164      -13.3237085               1
       10022       20014   51.1781197      -13.3056889               1
       10022       20015   51.8309975      -13.2941294               1
       10022       20016   52.3989601      -13.2268248               1
       10022       20017   55.0946541      -13.5477180               1
       10022       20018   57.0877533      -13.3165245               1
       10022       20019   61.5067749      -12.7717648               1
       10022       20020   76.3588333      -13.9890394               1
       10022       30012   21.5621586      -14.1581402               1
       10022       30013   22.1857605      -14.2753601               1
       10022       30014   22.5589619      -14.2187347               1
       10022       30015   23.2118416      -14.1672430               1
       10022       30016   23.7797985      -13.9980831               1
       10022       30017   26.4755077      -14.5873222               1
       10022       30018   28.4685955      -14.0509300               1
       10022       30019   32.8876038      -12.9334345               1
       10022       30020   47.7397003      -14.8301497               1
       10022       30021   77.6973648      -13.4433212               1
       10022       40021   65.3865204      -13.2968979               1
       10022       50021   63.2610741      -13.5594339               1
       10022       60021   60.7245255      -13.3641968               1
       10022       70021   59.3940010      -13.3481550               1
       10022       80021   58.6527176      -13.2932053               1
       10022       90021   58.0790787      -13.3191795               1
       10022      100021   57.1038322      -13.2158279               1
       10022      110021   56.7327995      -13.2396908               1
       10022      120021   56.1352158      -13.1687517               1
       10020       20021   113.024071      -13.1849594               1
       10022       20021   106.316528      -13.2125359               1
       20021       30012   49.5315857      -9.75686169               1
       20021       30013   50.2958946      -9.87615585               1
       20021       30014   50.7686081      -9.87836552               1
       20021       30015   51.6440430      -9.90701103               1
       20021       30016   52.4693222      -9.84689713               1
       20021       30017   56.6891251      -10.4807529               1
       20021       30018   60.1711349      -10.1663027               1
       20021       30019   69.5550232      -9.17889214               1
       20021       30020   112.246063      -11.6270142               1
       20021       40020   77.5756073      -12.5715723               1
       20021       50020   73.1280441      -13.2408152               1
       20021       60020   68.8156128      -13.1711197               1
       20021       70020   66.8449326      -13.2289371               1
       20021       80020   65.8363800      -13.1910954               1
       20021       90020   65.0959396      -13.2364635               1
       20021      100020   63.8893280      -13.1418972               1
       20021      110020   63.4389648      -13.1734114               1
       10020       20023   60.7591896      -12.8809004               1
       10022       20023   95.5172501      -10.9514360               1
       20023       30012   48.9972725      -9.65938854               1
       20023       30013   49.5588303      -9.74554825               1
       20023       30014   49.8661499      -9.74480915               1
       20023       30015   50.3447647      -9.75382423               1
       20023       30016   50.7101974      -9.71795845               1
       20023       30017   52.2702713      -9.94255638               1
       20023       30018   53.2848015      -9.82863617               1
       20023       30019   55.1459236      -9.57897949               1
       20023       30020   60.0115318      -9.96508789               1
       20023       30021   66.4171219      -9.44350052               1
       10020       30022   47.7241287      -14.8337994               1
       20021       30022   105.541412      -11.5561380               1
       20023       30022   94.7742844      -9.09061813               1
       30022       40020   62.8119125      -11.1404409               1
       30022       40021   92.7777023      -11.1696463               1
       30022       50014   20.6630192      -12.9504681               1
       30022       50015   21.3588772      -12.9248056               1
       30022       50016   21.9450188      -12.7646351               1
       30022       50020   45.9997978      -14.2648268               1
       30022       50021   75.9654999      -13.0680342               1
       30022       60021   65.5040665      -13.0739403               1
       30022       70021   61.8198395      -13.2645693               1
       30022       80021   60.2304268      -13.2222767               1
       30022       90020   29.2285500      -15.4230452               1
       30022       90021   59.1942062      -13.3008490               1
       30022      100020   27.7372837      -15.2973700               1
       30022      100021   57.7029495      -13.1855927               1
       30022      110020   27.2376423      -15.4279385               1
       30022      110021   57.2033043      -13.2293177               1
       30022      120021   56.4586487      -13.1543150               1
       10022       30024   42.1523705      -12.8840256               1
       20021       30024   59.4493217      -9.97155857               1
       20023       30024   124.847870      -12.2379436               1
       30024       50023   95.3143768      -13.6552105               1
       30024       60023   84.8789597      -13.7354765               1
       30024       70023   81.2254791      -13.9119768               1
       30024       80023   79.6659698      -13.8946590               1
       30024       90023   78.6659012      -13.9612465               1
       30024      100023   77.2728882      -13.8960247               1
       30024      110023   76.8289261      -13.9313908               1
       30024      120023   76.2004395      -13.8937721               1
       30024      130023   75.6115036      -13.8648996               1
       30024      140023   75.3097763      -13.8794775               1
       30024       40023   112.117363      -11.9965630               1
       40023       50014   76.3817825      -13.8047733               1
       40023       50015   76.9392395      -13.7840118               1
       40023       50016   77.3367157      -13.7380829               1
       40023       50017   78.9743576      -13.8116894               1
       40023       50018   80.0176849      -13.6837578               1
       40023       50019   81.9043655      -13.4255991               1
       40023       50020   86.7967224      -13.4778051               1
       40023       50021   93.2148285      -12.8636961               1
       40023       50022   121.588524      -11.7912235               1
       40023       60015   23.4360275      -12.5410089               1
       40023       60016   23.8335056      -12.4127045               1
       40023       60020   33.2935333      -12.1107483               1
       20023       40025   41.5254364      -13.9038630               1
       30024       40025   95.6478958      -10.9059620               1
       40025       50014   75.9730911      -13.8098145               1
       40025       50015   76.3917313      -13.7988653               1
       40025       50016   76.6521301      -13.7720261               1
       40025       50017   77.6023254      -13.8337269               1
       40025       50018   78.1299820      -13.7812214               1
       40025       50019   78.9196014      -13.6994858               1
       40025       50020   80.5319748      -13.7827454               1
       40025       50021   82.0755234      -13.6826038               1
       40025       50022   86.4290009      -13.7079210               1
       40025       50023   103.041359      -14.3597593               1
       40025       60015   22.9067440      -12.5670824               1
       40025       60016   23.1671448      -12.4921255               1
       40025       60017   24.1173344      -12.7410889               1
       40025       60018   24.6449947      -12.5980263               1
       40025       60019   25.4346237      -12.3811455               1
       40025       60020   27.0469875      -12.7076406               1
       40025       60021   28.5905399      -12.4782076               1
       40025       60022   32.9440155      -12.7037849               1
       40025       60023   49.5563507      -14.3957443               1
       40025       60024   81.7657776      -12.6296711               1
       40025       70024   69.8719711      -12.9840059               1
       40025       80024   66.0786896      -12.8309412               1
       40025       90024   64.0674744      -12.9280815               1
       40025      100023   29.5390091      -15.8029270               1
       40025      100024   61.7483673      -12.7303152               1
       40025      110024   61.1150436      -12.7800293               1
       40025      120024   60.3074875      -12.7014065               1
       40025      130024   59.6052475      -12.6376829               1
       40025      140024   59.2776756      -12.6480818               1
       40025      150024   58.8590355      -12.6540289               1
       20023       50024   85.7653198      -13.8943558               1
       40023       50024   151.696930      -13.8472109               1
       40025       50024   135.250748      -13.3006506               1
       30024       50026   37.5268478      -12.1663866               1
       40023       50026   87.0565720      -13.8248243               1
       40025       50026   116.744789      -13.2193995               1
       50026       60015   42.0497971      -8.90481472               1
       50026       60016   42.2768059      -8.88334465               1
       50026       60017   43.0440292      -9.04116535               1
       50026       60018   43.4377441      -9.00362206               1
       50026       60019   43.9682007      -8.94952011               1
       50026       60020   44.9162178      -9.10521603               1
       50026       60021   45.6961861      -9.06206226               1
       50026       60022   47.5507889      -9.21295547               1
       50026       60023   53.0109253      -9.96302032               1
       50026       60024   59.8894806      -9.69424820               1
       50026       70024   33.3874435      -12.0077295               1
       50026      120024   19.3350067      -11.7402811               1
       50026      150024   17.8397293      -11.5550117               1
       30024       60025   68.4093170      -12.6292763               1
       40023       60025   49.5301476      -14.3954687               1
       50026       60025   82.6979141      -10.4952259               1
       60025       70016   54.0951996      -18.6381092               1
       60025       70017   55.1498146      -18.6480598               1
       60025       70018   55.7142410      -18.5228252               1
       60025       70019   56.5349655      -18.3377819               1
       60025       70020   58.1782303      -18.3254929               1
       60025       70021   59.7358627      -18.0683861               1
       60025       70022   64.1073914      -17.8048172               1
       60025       70023   80.7435913      -17.7956047               1
       60025       70024   112.964149      -15.5474615               1
       60025       80017   23.4219456      -16.9898968               1
       60025       80018   23.9863834      -16.7380276               1
       60025       80019   24.8071270      -16.3753662               1
       60025       80020   26.4503899      -16.4702530               1
       60025       80021   28.0080452      -16.0250721               1
       60025       80022   32.3796005      -15.7791042               1
       60025       80023   49.0157776      -16.4514656               1
       60025       80024   81.2366333      -13.8584127               1
       60025       90018   14.3493509      -18.3792114               1
       60025       90019   15.1700802      -17.6973705               1
       60025       90020   16.8133450      -17.7174397               1
       60025       90021   18.3709869      -16.9329777               1
       60025       90022   22.7425327      -16.4082661               1
       60025       90023   39.3787231      -16.9793739               1
       60025       90024   71.5995560      -13.7997370               1
       60025      100023   32.1254807      -15.9646578               1
       60025      100024   64.3464584      -12.9347210               1
       60025      110023   30.6720753      -16.2439041               1
       60025      110024   62.8930321      -13.0008860               1
       60025      120023   29.1557388      -16.0302906               1
       60025      120024   61.3767242      -12.8192940               1
       60025      130023   27.9863052      -15.8595209               1
       60025      130024   60.2073135      -12.6775465               1
       60025      140023   27.5020237      -15.9176016               1
       60025      140024   59.7230263      -12.6784897               1
       60025      150024   59.1767349      -12.6753607               1
       50026       60027   83.0035019      -10.3559904               1
       60027       70016   53.7655106      -18.6599274               1
       60027       70017   54.5407944      -18.6570244               1
       60027       70018   54.9152985      -18.5664577               1
       60027       70019   55.3867340      -18.4499245               1
       60027       70020   56.1664658      -18.4199219               1
       60027       70021   56.7587585      -18.2929974               1
       60027       70022   58.0502739      -18.1723976               1
       60027       70023   61.3936691      -18.0745983               1
       60027       70024   64.8554459      -17.4714489               1
       60027       70025   73.2066116      -16.7985325               1
       60027       80024   33.1400146      -15.1736250               1
       60027       80026   63.0946007      -13.6788702               1
       60027       90026   53.4718933      -13.5673141               1
       60027      100026   46.2559700      -12.3332968               1
       60027      110026   44.8223763      -12.4063320               1
       60027      120026   43.3453903      -12.1367359               1
       60027      130026   42.2235413      -11.9237576               1
       60027      140026   41.7726326      -11.9163713               1
       60027      150026   41.2922211      -11.9046907               1
       60027      160026   41.0448189      -11.9399071               1
       60027      170026   40.2695503      -11.8144627               1
       60025       70026   94.4822845      -15.8883295               1
       60027       70026   94.8097992      -15.7507315               1
       70026       80017   70.7644501      -12.6279421               1
       70026       80018   71.2241364      -12.5815163               1
       70026       80019   71.8089752      -12.5194798               1
       70026       80020   72.8095093      -12.5742493               1
       70026       80021   73.6130524      -12.5095282               1
       70026       80022   75.4973297      -12.5221634               1
       70026       80023   80.9958572      -12.7954493               1
       70026       80024   87.8929062      -12.3908253               1
       70026       80025   110.722176      -12.4348249               1
       70026       90018   30.8882065      -16.2770367               1
       70026       90019   31.4730206      -16.0668259               1
       70026       90020   32.4735641      -16.0803280               1
       70026       90021   33.2770844      -15.8524961               1
       70026       90022   35.1613617      -15.7004786               1
       70026       90023   40.6599274      -15.8150616               1
       70026       90024   47.5568619      -14.6293278               1
       70026       90025   70.3861008      -13.9724989               1
       70026      100024   27.3829365      -12.3325043               1
       70026      110024   24.2810364      -12.9957628               1
       70026      120024   21.5935707      -12.3500090               1
       70026      130024   19.7452946      -11.7277260               1
       70026      140024   19.0664062      -11.7164040               1
       70026      150024   18.4064236      -11.6826429               1
       60025       70028   65.7760162      -17.4064941               1
       60027       70028   86.9912643      -15.2321949               1
       70028       80017   70.4597321      -12.6204805               1
       70028       80018   70.8344650      -12.5829868               1
       70028       80019   71.2742844      -12.5374393               1
       70028       80020   71.9484024      -12.5741243               1
       70028       80021   72.4256516      -12.5328255               1
       70028       80022   73.3950958      -12.5420752               1
       70028       80023   75.6764832      -12.6698103               1
       70028       80024   77.7604218      -12.5092459               1
       70028       80025   82.0254059      -12.4435835               1
       70028       80026   89.8359909      -12.3690338               1
       70028       90018   30.5071831      -16.3252239               1
       70028       90020   31.6211147      -16.1732273               1
       70028       90021   32.0983467      -16.0265312               1
       70028       90023   35.3491974      -15.9984970               1
       70028       90024   37.4330826      -15.4796467               1
       70028       90027   62.9154510      -12.8353920               1
       70028      100027   42.7636986      -10.5205574               1
       70028      110027   39.6732674      -10.7840891               1
       70028      120027   37.0082474      -10.2510786               1
       70028      130027   35.1865807      -9.79583549               1
       70028      140027   34.5257416      -9.75091839               1
       70028      150027   33.8999138      -9.69489479               1
       70028      160027   33.6116447      -9.72626209               1
       70028      170027   32.7833710      -9.50439644               1
       70028      180027   32.4086304      -9.55031300               1
       50026       80027   50.1072617      -11.9512196               1
       70026       80027   111.052254      -12.3273067               1
       70028       80027   103.242989      -11.6310129               1
       80027       90018   74.5205231      -14.9133940               1
       80027       90019   75.0559998      -14.8431339               1
       80027       90020   75.8956985      -14.8595791               1
       80027       90021   76.5143814      -14.7899361               1
       80027       90022   77.8384705      -14.7584286               1
       80027       90023   81.2230988      -14.8283863               1
       80027       90024   84.7046585      -14.4983492               1
       80027       90025   93.0776978      -14.2362766               1
       80027       90026   114.698814      -13.8535709               1
       80027      100026   57.8437920      -11.8954439               1
       80027      110026   51.3850899      -12.7141161               1
       80027      120026   46.7350159      -12.3208914               1
       80027      130026   43.8387718      -11.9309187               1
       80027      140026   42.8670502      -11.9353838               1
       80027      150026   42.0179939      -11.9226160               1
       80027      160026   41.6503830      -11.9758310               1
       80027      170026   40.6329765      -11.8156090               1
       70026       80029   84.2652054      -12.8709450               1
       70028       80029   115.034782      -11.9651403               1
       80029       90018   74.2301407      -14.9390402               1
       80029       90019   74.6675491      -14.8873262               1
       80029       90020   75.3000107      -14.9092045               1
       80029       90021   75.7265015      -14.8677282               1
       80029       90022   76.5550079      -14.8688469               1
       80029       90023   78.4030838      -14.9652843               1
       80029       90024   79.9909286      -14.8487206               1
       80029       90025   83.0218887      -14.8202219               1
       80029       90026   87.9203339      -14.8374786               1
       80029       90027   94.1532059      -14.5727215               1
       80029      100028   61.8600769      -11.2478981               1
       80029      110028   55.4110451      -11.9302845               1
       80029      120028   50.7796860      -11.4972639               1
       80029      130028   47.9053497      -11.0906515               1
       80029      140028   46.9481773      -11.0752287               1
       80029      150028   46.1259003      -11.0448799               1
       80029      160028   45.7806702      -11.0812645               1
       80029      170028   44.8604431      -10.9216690               1
       80029      180028   44.4662743      -10.9642820               1
       80029      190028   44.0288582      -11.0124960               1
       60027       90028   45.6534996      -12.2053337               1
       80027       90028   106.895836      -13.2929296               1
       80029       90028   118.696198      -13.4500093               1
       90028      100020   39.7068672      -6.65719795               1
       90028      100027   71.1846542      -7.90362406               1
       90028      110027   52.1434555      -10.5254517               1
       90028      120027   42.6239357      -10.2323008               1
       90028      130027   37.5264816      -9.65225029               1
       90028      140027   35.9983711      -9.68808174               1
       90028      150027   34.8157959      -9.66698456               1
       90028      160027   34.3595886      -9.73935223               1
       90028      170027   33.2147942      -9.48278427               1
       90028      180027   32.7396049      -9.55270672               1
       80027       90030   84.4639206      -14.4786654               1
       80029       90030   109.097755      -11.3408251               1
       70028      100029   54.5554581      -11.4651108               1
       90028      100029   82.9902725      -8.89618683               1
      100029      110020   79.4945984      -16.5067997               1
      100029      110021   79.9864807      -16.4500027               1
      100029      110022   80.8915939      -16.4336090               1
      100029      110023   82.8318024      -16.4951458               1
      100029      110024   84.4618149      -16.3530655               1
      100029      110026   92.4726868      -16.2143040               1
      100029      110027   98.7205658      -15.8747740               1
      100029      110028   123.278557      -14.5342360               1
      100029      120028   73.8843765      -13.1858253               1
      100029      130028   55.5311241      -11.3352842               1
      100029      140028   51.1536140      -11.2290888               1
      100029      150028   48.4577789      -11.1229830               1
      100029      160028   47.6122513      -11.2099018               1
      100029      170028   45.8432846      -10.9272785               1
      100029      180028   45.1967506      -10.9989338               1
      100029      190028   44.5749054      -11.0655622               1
       90030      100031   100.924034      -13.3778000               1
      100031      110020   78.9539337      -16.5219383               1
      100031      110021   79.3030014      -16.4791222               1
      100031      110022   79.8808517      -16.4686966               1
      100031      110023   80.9634705      -16.5090637               1
      100031      110024   81.7500687      -16.4402122               1
      100031      110025   83.0365982      -16.4094887               1
      100031      110026   84.7191162      -16.4017563               1
      100031      110027   86.2080307      -16.3181763               1
      100031      110028   89.7373047      -16.0438385               1
      100031      110029   96.7424850      -15.2230635               1
      100031      120021   29.9318714      -16.3630619               1
      100031      120024   32.3789368      -16.2735958               1
      100031      120030   91.8815918      -17.2743092               1
      100031      130030   73.5546265      -16.8976860               1
      100031      140030   69.1942902      -17.1695366               1
      100031      150030   66.5286942      -17.3307610               1
      100031      160030   65.7072296      -17.4697990               1
      100031      170030   64.0381241      -17.4439259               1
      100031      180030   63.4505577      -17.5514812               1
      100031      190030   62.9177933      -17.6474419               1
      100031      200030   62.2988052      -17.6534023               1
      100031      210030   61.9497375      -17.7145901               1
      100029      110030   113.713654      -12.6025047               1
      100031      110030   141.252716      -17.0209656               1
      110030      120021   62.1320610      -14.5650082               1
      110030      120022   62.8361931      -14.5547771               1
      110030      120023   64.1916351      -14.6226330               1
      110030      120024   65.2153854      -14.5084238               1
      110030      120025   66.9635315      -14.4440546               1
      110030      120026   69.4013290      -14.3898153               1
      110030      120027   71.8185654      -14.1599112               1
      110030      120028   78.4818878      -13.3317366               1
      110030      120029   96.4877090      -10.6931925               1
      110030      130029   52.8312645      -6.14382982               1
      110030      140029   44.6276131      -5.34839916               1
      100029      110032   88.8657455      -15.5419760               1
      100031      110032   128.243240      -14.6050005               1
      110032      120021   61.7230492      -14.5816746               1
      110032      120022   62.2462845      -14.5736952               1
      110032      120023   63.1538391      -14.6240788               1
      110032      120024   63.7667618      -14.5563145               1
      110032      120025   64.7073288      -14.5258923               1
      110032      120026   65.8446808      -14.5158215               1
      110032      120027   66.7386856      -14.4436827               1
      110032      120028   68.5996780      -14.2298870               1
      110032      120029   71.6664352      -13.6784878               1
      110032      120030   86.6559372      -14.4268465               1
      110032      130031   67.3988495      -11.3529425               1
       90030      120031   72.4001541      -16.9093018               1
      110030      120031   124.020348      -16.1492672               1
      110032      120031   111.037636      -13.2570286               1
      120031      130022   49.3873062      -14.1608429               1
      120031      130023   50.5899239      -14.2915840               1
      120031      130024   51.4288521      -14.2124252               1
      120031      130025   52.7696953      -14.2202663               1
      120031      130026   54.4943085      -14.2797546               1
      120031      130027   56.0002251      -14.2079563               1
      120031      130028   59.5461693      -13.9193373               1
      120031      130029   66.5630722      -12.9485416               1
      120031      130030   111.097008      -16.1473312               1
      120031      140023   21.6725044      -13.8512192               1
      120031      140024   22.5114326      -13.6867876               1
      120031      140030   82.1796341      -16.6841984               1
      120031      150030   71.6917801      -17.0108376               1
      120031      160030   69.3438263      -17.3465443               1
      120031      170030   65.6764221      -17.2770176               1
      120031      180030   64.5758972      -17.4704094               1
      120031      190030   63.7118187      -17.6188335               1
      120031      200030   62.8400383      -17.6280689               1
      120031      210030   62.3940315      -17.7077236               1
      110030      120033   72.6452942      -14.0290918               1
      110032      120033   99.0353928      -13.4110003               1
      120033      130022   48.8587456      -14.1362371               1
      120033      130023   49.6819992      -14.2085876               1
      120033      130024   50.1881943      -14.1414995               1
      120033      130025   50.9055138      -14.1137094               1
      120033      130026   51.6953964      -14.1047192               1
      120033      130027   52.2352486      -14.0430899               1
      120033      130028   53.2024956      -13.8747044               1
      120033      130029   54.5239410      -13.4969578               1
      120033      130030   59.7625694      -13.5726185               1
      120033      130031   65.3814850      -12.7552652               1
      120033      140031   36.4761391      -11.2758684               1
      120033      140032   57.2466240      -12.1835499               1
      120033      150032   46.7792740      -11.6763468               1
      120033      160032   44.4469566      -11.9175558               1
      120033      170031   20.0727406      -8.80711937               1
      120033      170032   40.8431396      -11.3348064               1
      120033      180032   39.7787666      -11.4828587               1
      120033      190032   38.9669266      -11.5898571               1
      120033      200032   38.1902313      -11.4916086               1
      120033      210032   37.8184700      -11.5506506               1
      120033      220031   16.5229244      -8.67168236               1
      120033      220032   37.2933311      -11.5154018               1
      120033      230032   36.4700890      -11.3576803               1
      120031      130032   98.1130295      -12.8736343               1
      120033      130032   86.1520004      -13.0017357               1
      130032      140023   49.5564613      -12.8622999               1
      130032      140024   50.2486763      -12.7971945               1
      130032      140025   51.2701797      -12.7991133               1
      130032      140026   52.4694366      -12.8339062               1
      130032      140027   53.3881035      -12.7742157               1
      130032      140028   55.2729149      -12.5662546               1
      130032      140029   58.3561134      -11.9751596               1
      130032      140030   73.3792801      -13.2117844               1
      130032      140031   97.7773285      -12.1860018               1
      130032      150031   66.1881714      -11.6740522               1
      120031      130034   59.5673561      -13.2332468               1
      120033      130034   90.7353592      -10.7073689               1
      130034      140023   49.0121231      -12.8530455               1
      130034      140024   49.5158768      -12.8073978               1
      130034      140025   50.1954346      -12.8104439               1
      130034      140026   50.9054108      -12.8348837               1
      130034      140027   51.3556747      -12.8029165               1
      130034      140028   52.1006737      -12.7005339               1
      130034      140029   53.0251541      -12.4551697               1
      130034      140030   56.3248482      -12.5652876               1
      130034      140031   59.2523689      -12.0993462               1
      130034      140032   66.8393021      -12.2029076               1
      130034      150024   17.9403648      -12.0102110               1
      130034      150032   35.2638130      -11.2560768               1
      130034      150033   58.8391190      -8.18010998               1
      130034      160033   53.6683197      -8.33932877               1
      130034      170033   47.2214928      -7.02679729               1
      130034      180033   45.5222511      -7.08318949               1
      130034      190033   44.3462830      -7.10013533               1
      130034      200033   43.3262367      -6.87914324               1
      130034      210033   42.8727455      -6.89352369               1
      130034      220033   42.2747498      -6.78610516               1
      130034      230033   41.4026985      -6.52274084               1
      130034      240033   40.8989410      -6.50003529               1
      110032      140033   47.2046280      -11.3448687               1
      130032      140033   85.8111572      -12.2178850               1
      130034      140033   90.4143753      -9.95427704               1
      140033      150024   32.3833084      -8.82444477               1
      140033      150025   33.1781197      -8.90813732               1
      140033      150026   34.0262489      -9.02951050               1
      140033      150027   34.5888939      -9.01886559               1
      140033      150028   35.5778084      -8.90524292               1
      140033      150029   36.9140244      -8.52320099               1
      140033      150030   42.1825066      -9.25538921               1
      140033      150031   47.8158760      -8.64459801               1
      140033      150032   68.6024704      -10.2016802               1
      140033      160030   29.2746887      -11.7033968               1
      140033      160031   34.9079895      -10.4717035               1
      140033      160032   55.6947060      -11.7077341               1
      140033      170031   23.7345104      -8.31843472               1
      140033      170032   44.5211334      -10.8700218               1
      140033      180031   21.1806793      -8.94116211               1
      140033      180032   41.9673462      -11.3395796               1
      140033      190031   19.5756397      -9.29203987               1
      140033      190032   40.3623238      -11.6051283               1
      140033      200031   18.2843876      -8.89142895               1
      140033      200032   39.0710602      -11.4940968               1
      140033      210031   17.7338123      -9.03737164               1
      140033      210032   38.5204926      -11.5984850               1
      140033      220031   17.0283260      -8.85336304               1
      140033      220032   37.8149986      -11.5634060               1
      140033      230032   36.8030777      -11.3729305               1
      130032      140035   61.1488533      -12.8491116               1
      130034      140035   86.8260956      -10.3447247               1
      140035      150024   32.0569916      -8.87025833               1
      140035      150025   32.7130356      -8.97056293               1
      140035      150026   33.3733673      -9.10627079               1
      140035      150027   33.7711411      -9.12731647               1
      140035      150028   34.3950539      -9.10063171               1
      140035      150029   35.1242828      -8.92761803               1
      140035      150030   37.5742645      -9.43129921               1
      140035      150031   39.5526199      -9.23842621               1
      140035      150032   43.9449844      -9.94230556               1
      140035      150033   53.9213982      -9.40335464               1
      140035      160034   56.7204742      -8.84410572               1
      140035      170034   45.5684509      -7.32354736               1
      140035      180034   43.0264587      -7.56798697               1
      140035      190034   41.4379234      -7.67594385               1
      140035      200034   40.1754150      -7.44190550               1
      140035      210034   39.6462517      -7.48208523               1
      140035      220034   38.9844589      -7.37133646               1
      140035      230034   38.0702629      -7.08148384               1
      140035      240034   37.5660591      -7.05727053               1
      140035      250034   36.9100227      -6.93614769               1
      120033      150034   51.3630638      -7.74149609               1
      140033      150034   73.2075958      -7.53386402               1
      140035      150034   69.6230240      -7.89203644               1
      150034      160025   56.4151840      -12.0608969               1
      150034      160026   57.1975288      -12.0945244               1
      150034      160027   57.6750336      -12.0712366               1
      150034      160028   58.4449654      -11.9877720               1
      150034      160029   59.3858681      -11.7766542               1
      150034      160030   62.7182121      -11.9131432               1
      150034      160031   65.6610870      -11.5199327               1
      150034      160032   73.2651978      -11.6758928               1
      150034      160033   96.8561172      -9.70497227               1
      150034      170026   16.4524612      -6.77429867               1
      150034      170027   16.9299641      -6.84501934               1
      150034      170028   17.6999111      -6.79675770               1
      150034      170029   18.6408672      -6.38620567               1
      150034      170030   21.9731293      -7.59327078               1
      150034      170031   24.9160881      -7.06728172               1
      150034      170032   32.5201035      -8.45979500               1
      150034      170033   56.1114426      -6.40986156               1
      150034      180032   26.1870041      -10.0388031               1
      150034      180033   49.7782440      -6.97972727               1
      150034      190033   46.6785240      -7.20716429               1
      150034      200033   44.6335640      -6.91603518               1
      150034      210033   43.8635216      -6.98985481               1
      150034      220033   42.9769402      -6.87245989               1
      150034      230033   41.8299332      -6.55620432               1
      150034      240033   41.2208633      -6.53756571               1
      140033      150036   43.0394173      -8.82085705               1
      140035      150036   62.2974968      -4.46522713               1
      150036      160025   55.8962593      -12.0821686               1
      150036      160026   56.4943428      -12.1200418               1
      150036      160027   56.8240089      -12.1123343               1
      150036      160028   57.2972069      -12.0730782               1
      150036      160029   57.8029060      -11.9669476               1
      150036      160030   59.3709831      -12.0582285               1
      150036      160031   60.5135231      -11.9022360               1
      150036      160032   62.7133827      -11.9897051               1
      150036      160033   66.7062378      -11.5152121               1
      150036      160034   70.7913742      -10.6657286               1
      150036      170026   15.7776947      -6.64394522               1
      150036      170027   16.1073589      -6.72882986               1
      150036      170028   16.5805607      -6.74681568               1
      150036      170029   17.0862846      -6.54542160               1
      150036      170031   19.7968864      -7.08993864               1
      150036      170032   21.9967003      -7.82058334               1
      150036      170035   45.2577744      -1.92397797               1
      150036      180035   38.9400024      -1.92305326               1
      150036      190035   35.8613892      -1.78208494               1
      150036      200035   33.8522720      -1.08316958               1
      150036      210035   33.1081238      -1.04739189               1
      150036      220035   32.2729149     -0.743551850               1
      150036      230035   31.2364426     -0.144760817               1
      150036      240035   30.7136974      -5.11030806E-03           1
      150036      250035   30.0783577      0.278771907               1
      150036      260035   29.4803486      0.602111757               1
      130034      160035   50.0799942      -8.90055370               1
      150034      160035   93.2794876      -10.0576658               1
      150036      160035   85.9731216      -7.75769520               1
      160035      170026   33.3108749      -2.96133161               1
      160035      170027   33.7423782      -3.06086493               1
      160035      170028   34.3962822      -3.14744139               1
      160035      170029   35.1448135      -3.09574032               1
      160035      170030   37.6322632      -3.98883557               1
      160035      170031   39.6280708      -4.06730080               1
      160035      170032   44.0395508      -5.29068136               1
      160035      170033   54.0335312      -5.61299658               1
      160035      170034   69.7422104      -4.95724249               1
      160035      180034   51.5225372      -6.82419014               1
      160035      190034   45.3661499      -7.59863615               1
      160035      200034   42.1320229      -7.34210920               1
      160035      210034   41.0556717      -7.53064537               1
      160035      220034   39.9374962      -7.43565893               1
      160035      230034   38.6214218      -7.08940935               1
      160035      240034   37.9723282      -7.08092833               1
      160035      250034   37.1843147      -6.95618486               1
      150034      160037   66.3238678      -11.7324743               1
      150036      160037   118.043495      -14.1519651               1
      160037      170026   32.7268295      -2.81008792               1
      160037      170027   33.0405617      -2.89555264               1
      160037      170028   33.4684982      -2.97205234               1
      160037      170029   33.9043922      -2.95702052               1
      160037      170030   35.2020760      -3.49761844               1
      160037      170031   36.1046104      -3.57088923               1
      160037      170032   37.7385941      -4.19142723               1
      160037      170033   40.4505196      -4.48023272               1
      160037      170034   42.8232460      -4.34724092               1
      160037      170035   49.3624878      -3.84775996               1
      160037      180035   31.1572609      -6.28609753               1
      160037      180036   76.3355331      -14.2071934               1
      160037      190036   70.1992416      -15.3520985               1
      160037      200036   66.9979706      -15.5649204               1
      160037      210036   65.9452286      -15.8127756               1
      160037      220036   64.8730927      -15.8946495               1
      160037      230036   63.6543465      -15.8602505               1
      160037      240036   63.0799980      -15.9339781               1
      160037      250035   17.2357559      -6.24333954               1
      160037      250036   62.4145546      -15.9621611               1
      160037      260036   61.8144798      -15.9611826               1
      160037      270036   61.5007362      -15.9823570               1
      140035      170036   38.2433014      -1.63243186               1
      160035      170036   62.4350471      -1.19384754               1
      160037      170036   94.5394592      -11.4087687               1
      170036      180027   62.8240662      -11.0555325               1
      170036      180028   63.3708420      -11.0316715               1
      170036      180029   63.9218864      -10.9405870               1
      170036      180030   65.5754242      -11.0605822               1
      170036      180031   66.7567139      -10.9352722               1
      170036      180032   68.9985733      -11.0530367               1
      170036      180033   73.0289078      -10.6735878               1
      170036      180034   77.1284256      -9.93814468               1
      170036      180035   92.3224792      -7.34877825               1
      170036      190035   53.3769798      -6.10700369               1
      170036      200035   40.9175873      -2.98897147               1
      170036      210035   37.7403336      -2.94087529               1
      170036      220035   35.1492729      -2.14476037               1
      170036      240035   31.7802658     -0.560710430               1
      170036      250035   30.7662258     -0.105035886               1
      170036      260035   29.9164543      0.370669216               1
      160035      170038   42.2311211      -3.81569719               1
      160037      170038   78.7707138      -8.78906059               1
      170038      180027   62.3955765      -11.0752611               1
      170038      180028   62.8182831      -11.0692072               1
      170038      180029   63.2076874      -11.0168762               1
      170038      180030   64.2824707      -11.1344824               1
      170038      180031   64.9789276      -11.0874910               1
      170038      180032   66.1405640      -11.2187729               1
      170038      180033   67.8801651      -11.1717873               1
      170038      180034   69.1974411      -11.0114431               1
      170038      180035   72.1489563      -10.6070271               1
      170038      180036   87.5025406      -12.4205484               1
      170038      190037   69.7537155      -13.5330210               1
      170038      200037   57.3158913      -12.9209900               1
      170038      220037   51.5937386      -13.4512005               1
      170038      240037   48.3347244      -13.1883278               1
      170038      250037   47.3965836      -13.1549263               1
      170038      260037   46.6388016      -13.0808735               1
      170038      270037   46.2899704      -13.0785036               1
      170038      280037   45.8672676      -13.1052570               1
      150036      180037   71.0092545      -15.1877413               1
      160035      180037   31.1119881      -6.27858067               1
      170036      180037   124.426430      -13.5221548               1
      170038      180037   108.685493      -11.9284563               1
      180037      190028   44.7859879      -9.71333790               1
      180037      190029   45.2809486      -9.62960529               1
      180037      190030   46.6884918      -9.87245274               1
      180037      190031   47.6403236      -9.80437183               1
      180037      190032   49.3274155      -10.0846710               1
      180037      190035   61.0308189      -8.68439770               1
      180037      190036   106.238075      -13.3580189               1
      180037      200036   78.9541779      -14.2315073               1
      180037      210036   73.2217636      -15.4585037               1
      180037      220036   69.1621094      -15.7971354               1
      180037      230036   65.8033676      -15.7216358               1
      180037      240036   64.5674667      -15.8819599               1
      180037      250035   18.1529522      -6.64950895               1
      180037      250036   63.3606796      -15.9377851               1
      180037      260036   62.4101181      -15.9331026               1
      180037      270036   61.9781761      -15.9581642               1
      170036      180039   72.7545929      -10.7785444               1
      170038      180039   91.9040833      -9.38215351               1
      180039      190028   44.2079391      -9.64555550               1
      180039      190029   44.5457802      -9.58229351               1
      180039      190030   45.4110870      -9.71208382               1
      180039      190031   45.9320412      -9.65587521               1
      180039      190032   46.7262230      -9.77267838               1
      180039      190033   47.7857933      -9.71073246               1
      180039      190036   54.5998688      -9.54568672               1
      180039      190037   58.9454155      -8.81657219               1
      180039      200038   46.4935760      -6.54709911               1
      180039      210038   40.7786980      -7.67142630               1
      180039      220038   36.7534828      -7.45751762               1
      180039      230038   33.4654808      -6.50134993               1
      180039      250037   16.3514957      -7.03848648               1
      180039      250038   31.1576538      -6.25118923               1
      180039      260037   15.4994020      -6.54142904               1
      180039      260038   30.3055649      -5.97483969               1
      180039      270037   15.1380272      -6.40563011               1
      180039      270038   29.9441910      -5.89934969               1
      180039      280037   14.7375383      -6.32988071               1
      180039      280038   29.5437031      -5.85470009               1
      180039      290038   29.2058506      -5.90733767               1
      180037      190038   90.4979782      -11.4161472               1
      180039      190038   73.7515106      -8.12700176               1
      190038      200036   65.1520767      -6.53524065               1
      190038      200037   86.3454361      -7.35821533               1
      190038      210037   66.7603073      -11.5688114               1
      190038      220037   57.7588844      -12.6709776               1
      190038      250037   48.3964767      -13.0065174               1
      190038      260037   47.2282982      -12.9740286               1
      190038      270037   46.7500763      -12.9918156               1
      190038      280037   46.2268410      -13.0382376               1
      180039      190040   85.8032379      -10.6490498               1
      190040      200038   57.2811928      -3.13509941               1
      190040      210039   62.1006050      -10.5196581               1
      190040      220039   53.1226692      -11.5427084               1
      190040      230039   47.2811890      -11.3350163               1
      190040      240039   45.4636574      -11.6292219               1
      190040      250039   43.8973160      -11.6847630               1
      190040      260039   42.7931900      -11.6205578               1
      190040      270039   42.3598976      -11.6255188               1
      190040      280039   41.9144669      -11.6557350               1
      190040      290039   41.5621719      -11.7437038               1
      190040      300039   40.7030907      -11.6412992               1
      170038      200039   40.5345383      -7.55865097               1
      190038      200039   69.5940247      -2.89403915               1
      190040      200039   81.6736069      -6.32009459               1
      200039      210030   63.8656616      -13.1576262               1
      200039      210031   64.4646378      -13.0812206               1
      200039      210032   65.3387909      -13.1316261               1
      200039      210033   66.4662476      -13.0340519               1
      200039      210034   67.1730652      -12.8879833               1
      200039      210035   68.4111099      -12.5661907               1
      200039      210036   73.3621292      -12.5973768               1
      200039      210037   77.7232819      -11.8715506               1
      200039      210038   92.5494308      -10.8335361               1
      200039      220032   28.5228100      -15.2136869               1
      200039      220038   55.7333603      -10.3810167               1
      200039      230038   39.8871841      -7.22733450               1
      200039      250037   18.3755455      -7.82933283               1
      200039      250038   33.2019310      -6.74094152               1
      200039      260038   31.4105873      -6.19799900               1
      200039      270038   30.7758446      -6.06073332               1
      200039      280038   30.1780033      -5.98292732               1
      200039      290038   29.7327728      -6.04481363               1
      180039      210040   52.8305168      -11.8714733               1
      200039      210040   104.630852      -12.5908928               1
      210040      220031   57.1641159      -13.1848459               1
      210040      220032   57.9833031      -13.2498236               1
      210040      220033   58.9844933      -13.1754532               1
      210040      220034   59.5712357      -13.0544510               1
      210040      220035   60.5105171      -12.8038425               1
      210040      220036   63.9300842      -12.9212008               1
      210040      220037   66.5396423      -12.4903345               1
      210040      220038   73.2743301      -12.1773710               1
      210040      220039   97.6906357      -12.5837250               1
      210040      230039   58.2995453      -10.8366899               1
      210040      240039   51.1986389      -11.6502390               1
      210040      250038   22.3444386      -9.58274078               1
      210040      250039   46.7606659      -11.7864761               1
      210040      260038   19.8007088      -8.94672775               1
      210040      260039   44.2169113      -11.6284428               1
      210040      270038   18.9782944      -8.82293797               1
      210040      270039   43.3944931      -11.6251278               1
      210040      280038   18.2699146      -8.79440880               1
      210040      280039   42.6861153      -11.6594200               1
      210040      290038   17.7816601      -8.98696327               1
      210040      290039   42.1978722      -11.7737093               1
      210040      300039   41.1162415      -11.6439543               1
