         792
       10020       20011   45.6343384      -12.7038870               1
       10020       20012   46.9355888      -12.7038870               1
       10020       20013   48.3749504      -12.7038870               1
       10020       20014   50.0817413      -12.7038870               1
       10020       20015   52.2670479      -12.7038870               1
       10020       20016   55.3268929      -12.7038870               1
       10020       20017   60.1424141      -12.7038870               1
       10020       20018   69.1637192      -12.7038870               1
       10020       20019   102.736229      -12.7038870               1
       10020       30012   25.4232063      -12.7038870               1
       10020       30013   26.8625660      -12.7038870               1
       10020       30014   28.5693550      -12.7038870               1
       10020       30015   30.7546635      -12.7038870               1
       10020       30016   33.8145103      -12.7038870               1
       10020       30017   38.6300316      -12.7038870               1
       10020       30018   47.6513329      -12.7038870               1
       10020       30019   81.2238464      -12.7038870               1
       10022       20011   44.8034592      -12.7038870               1
       10022       20012   45.8343506      -12.7038870               1
       10022       20013   46.8944778      -12.7038870               1
       10022       20014   48.0455017      -12.7038870               1
       10022       20015   49.3678894      -12.7038870               1
       10022       20016   50.9818802      -12.7038870               1
       10022       20017   53.0923233      -12.7038870               1
       10022       20018   56.0910568      -12.7038870               1
       10022       20019   62.1823235      -12.7038870               1
       10022       20020   69.8408661      -12.7038870               1
       10022       30012   24.3583298      -12.7038870               1
       10022       30013   25.4184551      -12.7038870               1
       10022       30014   26.5694771      -12.7038870               1
       10022       30015   27.8918667      -12.7038870               1
       10022       30016   29.5058594      -12.7038870               1
       10022       30017   31.6162987      -12.7038870               1
       10022       30018   34.6150360      -12.7038870               1
       10022       30019   40.7062988      -12.7038870               1
       10022       30020   48.3648415      -12.7038870               1
       10022       30021   71.8486404      -12.7038870               1
       10022       40021   63.2777328      -12.7038870               1
       10022       50021   58.6537476      -12.7038870               1
       10022       60021   55.7158432      -12.7038870               1
       10022       70021   53.6356392      -12.7038870               1
       10022       80021   52.0380669      -12.7038870               1
       10022       90021   50.7251053      -12.7038870               1
       10022      100021   49.5790825      -12.7038870               1
       10022      110021   48.5212059      -12.7038870               1
       10022      120021   47.4903145      -12.7038870               1
       10020       20021   92.9642868      -12.7038870               1
       10022       20021   93.3246689      -12.7038870               1
       20021       30012   47.9907036      -12.7038870               1
       20021       30013   49.2939415      -12.7038870               1
       20021       30014   50.7345543      -12.7038870               1
       20021       30015   52.4426079      -12.7038870               1
       20021       30016   54.6285172      -12.7038870               1
       20021       30017   57.6899147      -12.7038870               1
       20021       30018   62.5056229      -12.7038870               1
       20021       30019   74.4056396      -12.7038870               1
       20021       30020   95.0101852      -12.7038870               1
       20021       40020   71.7027969      -12.7038870               1
       20021       50020   62.7361794      -12.7038870               1
       20021       60020   57.9481125      -12.7038870               1
       20021       70020   54.9009247      -12.7038870               1
       20021       80020   52.7230797      -12.7038870               1
       20021       90020   51.0199738      -12.7038870               1
       20021      100020   49.5818825      -12.7038870               1
       20021      110020   48.2798271      -12.7038870               1
       10020       20023   61.1146927      -12.7038870               1
       10022       20023   93.5506210      -12.7038870               1
       20023       30012   47.1598701      -12.7038870               1
       20023       30013   48.1926346      -12.7038870               1
       20023       30014   49.2540359      -12.7038870               1
       20023       30015   50.4060745      -12.7038870               1
       20023       30016   51.7290268      -12.7038870               1
       20023       30017   53.3436546      -12.7038870               1
       20023       30018   55.4540863      -12.7038870               1
       20023       30019   59.2225952      -12.7038870               1
       20023       30020   63.2184639      -12.7038870               1
       20023       30021   72.2100754      -12.7038870               1
       10020       30022   48.2972832      -12.7038870               1
       20021       30022   95.3705750      -12.7038870               1
       20023       30022   95.6544037      -12.7038870               1
       30022       40020   71.7780609      -12.7038870               1
       30022       40021   95.2983093      -12.7038870               1
       30022       50014   26.0751324      -12.7038870               1
       30022       50015   27.5162487      -12.7038870               1
       30022       50016   29.2243938      -12.7038870               1
       30022       50020   48.3159180      -12.7038870               1
       30022       50021   71.8361664      -12.7038870               1
       30022       60021   62.8237572      -12.7038870               1
       30022       70021   58.0141029      -12.7038870               1
       30022       80021   54.9580917      -12.7038870               1
       30022       90020   29.2550468      -12.7038870               1
       30022       90021   52.7752991      -12.7038870               1
       30022      100020   27.5487595      -12.7038870               1
       30022      100021   51.0690117      -12.7038870               1
       30022      110020   26.1088600      -12.7038870               1
       30022      110021   49.6291122      -12.7038870               1
       30022      120021   48.3259087      -12.7038870               1
       10022       30024   48.8899918      -12.7038870               1
       20021       30024   63.4799423      -12.7038870               1
       20023       30024   95.9298096      -12.7038870               1
       30024       50023   72.4893875      -12.7038870               1
       30024       60023   63.5198708      -12.7038870               1
       30024       70023   58.7614021      -12.7038870               1
       30024       80023   55.7671738      -12.7038870               1
       30024       90023   53.6598892      -12.7038870               1
       30024      100023   52.0472183      -12.7038870               1
       30024      110023   50.7253456      -12.7038870               1
       30024      120023   49.5738754      -12.7038870               1
       30024      130023   48.5124931      -12.7038870               1
       30024      140023   47.4791565      -12.7038870               1
       30024       40023   95.9152374      -12.7038870               1
       40023       50014   48.2622910      -12.7038870               1
       40023       50015   49.5662994      -12.7038870               1
       40023       50016   51.0074615      -12.7038870               1
       40023       50017   52.7158394      -12.7038870               1
       40023       50018   54.9018822      -12.7038870               1
       40023       50019   58.7432594      -12.7038870               1
       40023       50020   62.7793694      -12.7038870               1
       40023       50021   71.8139114      -12.7038870               1
       40023       50022   95.2945709      -12.7038870               1
       40023       60015   26.0990963      -12.7038870               1
       40023       60016   27.5402565      -12.7038870               1
       40023       60020   39.3121643      -12.7038870               1
       20023       40025   49.4549217      -12.7038870               1
       30024       40025   96.1500168      -12.7038870               1
       40025       50014   47.4315491      -12.7038870               1
       40025       50015   48.4651146      -12.7038870               1
       40025       50016   49.5270844      -12.7038870               1
       40025       50017   50.6795120      -12.7038870               1
       40025       50018   52.0027199      -12.7038870               1
       40025       50019   53.9912453      -12.7038870               1
       40025       50020   55.7279930      -12.7038870               1
       40025       50021   58.7279739      -12.7038870               1
       40025       50022   63.4930573      -12.7038870               1
       40025       50023   72.4779587      -12.7038870               1
       40025       60015   25.0342026      -12.7038870               1
       40025       60016   26.0961723      -12.7038870               1
       40025       60017   27.2485981      -12.7038870               1
       40025       60018   28.5718079      -12.7038870               1
       40025       60019   30.5603313      -12.7038870               1
       40025       60020   32.2970810      -12.7038870               1
       40025       60021   35.2970619      -12.7038870               1
       40025       60022   40.0621452      -12.7038870               1
       40025       60023   49.0470505      -12.7038870               1
       40025       60024   72.4891815      -12.7038870               1
       40025       70024   63.5052261      -12.7038870               1
       40025       80024   58.7440567      -12.7038870               1
       40025       90024   55.7474709      -12.7038870               1
       40025      100023   30.1960945      -12.7038870               1
       40025      100024   53.6382217      -12.7038870               1
       40025      110024   52.0245934      -12.7038870               1
       40025      120024   50.7020912      -12.7038870               1
       40025      130024   49.5502892      -12.7038870               1
       40025      140024   48.4885406      -12.7038870               1
       40025      150024   47.4549751      -12.7038870               1
       20023       50024   63.7350044      -12.7038870               1
       40023       50024   95.6276703      -12.7038870               1
       40025       50024   95.9200897      -12.7038870               1
       30024       50026   49.5507126      -12.7038870               1
       40023       50026   63.7540283      -12.7038870               1
       40025       50026   96.1886292      -12.7038870               1
       50026       60015   47.4592209      -12.7038870               1
       50026       60016   48.4929161      -12.7038870               1
       50026       60017   49.5550270      -12.7038870               1
       50026       60018   50.7074776      -12.7038870               1
       50026       60019   52.3256569      -12.7038870               1
       50026       60020   53.6455650      -12.7038870               1
       50026       60021   55.7567711      -12.7038870               1
       50026       60022   58.7564125      -12.7038870               1
       50026       60023   63.5225296      -12.7038870               1
       50026       60024   72.5115891      -12.7038870               1
       50026       70024   49.0533447      -12.7038870               1
       50026      120024   28.5890598      -12.7038870               1
       50026      150024   25.0523701      -12.7038870               1
       30024       60025   63.7546501      -12.7038870               1
       40023       60025   48.9797821      -12.7038870               1
       50026       60025   95.9571381      -12.7038870               1
       60025       70016   48.2856827      -12.7038870               1
       60025       70017   49.5899048      -12.7038870               1
       60025       70018   51.0311813      -12.7038870               1
       60025       70019   53.1297264      -12.7038870               1
       60025       70020   54.9256096      -12.7038870               1
       60025       70021   57.9873810      -12.7038870               1
       60025       70022   62.8036613      -12.7038870               1
       60025       70023   71.8314590      -12.7038870               1
       60025       70024   95.3098831      -12.7038870               1
       60025       80017   26.1112003      -12.7038870               1
       60025       80018   27.5524769      -12.7038870               1
       60025       80019   29.6510201      -12.7038870               1
       60025       80020   31.4469070      -12.7038870               1
       60025       80021   34.5086746      -12.7038870               1
       60025       80022   39.3249588      -12.7038870               1
       60025       80023   48.3527527      -12.7038870               1
       60025       80024   71.8311768      -12.7038870               1
       60025       90018   18.5246964      -12.7038870               1
       60025       90019   20.6232395      -12.7038870               1
       60025       90020   22.4191265      -12.7038870               1
       60025       90021   25.4808960      -12.7038870               1
       60025       90022   30.2971783      -12.7038870               1
       60025       90023   39.3249741      -12.7038870               1
       60025       90024   62.8033943      -12.7038870               1
       60025      100023   34.5074120      -12.7038870               1
       60025      100024   57.9858322      -12.7038870               1
       60025      110023   31.4463387      -12.7038870               1
       60025      110024   54.9247589      -12.7038870               1
       60025      120023   29.2604370      -12.7038870               1
       60025      120024   52.7388573      -12.7038870               1
       60025      130023   27.5526867      -12.7038870               1
       60025      130024   51.0311050      -12.7038870               1
       60025      140023   26.1115742      -12.7038870               1
       60025      140024   49.5899963      -12.7038870               1
       60025      150024   48.2859573      -12.7038870               1
       50026       60027   96.2491837      -12.7038870               1
       60027       70016   47.4549751      -12.7038870               1
       60027       70017   48.4887810      -12.7038870               1
       60027       70018   49.5509109      -12.7038870               1
       60027       70019   50.9513893      -12.7038870               1
       60027       70020   52.0267105      -12.7038870               1
       60027       70021   53.6416779      -12.7038870               1
       60027       70022   55.7524452      -12.7038870               1
       60027       70023   58.7518997      -12.7038870               1
       60027       70024   63.5179901      -12.7038870               1
       60027       70025   72.5027313      -12.7038870               1
       60027       80024   40.0755692      -12.7038870               1
       60027       80026   72.5433121      -12.7038870               1
       60027       90026   63.5584145      -12.7038870               1
       60027      100026   58.7920341      -12.7038870               1
       60027      110026   55.7927284      -12.7038870               1
       60027      120026   53.6823158      -12.7038870               1
       60027      130026   52.0681801      -12.7038870               1
       60027      140026   50.7450829      -12.7038870               1
       60027      150026   49.5928040      -12.7038870               1
       60027      160026   48.5307541      -12.7038870               1
       60027      170026   47.4969482      -12.7038870               1
       60025       70026   95.6360550      -12.7038870               1
       60027       70026   95.9857254      -12.7038870               1
       70026       80017   48.3146324      -12.7038870               1
       70026       80018   49.6188698      -12.7038870               1
       70026       80019   51.3755264      -12.7038870               1
       70026       80020   52.7686386      -12.7038870               1
       70026       80021   54.9553528      -12.7038870               1
       70026       80022   58.0167809      -12.7038870               1
       70026       80023   62.8340912      -12.7038870               1
       70026       80024   71.8660431      -12.7038870               1
       70026       80025   95.3478775      -12.7038870               1
       70026       90018   26.1187496      -12.7038870               1
       70026       90019   27.8754063      -12.7038870               1
       70026       90020   29.2685165      -12.7038870               1
       70026       90021   31.4552307      -12.7038870               1
       70026       90022   34.5166588      -12.7038870               1
       70026       90023   39.3339729      -12.7038870               1
       70026       90024   48.3659210      -12.7038870               1
       70026       90025   71.8477554      -12.7038870               1
       70026      100024   39.3311424      -12.7038870               1
       70026      110024   34.5136147      -12.7038870               1
       70026      120024   31.4524212      -12.7038870               1
       70026      130024   29.2668419      -12.7038870               1
       70026      140024   27.5586166      -12.7038870               1
       70026      150024   26.1174603      -12.7038870               1
       60025       70028   63.7761497      -12.7038870               1
       60027       70028   96.2069473      -12.7038870               1
       70028       80017   47.4838676      -12.7038870               1
       70028       80018   48.5177078      -12.7038870               1
       70028       80019   49.8009834      -12.7038870               1
       70028       80020   50.7323761      -12.7038870               1
       70028       80021   52.0558395      -12.7038870               1
       70028       80022   53.6706085      -12.7038870               1
       70028       80023   55.7813339      -12.7038870               1
       70028       80024   58.7808914      -12.7038870               1
       70028       80025   63.5456009      -12.7038870               1
       70028       80026   72.5355835      -12.7038870               1
       70028       90018   25.0538750      -12.7038870               1
       70028       90020   27.2685413      -12.7038870               1
       70028       90021   28.5920067      -12.7038870               1
       70028       90023   32.3175011      -12.7038870               1
       70028       90024   35.3170586      -12.7038870               1
       70028       90027   72.5125656      -12.7038870               1
       70028      100027   63.5206757      -12.7038870               1
       70028      110027   58.7543259      -12.7038870               1
       70028      120027   55.7549019      -12.7038870               1
       70028      130027   53.6448288      -12.7038870               1
       70028      140027   52.0302086      -12.7038870               1
       70028      150027   50.7070923      -12.7038870               1
       70028      160027   49.5546646      -12.7038870               1
       70028      170027   48.4925346      -12.7038870               1
       70028      180027   47.4586945      -12.7038870               1
       50026       80027   63.8115196      -12.7038870               1
       70026       80027   95.6975555      -12.7038870               1
       70028       80027   95.9764023      -12.7038870               1
       80027       90018   48.3324928      -12.7038870               1
       80027       90019   49.9106674      -12.7038870               1
       80027       90020   51.0780945      -12.7038870               1
       80027       90021   52.7866745      -12.7038870               1
       80027       90022   54.9729538      -12.7038870               1
       80027       90023   58.0341873      -12.7038870               1
       80027       90024   62.8514633      -12.7038870               1
       80027       90025   71.8790894      -12.7038870               1
       80027       90026   95.3983688      -12.7038870               1
       80027      100026   71.8762512      -12.7038870               1
       80027      110026   62.8450546      -12.7038870               1
       80027      120026   58.0280228      -12.7038870               1
       80027      130026   54.9677353      -12.7038870               1
       80027      140026   52.7814903      -12.7038870               1
       80027      150026   51.0733223      -12.7038870               1
       80027      160026   49.6320038      -12.7038870               1
       80027      170026   48.3277550      -12.7038870               1
       70026       80029   63.8082657      -12.7038870               1
       70028       80029   96.2293854      -12.7038870               1
       80029       90018   47.5018768      -12.7038870               1
       80029       90019   48.7441216      -12.7038870               1
       80029       90020   49.5979881      -12.7038870               1
       80029       90021   50.7506485      -12.7038870               1
       80029       90022   52.0741005      -12.7038870               1
       80029       90023   53.6889954      -12.7038870               1
       80029       90024   55.8000374      -12.7038870               1
       80029       90025   58.7994499      -12.7038870               1
       80029       90026   63.5667000      -12.7038870               1
       80029       90027   72.5509567      -12.7038870               1
       80029      100028   72.5019836      -12.7038870               1
       80029      110028   63.5136642      -12.7038870               1
       80029      120028   58.7478027      -12.7038870               1
       80029      130028   55.7492867      -12.7038870               1
       80029      140028   53.6385231      -12.7038870               1
       80029      150028   52.0239601      -12.7038870               1
       80029      160028   50.7006531      -12.7038870               1
       80029      170028   49.5481453      -12.7038870               1
       80029      180028   48.4859467      -12.7038870               1
       80029      190028   47.2437019      -12.7038870               1
       60027       90028   63.7796326      -12.7038870               1
       80027       90028   95.6772156      -12.7038870               1
       80029       90028   95.9878235      -12.7038870               1
       90028      100020   49.6310043      -12.7038870               1
       90028      100027   95.3543396      -12.7038870               1
       90028      110027   71.8398361      -12.7038870               1
       90028      120027   62.8073845      -12.7038870               1
       90028      130027   57.9916458      -12.7038870               1
       90028      140027   54.9299240      -12.7038870               1
       90028      150027   52.7437363      -12.7038870               1
       90028      160027   51.0352554      -12.7038870               1
       90028      170027   49.5938339      -12.7038870               1
       90028      180027   48.2895203      -12.7038870               1
       80027       90030   63.8253937      -12.7038870               1
       80029       90030   96.2900009      -12.7038870               1
       70028      100029   63.7736626      -12.7038870               1
       90028      100029   95.6649475      -12.7038870               1
      100029      110020   48.3080368      -12.7038870               1
      100029      110021   49.6124458      -12.7038870               1
      100029      110022   51.0539474      -12.7038870               1
      100029      110023   52.7624664      -12.7038870               1
      100029      110024   54.9490089      -12.7038870               1
      100029      110026   62.8286285      -12.7038870               1
      100029      110027   71.8557739      -12.7038870               1
      100029      110028   95.3289185      -12.7038870               1
      100029      120028   71.8287354      -12.7038870               1
      100029      130028   62.8026886      -12.7038870               1
      100029      140028   57.9847984      -12.7038870               1
      100029      150028   54.9236717      -12.7038870               1
      100029      160028   52.7371559      -12.7038870               1
      100029      170028   51.0286484      -12.7038870               1
      100029      180028   49.5871658      -12.7038870               1
      100029      190028   48.0298119      -12.7038870               1
       90030      100031   96.2544250      -12.7038870               1
      100031      110020   47.4774170      -12.7038870               1
      100031      110021   48.5114059      -12.7038870               1
      100031      110022   49.5737457      -12.7038870               1
      100031      110023   50.7264328      -12.7038870               1
      100031      110024   52.0499916      -12.7038870               1
      100031      110025   53.6648636      -12.7038870               1
      100031      110026   55.7760963      -12.7038870               1
      100031      110027   58.7750626      -12.7038870               1
      100031      110028   63.5392456      -12.7038870               1
      100031      110029   72.5275650      -12.7038870               1
      100031      120021   25.0475006      -12.7038870               1
      100031      120024   28.5860863      -12.7038870               1
      100031      120030   72.5121078      -12.7038870               1
      100031      130030   63.5289421      -12.7038870               1
      100031      140030   58.7622261      -12.7038870               1
      100031      150030   55.7628670      -12.7038870               1
      100031      160030   53.6518402      -12.7038870               1
      100031      170030   52.0369377      -12.7038870               1
      100031      180030   50.7134628      -12.7038870               1
      100031      190030   49.3433876      -12.7038870               1
      100031      200030   48.4986000      -12.7038870               1
      100031      210030   47.4646111      -12.7038870               1
      100029      110030   95.6887131      -12.7038870               1
      100031      110030   95.9760132      -12.7038870               1
      110030      120021   48.2522888      -12.7038870               1
      110030      120022   49.5567322      -12.7038870               1
      110030      120023   50.9982910      -12.7038870               1
      110030      120024   52.7069588      -12.7038870               1
      110030      120025   54.8933830      -12.7038870               1
      110030      120026   57.9555855      -12.7038870               1
      110030      120027   62.7718048      -12.7038870               1
      110030      120028   71.7986069      -12.7038870               1
      110030      120029   95.3155670      -12.7038870               1
      110030      130029   71.8726959      -12.7038870               1
      110030      140029   62.8432922      -12.7038870               1
      100029      110032   63.7998581      -12.7038870               1
      100031      110032   96.1903000      -12.7038870               1
      110032      120021   47.4215698      -12.7038870               1
      110032      120022   48.4556084      -12.7038870               1
      110032      120023   49.5179596      -12.7038870               1
      110032      120024   50.6706772      -12.7038870               1
      110032      120025   51.9941483      -12.7038870               1
      110032      120026   53.6092415      -12.7038870               1
      110032      120027   55.7197838      -12.7038870               1
      110032      120028   58.7186089      -12.7038870               1
      110032      120029   63.4843254      -12.7038870               1
      110032      120030   72.4672394      -12.7038870               1
      110032      130031   72.4681854      -12.7038870               1
       90030      120031   63.7866135      -12.7038870               1
      110030      120031   95.6028671      -12.7038870               1
      110032      120031   95.8747711      -12.7038870               1
      120031      130022   48.2718048      -12.7038870               1
      120031      130023   49.5762367      -12.7038870               1
      120031      130024   51.0178108      -12.7038870               1
      120031      130025   52.7262917      -12.7038870               1
      120031      130026   54.9130096      -12.7038870               1
      120031      130027   57.9737473      -12.7038870               1
      120031      130028   62.7891083      -12.7038870               1
      120031      130029   71.8202972      -12.7038870               1
      120031      130030   95.3050232      -12.7038870               1
      120031      140023   26.1073475      -12.7038870               1
      120031      140024   27.5489216      -12.7038870               1
      120031      140030   71.8361359      -12.7038870               1
      120031      150030   62.8133011      -12.7038870               1
      120031      160030   57.9968948      -12.7038870               1
      120031      170030   54.9357300      -12.7038870               1
      120031      180030   52.7493782      -12.7038870               1
      120031      190030   50.7364464      -12.7038870               1
      120031      200030   49.5996132      -12.7038870               1
      120031      210030   48.2952843      -12.7038870               1
      110030      120033   63.7428093      -12.7038870               1
      110032      120033   96.1499557      -12.7038870               1
      120033      130022   47.4410973      -12.7038870               1
      120033      130023   48.4751320      -12.7038870               1
      120033      130024   49.5374870      -12.7038870               1
      120033      130025   50.6901398      -12.7038870               1
      120033      130026   52.0137291      -12.7038870               1
      120033      130027   53.6284142      -12.7038870               1
      120033      130028   55.7389107      -12.7038870               1
      120033      130029   58.7384338      -12.7038870               1
      120033      130030   63.5025864      -12.7038870               1
      120033      130031   72.4797211      -12.7038870               1
      120033      140031   49.0471077      -12.7038870               1
      120033      140032   72.4771194      -12.7038870               1
      120033      150032   63.4971695      -12.7038870               1
      120033      160032   58.7319412      -12.7038870               1
      120033      170031   32.3025322      -12.7038870               1
      120033      170032   55.7325478      -12.7038870               1
      120033      180032   53.6216888      -12.7038870               1
      120033      190032   51.7237816      -12.7038870               1
      120033      200032   50.6835480      -12.7038870               1
      120033      210032   49.5309830      -12.7038870               1
      120033      220031   25.0386200      -12.7038870               1
      120033      220032   48.4686356      -12.7038870               1
      120033      230032   47.4346008      -12.7038870               1
      120031      130032   95.5769272      -12.7038870               1
      120033      130032   95.9097290      -12.7038870               1
      130032      140023   48.3041000      -12.7038870               1
      130032      140024   49.6085625      -12.7038870               1
      130032      140025   51.0500679      -12.7038870               1
      130032      140026   52.7587624      -12.7038870               1
      130032      140027   54.9448051      -12.7038870               1
      130032      140028   58.0054016      -12.7038870               1
      130032      140029   62.8222923      -12.7038870               1
      130032      140030   71.8480835      -12.7038870               1
      130032      140031   95.2918930      -12.7038870               1
      130032      150031   71.8019943      -12.7038870               1
      120031      130034   63.7574501      -12.7038870               1
      120033      130034   96.1152267      -12.7038870               1
      130034      140023   47.4733276      -12.7038870               1
      130034      140024   48.5073547      -12.7038870               1
      130034      140025   49.5696640      -12.7038870               1
      130034      140026   50.7223587      -12.7038870               1
      130034      140027   52.0456619      -12.7038870               1
      130034      140028   53.6602364      -12.7038870               1
      130034      140029   55.7709007      -12.7038870               1
      130034      140030   58.7692490      -12.7038870               1
      130034      140031   63.5300369      -12.7038870               1
      130034      140032   72.5065918      -12.7038870               1
      130034      150024   25.0537415      -12.7038870               1
      130034      150032   49.0529785      -12.7038870               1
      130034      150033   72.4341965      -12.7038870               1
      130034      160033   63.4449730      -12.7038870               1
      130034      170033   58.6785507      -12.7038870               1
      130034      180033   55.6786346      -12.7038870               1
      130034      190033   53.2137032      -12.7038870               1
      130034      200033   51.9529419      -12.7038870               1
      130034      210033   50.6295662      -12.7038870               1
      130034      220033   49.4768410      -12.7038870               1
      130034      230033   48.4144821      -12.7038870               1
      130034      240033   47.3804588      -12.7038870               1
      110032      140033   63.7568436      -12.7038870               1
      130032      140033   95.6246948      -12.7038870               1
      130034      140033   95.8878098      -12.7038870               1
      140033      150024   48.3029861      -12.7038870               1
      140033      150025   49.6073952      -12.7038870               1
      140033      150026   51.0489998      -12.7038870               1
      140033      150027   52.7573013      -12.7038870               1
      140033      150028   54.9432907      -12.7038870               1
      140033      150029   58.0045700      -12.7038870               1
      140033      150030   62.8199005      -12.7038870               1
      140033      150031   71.8399124      -12.7038870               1
      140033      150032   95.3062057      -12.7038870               1
      140033      160030   39.3272057      -12.7038870               1
      140033      160031   48.3472137      -12.7038870               1
      140033      160032   71.8135147      -12.7038870               1
      140033      170031   39.3175392      -12.7038870               1
      140033      170032   62.7838364      -12.7038870               1
      140033      180031   34.5006065      -12.7038870               1
      140033      180032   57.9669037      -12.7038870               1
      140033      190031   30.9496059      -12.7038870               1
      140033      190032   54.4159012      -12.7038870               1
      140033      200031   29.2533741      -12.7038870               1
      140033      200032   52.7196693      -12.7038870               1
      140033      210031   27.5450592      -12.7038870               1
      140033      210032   51.0113525      -12.7038870               1
      140033      220031   26.1034603      -12.7038870               1
      140033      220032   49.5697556      -12.7038870               1
      140033      230032   48.2652931      -12.7038870               1
      130032      140035   63.7919350      -12.7038870               1
      130034      140035   96.1715622      -12.7038870               1
      140035      150024   47.4722214      -12.7038870               1
      140035      150025   48.5062408      -12.7038870               1
      140035      150026   49.5685959      -12.7038870               1
      140035      150027   50.7211761      -12.7038870               1
      140035      150028   52.0445175      -12.7038870               1
      140035      150029   53.6593971      -12.7038870               1
      140035      150030   55.7698631      -12.7038870               1
      140035      150031   58.7675858      -12.7038870               1
      140035      150032   63.5310669      -12.7038870               1
      140035      150033   72.5109253      -12.7038870               1
      140035      160034   72.4542847      -12.7038870               1
      140035      170034   63.4674911      -12.7038870               1
      140035      180034   58.7017403      -12.7038870               1
      140035      190034   55.2263985      -12.7038870               1
      140035      200034   53.5917778      -12.7038870               1
      140035      210034   51.9770851      -12.7038870               1
      140035      220034   50.6535187      -12.7038870               1
      140035      230034   49.5008125      -12.7038870               1
      140035      240034   48.4384727      -12.7038870               1
      140035      250034   47.4044571      -12.7038870               1
      120033      150034   63.7026634      -12.7038870               1
      140033      150034   95.5693207      -12.7038870               1
      140035      150034   95.9106979      -12.7038870               1
      150034      160025   48.3177986      -12.7038870               1
      150034      160026   49.6222305      -12.7038870               1
      150034      160027   51.0635681      -12.7038870               1
      150034      160028   52.7717514      -12.7038870               1
      150034      160029   54.9578972      -12.7038870               1
      150034      160030   58.0180092      -12.7038870               1
      150034      160031   62.8299751      -12.7038870               1
      150034      160032   71.8494110      -12.7038870               1
      150034      160033   95.2669144      -12.7038870               1
      150034      170026   26.1152096      -12.7038870               1
      150034      170027   27.5565472      -12.7038870               1
      150034      170028   29.2647324      -12.7038870               1
      150034      170029   31.4508781      -12.7038870               1
      150034      170030   34.5109901      -12.7038870               1
      150034      170031   39.3229561      -12.7038870               1
      150034      170032   48.3423920      -12.7038870               1
      150034      170033   71.7598953      -12.7038870               1
      150034      180032   39.3119049      -12.7038870               1
      150034      180033   62.7294083      -12.7038870               1
      150034      190033   57.2008667      -12.7038870               1
      150034      200033   54.8520012      -12.7038870               1
      150034      210033   52.6659126      -12.7038870               1
      150034      220033   50.9572144      -12.7038870               1
      150034      230033   49.5156021      -12.7038870               1
      150034      240033   48.2111588      -12.7038870               1
      140033      150036   63.7888298      -12.7038870               1
      140035      150036   96.2146912      -12.7038870               1
      150036      160025   47.4870338      -12.7038870               1
      150036      160026   48.5210342      -12.7038870               1
      150036      160027   49.5832863      -12.7038870               1
      150036      160028   50.7358131      -12.7038870               1
      150036      160029   52.0592041      -12.7038870               1
      150036      160030   53.6737480      -12.7038870               1
      150036      160031   55.7834167      -12.7038870               1
      150036      160032   58.7814865      -12.7038870               1
      150036      160033   63.5440483      -12.7038870               1
      150036      160034   72.5187683      -12.7038870               1
      150036      170026   25.0502987      -12.7038870               1
      150036      170027   26.1125546      -12.7038870               1
      150036      170028   27.2650795      -12.7038870               1
      150036      170029   28.5884724      -12.7038870               1
      150036      170031   32.3126831      -12.7038870               1
      150036      170032   35.3107491      -12.7038870               1
      150036      170035   72.4991760      -12.7038870               1
      150036      180035   63.5115738      -12.7038870               1
      150036      190035   58.0456467      -12.7038870               1
      150036      200035   55.7471275      -12.7038870               1
      150036      210035   53.6365509      -12.7038870               1
      150036      220035   52.0214729      -12.7038870               1
      150036      230035   50.6978951      -12.7038870               1
      150036      240035   49.5452156      -12.7038870               1
      150036      250035   48.4828796      -12.7038870               1
      150036      260035   47.4488792      -12.7038870               1
      130034      160035   63.7287216      -12.7038870               1
      150034      160035   95.6082840      -12.7038870               1
      150036      160035   95.9699097      -12.7038870               1
      160035      170026   48.2816772      -12.7038870               1
      160035      170027   49.5860252      -12.7038870               1
      160035      170028   51.0273933      -12.7038870               1
      160035      170029   52.7358627      -12.7038870               1
      160035      170030   54.9218140      -12.7038870               1
      160035      170031   57.9813080      -12.7038870               1
      160035      170032   62.7959709      -12.7038870               1
      160035      170033   71.8187103      -12.7038870               1
      160035      170034   95.2547607      -12.7038870               1
      160035      180034   71.7774658      -12.7038870               1
      160035      190034   61.5739441      -12.7038870               1
      160035      200034   57.9368095      -12.7038870               1
      160035      210034   54.8763771      -12.7038870               1
      160035      220034   52.6897812      -12.7038870               1
      160035      230034   50.9811325      -12.7038870               1
      160035      240034   49.5395851      -12.7038870               1
      160035      250034   48.2351379      -12.7038870               1
      150034      160037   63.7974815      -12.7038870               1
      150036      160037   96.1703110      -12.7038870               1
      160037      170026   47.4506721      -12.7038870               1
      160037      170027   48.4845924      -12.7038870               1
      160037      170028   49.5467377      -12.7038870               1
      160037      170029   50.6991997      -12.7038870               1
      160037      170030   52.0222626      -12.7038870               1
      160037      170031   53.6361198      -12.7038870               1
      160037      170032   55.7455864      -12.7038870               1
      160037      170033   58.7425766      -12.7038870               1
      160037      170034   63.5016060      -12.7038870               1
      160037      170035   72.4805603      -12.7038870               1
      160037      180035   49.0395470      -12.7038870               1
      160037      180036   72.4334259      -12.7038870               1
      160037      190036   62.2823143      -12.7038870               1
      160037      200036   58.6868629      -12.7038870               1
      160037      210036   55.6882248      -12.7038870               1
      160037      220036   53.5771484      -12.7038870               1
      160037      230036   51.9621468      -12.7038870               1
      160037      240036   50.6386719      -12.7038870               1
      160037      250035   26.0921402      -12.7038870               1
      160037      250036   49.4860191      -12.7038870               1
      160037      260036   48.4237633      -12.7038870               1
      160037      270036   47.3898430      -12.7038870               1
      140035      170036   63.7714844      -12.7038870               1
      160035      170036   95.6163864      -12.7038870               1
      160037      170036   95.8744354      -12.7038870               1
      170036      180027   48.2877998      -12.7038870               1
      170036      180028   49.5920715      -12.7038870               1
      170036      180029   51.0334625      -12.7038870               1
      170036      180030   52.7416000      -12.7038870               1
      170036      180031   54.9267693      -12.7038870               1
      170036      180032   57.9866028      -12.7038870               1
      170036      180033   62.8003502      -12.7038870               1
      170036      180034   71.8179550      -12.7038870               1
      170036      180035   95.3053818      -12.7038870               1
      170036      190035   69.4334946      -12.7038870               1
      170036      200035   62.7973557      -12.7038870               1
      170036      210035   57.9824982      -12.7038870               1
      170036      220035   54.9207649      -12.7038870               1
      170036      240035   51.0255356      -12.7038870               1
      170036      250035   49.5839615      -12.7038870               1
      170036      260035   48.2795792      -12.7038870               1
      160035      170038   63.7522049      -12.7038870               1
      160037      170038   96.0816879      -12.7038870               1
      170038      180027   47.4565849      -12.7038870               1
      170038      180028   48.4903412      -12.7038870               1
      170038      180029   49.5523148      -12.7038870               1
      170038      180030   50.7044029      -12.7038870               1
      170038      180031   52.0267792      -12.7038870               1
      170038      180032   53.6400681      -12.7038870               1
      170038      180033   55.7482033      -12.7038870               1
      170038      180034   58.7420197      -12.7038870               1
      170038      180035   63.4988632      -12.7038870               1
      170038      180036   72.4572067      -12.7038870               1
      170038      190037   70.0007629      -12.7038870               1
      170038      200037   63.3995209      -12.7038870               1
      170038      220037   55.6359558      -12.7038870               1
      170038      240037   51.9099503      -12.7038870               1
      170038      250037   50.5864716      -12.7038870               1
      170038      260037   49.4339485      -12.7038870               1
      170038      270037   48.3717537      -12.7038870               1
      170038      280037   47.3379974      -12.7038870               1
      150036      180037   63.7119789      -12.7038870               1
      160035      180037   48.9722710      -12.7038870               1
      170036      180037   95.5634232      -12.7038870               1
      170038      180037   95.8283386      -12.7038870               1
      180037      190028   41.0079842      -12.7038870               1
      180037      190029   42.3121567      -12.7038870               1
      180037      190030   43.7532234      -12.7038870               1
      180037      190031   45.4606895      -12.7038870               1
      180037      190032   47.6456490      -12.7038870               1
      180037      190035   64.5364532      -12.7038870               1
      180037      190036   87.9666214      -12.7038870               1
      180037      200036   71.7599564      -12.7038870               1
      180037      210036   62.7392731      -12.7038870               1
      180037      220036   57.9225998      -12.7038870               1
      180037      230036   54.8611488      -12.7038870               1
      180037      240036   52.6747856      -12.7038870               1
      180037      250035   27.5360680      -12.7038870               1
      180037      250036   50.9662361      -12.7038870               1
      180037      260036   49.5248489      -12.7038870               1
      180037      270036   48.2204971      -12.7038870               1
      170036      180039   63.7252579      -12.7038870               1
      170038      180039   95.8713226      -12.7038870               1
      180039      190028   40.1828346      -12.7038870               1
      180039      190029   41.2161751      -12.7038870               1
      180039      190030   42.2775345      -12.7038870               1
      180039      190031   43.4286346      -12.7038870               1
      180039      190032   44.7498016      -12.7038870               1
      180039      190033   46.3609276      -12.7038870               1
      180039      190036   56.1930008      -12.7038870               1
      180039      190037   65.1244888      -12.7038870               1
      180039      200038   72.1619034      -12.7038870               1
      180039      210038   63.1841698      -12.7038870               1
      180039      220038   58.4187508      -12.7038870               1
      180039      230038   55.4191666      -12.7038870               1
      180039      250037   28.4790611      -12.7038870               1
      180039      250038   51.6936226      -12.7038870               1
      180039      260037   27.1558971      -12.7038870               1
      180039      260038   50.3704605      -12.7038870               1
      180039      270037   26.0035076      -12.7038870               1
      180039      270038   49.2180710      -12.7038870               1
      180039      280037   24.9416523      -12.7038870               1
      180039      280038   48.1562157      -12.7038870               1
      180039      290038   47.1228752      -12.7038870               1
      180037      190038   88.2315292      -12.7038870               1
      180039      190038   88.3390503      -12.7038870               1
      190038      200036   81.7983398      -12.7038870               1
      190038      200037   105.210098      -12.7038870               1
      190038      210037   74.5125198      -12.7038870               1
      190038      220037   63.9427147      -12.7038870               1
      190038      250037   52.9106445      -12.7038870               1
      190038      260037   51.1160545      -12.7038870               1
      190038      270037   49.6187134      -12.7038870               1
      190038      280037   48.2763176      -12.7038870               1
      180039      190040   88.2576065      -12.7038870               1
      190040      200038   82.3153229      -12.7038870               1
      190040      210039   74.6326141      -12.7038870               1
      190040      220039   64.1057510      -12.7038870               1
      190040      230039   58.7789955      -12.7038870               1
      190040      240039   55.5165749      -12.7038870               1
      190040      250039   53.2623787      -12.7038870               1
      190040      260039   51.5615387      -12.7038870               1
      190040      270039   50.1823730      -12.7038870               1
      190040      280039   48.9919205      -12.7038870               1
      190040      290039   47.9029770      -12.7038870               1
      190040      300039   46.8497124      -12.7038870               1
      170038      200039   63.4425011      -12.7038870               1
      190038      200039   105.317581      -12.7038870               1
      190040      200039   105.293869      -12.7038870               1
      200039      210030   48.2828445      -12.7038870               1
      200039      210031   49.5856895      -12.7038870               1
      200039      210032   51.0248718      -12.7038870               1
      200039      210033   52.7296104      -12.7038870               1
      200039      210034   54.9091301      -12.7038870               1
      200039      210035   57.9590073      -12.7038870               1
      200039      210036   62.7501450      -12.7038870               1
      200039      210037   71.7245255      -12.7038870               1
      200039      210038   94.9754028      -12.7038870               1
      200039      220032   27.5479279      -12.7038870               1
      200039      220038   71.4984589      -12.7038870               1
      200039      230038   62.4702148      -12.7038870               1
      200039      250037   31.3415833      -12.7038870               1
      200039      250038   54.5924568      -12.7038870               1
      200039      260038   52.4065895      -12.7038870               1
      200039      270038   50.6982765      -12.7038870               1
      200039      280038   49.2572479      -12.7038870               1
      200039      290038   47.9535904      -12.7038870               1
      180039      210040   63.1027222      -12.7038870               1
      200039      210040   94.9516449      -12.7038870               1
      210040      220031   48.3248177      -12.7038870               1
      210040      220032   49.6270981      -12.7038870               1
      210040      220033   51.0652046      -12.7038870               1
      210040      220034   52.7677460      -12.7038870               1
      210040      220035   54.9439964      -12.7038870               1
      210040      220036   57.9843369      -12.7038870               1
      210040      220037   62.7574844      -12.7038870               1
      210040      220038   71.6660614      -12.7038870               1
      210040      220039   94.6778259      -12.7038870               1
      210040      230039   71.1638641      -12.7038870               1
      210040      240039   62.1314163      -12.7038870               1
      210040      250038   34.3015594      -12.7038870               1
      210040      250039   57.3133278      -12.7038870               1
      210040      260038   31.2406406      -12.7038870               1
      210040      260039   54.2524109      -12.7038870               1
      210040      270038   29.0541859      -12.7038870               1
      210040      270039   52.0659561      -12.7038870               1
      210040      280038   27.3460560      -12.7038870               1
      210040      280039   50.3578262      -12.7038870               1
      210040      290038   25.9053097      -12.7038870               1
      210040      290039   48.9170799      -12.7038870               1
      210040      300039   47.6136360      -12.7038870               1
