         792
       10020       20011   50.6369591      -14.1386452               1
       10020       20012   51.2021332      -14.1863098               1
       10020       20013   51.8280640      -14.1898298               1
       10020       20014   52.3852882      -14.1256018               1
       10020       20015   53.5290413      -14.0393858               1
       10020       20016   54.6660919      -13.8390064               1
       10020       20017   59.4945526      -13.5710773               1
       10020       20018   65.7807541      -12.2287436               1
       10020       20019   91.3910675      -6.85067177               1
       10020       30012   21.7560158      -14.8998194               1
       10020       30013   22.3819447      -14.8880167               1
       10020       30014   22.9391670      -14.7243814               1
       10020       30015   24.0829182      -14.5043125               1
       10020       30016   25.2199650      -14.0490141               1
       10020       30017   30.0484257      -13.4847794               1
       10020       30018   36.3346825      -11.0695314               1
       10020       30019   61.9459457      -3.61427212               1
       10022       20011   50.3661537      -14.1653042               1
       10022       20012   50.8292847      -14.2169447               1
       10022       20013   51.3105659      -14.2391253               1
       10022       20014   51.6943207      -14.2148333               1
       10022       20015   52.3662071      -14.2088671               1
       10022       20016   52.9083366      -14.1574326               1
       10022       20017   54.7510147      -14.2460041               1
       10022       20018   56.5047417      -14.0298176               1
       10022       20019   60.0281906      -13.3609009               1
       10022       20020   75.1601715      -14.5888653               1
       10022       30012   21.3904743      -14.9821644               1
       10022       30013   21.8717556      -15.0173626               1
       10022       30014   22.2555103      -14.9475183               1
       10022       30015   22.9273968      -14.9124203               1
       10022       30016   23.4695225      -14.7802181               1
       10022       30017   25.3122044      -14.9264631               1
       10022       30018   27.0659256      -14.4310465               1
       10022       30019   30.5893726      -13.0721569               1
       10022       30020   45.7213707      -15.1863403               1
       10022       30021   76.3838501      -13.4718981               1
       10022       40021   64.0226822      -12.9229631               1
       10022       50021   61.2951469      -13.2365322               1
       10022       60021   59.1996231      -13.1178493               1
       10022       70021   57.9933968      -13.1019754               1
       10022       80021   57.2128143      -13.0227623               1
       10022       90021   56.7293167      -13.0362148               1
       10022      100021   55.7955017      -12.9178572               1
       10022      110021   55.4565353      -12.9424868               1
       10022      120021   54.9934120      -12.8844585               1
       10020       20021   113.043617      -14.6033459               1
       10022       20021   105.822670      -13.5244846               1
       20021       30012   50.3875313      -10.9313250               1
       20021       30013   50.9635429      -10.9873028               1
       20021       30014   51.4339371      -10.9806805               1
       20021       30015   52.2979965      -11.0140629               1
       20021       30016   53.0496254      -10.9756088               1
       20021       30017   55.8352547      -11.2049007               1
       20021       30018   58.8230209      -10.9252634               1
       20021       30019   66.4869003      -9.71233940               1
       20021       30020   112.565353      -13.1280260               1
       20021       40020   77.1892700      -13.7932043               1
       20021       50020   71.3966904      -14.7570820               1
       20021       60020   67.7825089      -14.8561792               1
       20021       70020   65.9921875      -14.9578753               1
       20021       80020   64.9193726      -14.9261465               1
       20021       90020   64.2878647      -14.9739523               1
       20021      100020   63.1362305      -14.9001379               1
       20021      110020   62.7294960      -14.9449911               1
       10020       20023   60.2176018      -13.7354927               1
       10022       20023   86.8840561      -10.4329567               1
       20023       30012   49.9997673      -10.8807878               1
       20023       30013   50.4425735      -10.9255600               1
       20023       30014   50.7669678      -10.9216089               1
       20023       30015   51.2765617      -10.9402905               1
       20023       30016   51.6395149      -10.9188604               1
       20023       30017   52.7336349      -11.0100250               1
       20023       30018   53.6447067      -10.9166718               1
       20023       30019   55.0977783      -10.6409416               1
       20023       30020   59.7599297      -10.9493885               1
       20023       30021   65.9513626      -10.2260303               1
       10020       30022   45.7110786      -15.1908741               1
       20021       30022   105.348816      -11.9438257               1
       20023       30022   86.4323044      -8.49028015               1
       30022       40020   58.6882744      -10.2400818               1
       30022       40021   89.3586502      -10.4711151               1
       30022       50014   16.4173412      -12.1733961               1
       30022       50015   17.1327763      -12.2317438               1
       30022       50016   17.6934471      -12.1318569               1
       30022       50020   40.0225525      -14.0654345               1
       30022       50021   70.6928482      -12.6978264               1
       30022       60021   62.9836426      -12.8754826               1
       30022       70021   60.0259857      -13.0455360               1
       30022       80021   58.4713364      -12.9748039               1
       30022       90020   26.9625263      -15.4262781               1
       30022       90021   57.6327591      -13.0245628               1
       30022      100020   25.6002064      -15.2616053               1
       30022      100021   56.2704544      -12.8914995               1
       30022      110020   25.1583271      -15.3995409               1
       30022      110021   55.8285675      -12.9348984               1
       30022      120021   55.2627602      -12.8732872               1
       10022       30024   37.3282585      -13.1199055               1
       20021       30024   59.3018036      -11.0747700               1
       20023       30024   120.546494      -13.1560106               1
       30024       50023   85.9297562      -14.2650824               1
       30024       60023   78.2401276      -14.5639181               1
       30024       70023   75.3077774      -14.7660332               1
       30024       80023   73.7794037      -14.7474556               1
       30024       90023   72.9659271      -14.8050270               1
       30024      100023   71.6900177      -14.7399902               1
       30024      110023   71.2951508      -14.7820082               1
       30024      120023   70.8123093      -14.7538500               1
       30024      130023   70.3593597      -14.7431536               1
       30024      140023   70.0454636      -14.7597494               1
       30024       40023   104.585022      -12.0834332               1
       40023       50014   75.5113449      -16.3022919               1
       40023       50015   76.1035843      -16.2793522               1
       40023       50016   76.5000610      -16.2375374               1
       40023       50017   77.6509552      -16.2270279               1
       40023       50018   78.5900803      -16.1009293               1
       40023       50019   80.0642242      -15.8153200               1
       40023       50020   84.7507248      -15.7495642               1
       40023       50021   90.9540634      -14.8971596               1
       40023       50022   111.444748      -12.6924829               1
       40023       60015   22.8005257      -14.7706261               1
       40023       60016   23.1970081      -14.6585121               1
       40023       60020   31.4477253      -13.7577133               1
       20023       40025   40.3904648      -13.1654882               1
       30024       40025   90.7756271      -10.3840008               1
       40025       50014   75.1903000      -16.3202362               1
       40025       50015   75.6509476      -16.3086796               1
       40025       50016   75.9258423      -16.2845936               1
       40025       50017   76.6333313      -16.2967739               1
       40025       50018   77.1420212      -16.2452831               1
       40025       50019   77.7917404      -16.1516914               1
       40025       50020   79.3677597      -16.2109680               1
       40025       50021   80.8932266      -16.0575275               1
       40025       50022   83.9034271      -15.8572454               1
       40025       50023   100.805130      -16.1277027               1
       40025       60015   22.3610630      -14.8407907               1
       40025       60016   22.6359539      -14.7778273               1
       40025       60017   23.3434448      -14.8634796               1
       40025       60018   23.8521366      -14.7275190               1
       40025       60019   24.5018730      -14.4706192               1
       40025       60020   26.0778790      -14.7526255               1
       40025       60021   27.6033649      -14.3835516               1
       40025       60022   30.6135883      -13.9992342               1
       40025       60023   47.5152473      -15.2339325               1
       40025       60024   78.5079880      -13.3005228               1
       40025       70024   67.0977478      -13.3908291               1
       40025       80024   62.8166008      -13.0475435               1
       40025       90024   60.9619560      -13.0538893               1
       40025      100023   27.7253036      -15.4940081               1
       40025      100024   58.7180748      -12.7717009               1
       40025      110024   58.1390457      -12.8203363               1
       40025      120024   57.5045395      -12.7432127               1
       40025      130024   56.9553375      -12.6968756               1
       40025      140024   56.6076088      -12.7012157               1
       40025      150024   56.1469612      -12.6870966               1
       20023       50024   79.4079666      -14.6362505               1
       40023       50024   145.587708      -15.5716591               1
       40025       50024   131.797699      -14.7658558               1
       30024       50026   33.8395119      -11.7770576               1
       40023       50026   86.0886154      -16.0090637               1
       40025       50026   115.137207      -14.9304838               1
       50026       60015   45.0783005      -10.0702677               1
       50026       60016   45.3270569      -10.0641174               1
       50026       60017   45.9188805      -10.1525517               1
       50026       60018   46.3151588      -10.1327858               1
       50026       60019   46.7709923      -10.0796671               1
       50026       60020   47.7342339      -10.2419605               1
       50026       60021   48.5511475      -10.1807919               1
       50026       60022   49.9047318      -10.1694126               1
       50026       60023   55.7979050      -10.7946339               1
       50026       60024   63.2292557      -10.5052528               1
       50026       70024   35.2759209      -12.7673025               1
       50026      120024   19.5860806      -11.7874937               1
       50026      150024   18.1509686      -11.5855474               1
       30024       60025   64.4303741      -12.7012520               1
       40023       60025   47.4948807      -15.2356386               1
       50026       60025   84.8467407      -11.1168232               1
       60025       70016   54.1466904      -16.7988472               1
       60025       70017   54.9332275      -16.8132381               1
       60025       70018   55.4792290      -16.7328987               1
       60025       70019   56.1559105      -16.5941238               1
       60025       70020   57.7613792      -16.6655293               1
       60025       70021   59.3011665      -16.4421768               1
       60025       70022   62.3233643      -16.1534920               1
       60025       70023   79.2448730      -16.4350872               1
       60025       70024   110.247574      -14.7199821               1
       60025       80017   21.4535122      -16.0939903               1
       60025       80018   21.9995174      -15.9092360               1
       60025       80019   22.6762066      -15.5901518               1
       60025       80020   24.2816677      -15.8263922               1
       60025       80021   25.8214703      -15.3634844               1
       60025       80022   28.8436852      -14.8527393               1
       60025       80023   45.7651711      -15.8212833               1
       60025       80024   76.7680054      -13.6060810               1
       60025       90018   12.9948502      -17.5629940               1
       60025       90019   13.6715269      -16.9518948               1
       60025       90020   15.2769947      -17.1842747               1
       60025       90021   16.8167820      -16.3491669               1
       60025       90022   19.8389854      -15.4564447               1
       60025       90023   36.7604866      -16.3843441               1
       60025       90024   67.7632904      -13.6171646               1
       60025      100023   29.8692493      -15.3869219               1
       60025      100024   60.8721695      -12.8144760               1
       60025      110023   28.5786152      -15.7645369               1
       60025      110024   59.5815086      -12.9398775               1
       60025      120023   27.4139786      -15.5969477               1
       60025      120024   58.4168892      -12.8049173               1
       60025      130023   26.5228462      -15.5095310               1
       60025      130024   57.5257683      -12.7213612               1
       60025      140023   26.0197353      -15.5630798               1
       60025      140024   57.0226555      -12.7211952               1
       60025      150024   56.4264412      -12.6976633               1
       50026       60027   88.8048019      -11.0916357               1
       60027       70016   53.8353119      -16.8058548               1
       60027       70017   54.4219437      -16.8125629               1
       60027       70018   54.7932854      -16.7543583               1
       60027       70019   55.1910591      -16.6705284               1
       60027       70020   55.9603577      -16.6889896               1
       60027       70021   56.5642967      -16.5762081               1
       60027       70022   57.4717598      -16.4667778               1
       60027       70023   60.9024277      -16.4090080               1
       60027       70024   64.5343628      -15.8854980               1
       60027       70025   72.3646164      -15.4698944               1
       60027       80024   31.0666294      -14.3907175               1
       60027       80026   64.1170883      -13.4164963               1
       60027       90026   55.1233673      -13.3986530               1
       60027      100026   48.2680054      -12.3611631               1
       60027      110026   46.9957237      -12.5073576               1
       60027      120026   45.8620148      -12.3304758               1
       60027      130026   45.0086975      -12.2186451               1
       60027      140026   44.5411034      -12.2127638               1
       60027      150026   44.0152550      -12.1808977               1
       60027      160026   43.7496681      -12.1959772               1
       60027      170026   43.1630478      -12.1248665               1
       60025       70026   93.6065903      -14.9149332               1
       60027       70026   97.5847244      -14.7391376               1
       70026       80017   65.9700851      -12.7974520               1
       70026       80018   66.4290771      -12.7667255               1
       70026       80019   66.9290543      -12.7101402               1
       70026       80020   67.9391251      -12.7930145               1
       70026       80021   68.7783966      -12.7179804               1
       70026       80022   70.1504135      -12.6615915               1
       70026       80023   76.0734558      -12.9301796               1
       70026       80024   83.5198517      -12.5207109               1
       70026       80025   105.152184      -12.6006804               1
       70026       90018   28.0628166      -16.0803413               1
       70026       90019   28.5627804      -15.8897476               1
       70026       90020   29.5728607      -15.9715366               1
       70026       90021   30.4121170      -15.7141285               1
       70026       90022   31.7841110      -15.4603405               1
       70026       90023   37.7071877      -15.5625820               1
       70026       90024   45.1534958      -14.3710785               1
       70026       90025   66.7858124      -13.8976421               1
       70026      100024   26.0986404      -11.7634821               1
       70026      110024   23.4026527      -12.6619701               1
       70026      120024   21.3854713      -12.1796255               1
       70026      130024   20.0177746      -11.8224392               1
       70026      140024   19.3314476      -11.7993250               1
       70026      150024   18.6188602      -11.6846466               1
       60025       70028   64.1334457      -15.8698854               1
       60027       70028   88.1681747      -13.9572287               1
       70028       80017   65.6661301      -12.7872953               1
       70028       80018   66.0312271      -12.7631903               1
       70028       80019   66.3927155      -12.7239895               1
       70028       80020   67.0273972      -12.7738066               1
       70028       80021   67.4885406      -12.7258101               1
       70028       80022   68.1202469      -12.6972532               1
       70028       80023   70.2233124      -12.7640257               1
       70028       80024   72.1746674      -12.5814505               1
       70028       80025   75.6929626      -12.5094080               1
       70028       80026   83.5938416      -12.3498507               1
       70028       90018   27.6726685      -16.1175652               1
       70028       90020   28.6688328      -16.0258312               1
       70028       90021   29.1299667      -15.8631516               1
       70028       90023   31.8647308      -15.6781111               1
       70028       90024   33.8160439      -15.1202784               1
       70028       90027   61.3698463      -12.4311056               1
       70028      100027   42.3397980      -9.95479012               1
       70028      110027   39.6562004      -10.3619041               1
       70028      120027   37.6596527      -9.96979237               1
       70028      130027   36.3167343      -9.69357681               1
       70028      140027   35.6530342      -9.64050865               1
       70028      150027   34.9837074      -9.54043674               1
       70028      160027   34.6784439      -9.53845310               1
       70028      170027   34.0626259      -9.39329720               1
       70028      180027   33.6975174      -9.40375805               1
       50026       80027   52.8421364      -12.4346924               1
       70026       80027   109.131348      -12.5276499               1
       70028       80027   99.7286224      -11.6280661               1
       80027       90018   69.9385986      -15.6331730               1
       80027       90019   70.3917923      -15.5692348               1
       80027       90020   71.2181396      -15.5999889               1
       80027       90021   71.8488846      -15.5172749               1
       80027       90022   72.7780838      -15.4438124               1
       80027       90023   76.2432327      -15.4457369               1
       80027       90024   79.8924484      -15.0655451               1
       80027       90025   87.7394943      -14.7965059               1
       80027       90026   112.975243      -14.3162899               1
       80027      100026   57.8665504      -11.7407064               1
       80027      110026   52.1780052      -12.7780724               1
       80027      120026   48.6652069      -12.5008974               1
       80027      130026   46.5324440      -12.2869873               1
       80027      140026   45.5605927      -12.2785950               1
       80027      150026   44.6505432      -12.2200632               1
       80027      160026   44.2570267      -12.2391319               1
       80027      170026   43.4889107      -12.1399469               1
       70026       80029   77.8367767      -12.9220762               1
       70028       80029   113.111336      -12.8305883               1
       80029       90018   69.6506424      -15.6569586               1
       80029       90019   70.0120010      -15.6116657               1
       80029       90020   70.6044540      -15.6424494               1
       80029       90021   71.0141754      -15.5932016               1
       80029       90022   71.5458069      -15.5636663               1
       80029       90023   73.1963348      -15.6002569               1
       80029       90024   74.6323166      -15.4637451               1
       80029       90025   77.0260468      -15.4237585               1
       80029       90026   81.6905823      -15.3757839               1
       80029       90027   88.6963730      -15.1333914               1
       80029      100028   61.8792534      -12.3448896               1
       80029      110028   56.2007179      -13.3679466               1
       80029      120028   52.7042885      -13.1520271               1
       80029      130028   50.5909843      -12.9822359               1
       80029      140028   49.6366119      -12.9859076               1
       80029      150028   48.7592468      -12.9434357               1
       80029      160028   48.3916130      -12.9628677               1
       80029      170028   47.7043266      -12.8853340               1
       80029      180028   47.3175316      -12.9140215               1
       80029      190028   46.9561691      -12.9604435               1
       60027       90028   45.7069588      -11.6141920               1
       80027       90028   103.575485      -13.6126356               1
       80029       90028   116.968071      -14.5473490               1
       90028      100020   31.7311153      -3.17541385               1
       90028      100027   64.5737610      -6.28551817               1
       90028      110027   48.6487198      -9.94071388               1
       90028      120027   41.8449974      -9.89652348               1
       90028      130027   38.3352470      -9.65035820               1
       90028      140027   36.9106064      -9.66387081               1
       90028      150027   35.7162018      -9.56180000               1
       90028      160027   35.2488785      -9.57739162               1
       90028      170027   34.4181557      -9.40305424               1
       90028      180027   33.9610519      -9.42138100               1
       80027       90030   78.5208740      -14.8275051               1
       80029       90030   102.206253      -10.7444267               1
       70028      100029   55.7224121      -12.7976637               1
       90028      100029   77.9690628      -8.94760799               1
      100029      110020   76.2720184      -17.4424133               1
      100029      110021   76.7482071      -17.3784962               1
      100029      110022   77.3306427      -17.3372841               1
      100029      110023   79.0564270      -17.3367901               1
      100029      110024   80.5284882      -17.1761799               1
      100029      110026   87.6517563      -16.9575882               1
      100029      110027   94.6730499      -16.6135197               1
      100029      110028   122.961067      -15.7157001               1
      100029      120028   74.8310471      -14.5115414               1
      100029      130028   58.8560982      -13.3546734               1
      100029      140028   54.0157928      -13.2545033               1
      100029      150028   50.9268837      -13.0481348               1
      100029      160028   49.9726982      -13.0800285               1
      100029      170028   48.6105042      -12.9109249               1
      100029      180028   47.9584923      -12.9478722               1
      100029      190028   47.4328423      -13.0018034               1
       90030      100031   90.7407303      -12.2684889               1
      100031      110020   75.7857819      -17.4545097               1
      100031      110021   76.1201096      -17.4061012               1
      100031      110022   76.4806595      -17.3794727               1
      100031      110023   77.3740997      -17.3712063               1
      100031      110024   78.0273056      -17.2873287               1
      100031      110025   78.9429321      -17.2417164               1
      100031      110026   80.3316879      -17.1767139               1
      100031      110027   81.7527771      -17.0553932               1
      100031      110028   85.1422119      -16.7453232               1
      100031      110029   90.9130707      -15.7540140               1
      100031      120021   28.0081043      -17.0960979               1
      100031      120024   29.9153042      -16.8060665               1
      100031      120030   87.6580887      -17.1408920               1
      100031      130030   71.7040863      -16.7771778               1
      100031      140030   66.8821335      -16.9426689               1
      100031      150030   63.8260841      -16.9555950               1
      100031      160030   62.8967056      -17.0378170               1
      100031      170030   61.6082687      -16.9941235               1
      100031      180030   61.0128632      -17.0601234               1
      100031      190030   60.5605049      -17.1252117               1
      100031      200030   59.9843140      -17.1021252               1
      100031      210030   59.6499825      -17.1619244               1
      100029      110030   108.229103      -12.2845011               1
      100031      110030   135.770096      -17.2988243               1
      110030      120021   58.5170441      -14.3445644               1
      110030      120022   58.9609337      -14.3115864               1
      110030      120023   60.1036682      -14.3142757               1
      110030      120024   60.9763031      -14.1778803               1
      110030      120025   62.2639961      -14.0938110               1
      110030      120026   64.3822403      -13.9410629               1
      110030      120027   66.8487778      -13.6200552               1
      110030      120028   73.8194504      -12.6504107               1
      110030      120029   90.5690308      -9.32863045               1
      110030      130029   51.8437462      -4.88086843               1
      110030      140029   42.6246796      -3.41783166               1
      100029      110032   84.5815353      -16.3719292               1
      100031      110032   123.735916      -14.9677353               1
      110032      120021   58.1924248      -14.3795490               1
      110032      120022   58.5310326      -14.3614674               1
      110032      120023   59.3033676      -14.3834982               1
      110032      120024   59.8340378      -14.3139400               1
      110032      120025   60.5357132      -14.2948427               1
      110032      120026   61.5186844      -14.2703342               1
      110032      120027   62.4180565      -14.1982365               1
      110032      120028   64.3046417      -14.0194616               1
      110032      120029   66.9374847      -13.4491625               1
      110032      120030   82.3660965      -14.5081730               1
      110032      130031   67.3723602      -11.5140734               1
       90030      120031   68.0433121      -16.4896984               1
      110030      120031   118.103745      -15.7819271               1
      110032      120031   106.086075      -12.8897963               1
      120031      130022   49.5305405      -14.2013702               1
      120031      130023   50.5134277      -14.2530327               1
      120031      130024   51.2076569      -14.1607265               1
      120031      130025   52.1608391      -14.1484385               1
      120031      130026   53.5827217      -14.1338339               1
      120031      130027   55.0200577      -14.0327539               1
      120031      130028   58.4262810      -13.7565775               1
      120031      130029   64.2069321      -12.6203289               1
      120031      130030   109.083748      -15.8334684               1
      120031      140023   21.2689266      -15.0649891               1
      120031      140024   21.9631500      -14.8241091               1
      120031      140030   79.8393326      -16.6286716               1
      120031      150030   68.3892517      -16.7389164               1
      120031      160030   65.7947617      -16.9699192               1
      120031      170030   63.0268250      -16.8945904               1
      120031      180030   61.9303627      -17.0149479               1
      120031      190030   61.2026901      -17.1118259               1
      120031      200030   60.4042244      -17.0777283               1
      120031      210030   59.9789581      -17.1543064               1
      110030      120033   69.2460175      -14.1186342               1
      110032      120033   97.4050827      -13.1889086               1
      120033      130022   49.1657143      -14.2114534               1
      120033      130023   49.8619690      -14.2447872               1
      120033      130024   50.3045197      -14.1789618               1
      120033      130025   50.8503647      -14.1661062               1
      120033      130026   51.5491791      -14.1502151               1
      120033      130027   52.1153069      -14.0958319               1
      120033      130028   53.1559448      -13.9661770               1
      120033      130029   54.3759537      -13.6105709               1
      120033      130030   60.2500572      -13.9643946               1
      120033      130031   66.6969833      -13.0314236               1
      120033      140031   37.4630432      -12.5382900               1
      120033      140032   59.1774597      -12.6572361               1
      120033      150032   47.7458344      -11.8634291               1
      120033      160032   45.1646843      -11.9193592               1
      120033      170031   20.7209778      -10.0390186               1
      120033      170032   42.4353523      -11.4837828               1
      120033      180032   41.3674393      -11.5189772               1
      120033      190032   40.6748848      -11.5617332               1
      120033      200032   39.9513435      -11.4146767               1
      120033      210032   39.5855980      -11.4648619               1
      120033      220031   17.5314045      -9.72209930               1
      120033      220032   39.2457733      -11.4596310               1
      120033      230032   38.5495262      -11.3668137               1
      120031      130032   97.0678940      -12.6795492               1
      120033      130032   88.4114075      -12.9899216               1
      130032      140023   51.4242439      -13.1784887               1
      130032      140024   52.0140038      -13.1072388               1
      130032      140025   52.7689133      -13.1063824               1
      130032      140026   53.7981529      -13.1059580               1
      130032      140027   54.7198944      -13.0447540               1
      130032      140028   56.6292801      -12.8817139               1
      130032      140029   59.2750397      -12.2869921               1
      130032      140030   74.7306213      -13.6984262               1
      130032      140031   98.4631042      -12.1490831               1
      130032      150031   63.3456650      -11.3992414               1
      120031      130034   58.7273369      -13.3880396               1
      120033      130034   94.8213425      -11.2217636               1
      130034      140023   50.9555130      -13.1879902               1
      130034      140024   51.3759499      -13.1389771               1
      130034      140025   51.8672295      -13.1438026               1
      130034      140026   52.4553032      -13.1509790               1
      130034      140027   52.8904457      -13.1237583               1
      130034      140028   53.6133080      -13.0524797               1
      130034      140029   54.3545303      -12.8439999               1
      130034      140030   57.4207726      -13.0142822               1
      130034      140031   60.1417122      -12.5015478               1
      130034      140032   66.4129181      -12.3246984               1
      130034      150024   16.2734394      -12.3546543               1
      130034      150032   31.3104515      -11.0041542               1
      130034      150033   61.1322136      -9.08986664               1
      130034      160033   55.3125191      -9.09883022               1
      130034      170033   50.4165306      -8.31242466               1
      130034      180033   48.7211304      -8.28427410               1
      130034      190033   47.7258682      -8.27501583               1
      130034      200033   46.7977333      -8.05261326               1
      130034      210033   46.3611183      -8.07485008               1
      130034      220033   45.9841919      -8.03956127               1
      130034      230033   45.2793350      -7.89894056               1
      130034      240033   44.8588943      -7.90550232               1
      110032      140033   49.4828186      -11.8360777               1
      130032      140033   89.8054581      -12.4034796               1
      130034      140033   96.2345123      -10.6994467               1
      140033      150024   35.6387062      -9.31011772               1
      140033      150025   36.2430420      -9.37245655               1
      140033      150026   36.9916763      -9.44934368               1
      140033      150027   37.5814590      -9.44732380               1
      140033      150028   38.6458244      -9.39616871               1
      140033      150029   39.8791122      -9.04901505               1
      140033      150030   45.7804565      -10.1065044               1
      140033      150031   52.2400017      -9.38991928               1
      140033      150032   73.9653702      -10.4104061               1
      140033      160030   28.0502548      -12.4418783               1
      140033      160031   34.5097237      -10.9199963               1
      140033      160032   56.2351608      -11.6711130               1
      140033      170031   24.6005154      -9.57870388               1
      140033      170032   46.3259163      -11.1195116               1
      140033      180031   21.7302971      -9.97007656               1
      140033      180032   43.4557152      -11.4169893               1
      140033      190031   20.2347679      -10.1902571               1
      140033      190032   41.9601936      -11.5747375               1
      140033      200031   18.9845486      -9.67645645               1
      140033      200032   40.7099609      -11.3776522               1
      140033      210031   18.4261093      -9.84024048               1
      140033      210032   40.1515274      -11.4764757               1
      140033      220031   17.9611816      -9.79947853               1
      140033      220032   39.6865997      -11.4771967               1
      140033      230032   38.8357773      -11.3702450               1
      130032      140035   60.3947029      -12.8042259               1
      130034      140035   90.8028946      -10.7946205               1
      140035      150024   35.3017807      -9.33240509               1
      140035      150025   35.7760925      -9.39784241               1
      140035      150026   36.3177795      -9.47808361               1
      140035      150027   36.6950645      -9.49530888               1
      140035      150028   37.2814140      -9.49255371               1
      140035      150029   37.8332024      -9.34303284               1
      140035      150030   39.9021225      -9.75586605               1
      140035      150031   41.5230408      -9.46973419               1
      140035      150032   44.5652733      -9.63462257               1
      140035      150033   54.5030708      -9.21643829               1
      140035      160034   57.2493172      -9.12903404               1
      140035      170034   47.3586655      -8.05847549               1
      140035      180034   44.5018272      -8.14986801               1
      140035      190034   43.0222092      -8.18699551               1
      140035      200034   41.8044167      -7.89767456               1
      140035      210034   41.2706909      -7.94291353               1
      140035      220034   40.8396301      -7.90160179               1
      140035      230034   40.0940094      -7.73133230               1
      140035      240034   39.6713409      -7.73462820               1
      140035      250034   39.1970329      -7.65556765               1
      120033      150034   54.1560478      -8.90090466               1
      140033      150034   80.3948746      -8.53076267               1
      140035      150034   74.9730988      -8.48695660               1
      150034      160025   59.5641022      -13.5985937               1
      150034      160026   60.2248459      -13.6021910               1
      150034      160027   60.6933441      -13.5748825               1
      150034      160028   61.4486618      -13.5065956               1
      150034      160029   62.2075081      -13.3158760               1
      150034      160030   65.3094101      -13.4466267               1
      150034      160031   68.0463104      -12.9736633               1
      150034      160032   74.3314896      -12.7762918               1
      150034      160033   104.168144      -11.1453218               1
      150034      170026   17.9857006      -9.33507156               1
      150034      170027   18.4542007      -9.35358715               1
      150034      170028   19.2095299      -9.30113029               1
      150034      170029   19.9684181      -8.86680222               1
      150034      170030   23.0702648      -9.83513641               1
      150034      170031   25.8072624      -8.97107697               1
      150034      170032   32.0924530      -9.29782486               1
      150034      170033   61.9294167      -8.23033714               1
      150034      180032   23.8167725      -10.1043682               1
      150034      180033   53.6537132      -8.42370796               1
      150034      190033   50.3119240      -8.48297501               1
      150034      200033   48.1360474      -8.06366348               1
      150034      210033   47.2928085      -8.14759445               1
      150034      220033   46.6775131      -8.10615444               1
      150034      230033   45.7100677      -7.92854166               1
      150034      240033   45.1843109      -7.94229746               1
      140033      150036   44.8084488      -8.77391624               1
      140035      150036   68.9888458      -5.61357498               1
      150036      160025   59.1762276      -13.6225052               1
      150036      160026   59.6870308      -13.6331310               1
      150036      160027   60.0146561      -13.6201267               1
      150036      160028   60.4825706      -13.5859604               1
      150036      160029   60.8820610      -13.4879255               1
      150036      160030   62.2339745      -13.5419044               1
      150036      160031   63.1834068      -13.3403196               1
      150036      160032   64.7036438      -13.2450600               1
      150036      160033   68.5973206      -12.6595612               1
      150036      160034   74.1861649      -11.6897411               1
      150036      170026   17.4664307      -9.31532955               1
      150036      170027   17.7940559      -9.35096931               1
      150036      170028   18.2619781      -9.34719658               1
      150036      170029   18.6614876      -9.11810589               1
      150036      170031   20.9628506      -9.15294170               1
      150036      170032   22.4830990      -9.16193581               1
      150036      170035   50.5630836      -4.18691301               1
      150036      180035   42.3006325      -3.64165378               1
      150036      190035   38.9742165      -3.30784535               1
      150036      200035   36.8287582      -2.46467924               1
      150036      210035   36.0079842      -2.44492412               1
      150036      220035   35.4224968      -2.29640675               1
      150036      230035   34.5433998      -1.92814708               1
      150036      240035   34.0872612      -1.85954726               1
      150036      250035   33.6077652      -1.68389249               1
      150036      260035   33.0970039      -1.48047972               1
      130034      160035   49.8808899      -9.09778976               1
      150034      160035   98.7511902      -11.2566242               1
      150036      160035   92.7824631      -9.29817677               1
      160035      170026   39.2647820      -6.88637733               1
      160035      170027   39.6823082      -6.93226099               1
      160035      170028   40.3068886      -6.97114944               1
      160035      170029   40.8790398      -6.86417294               1
      160035      170030   42.9882736      -7.37750816               1
      160035      170031   44.6270866      -7.19552326               1
      160035      170032   47.6847725      -7.49717712               1
      160035      170033   57.6391373      -7.47118139               1
      160035      170034   78.1186371      -7.22839928               1
      160035      180034   54.3487740      -8.15140629               1
      160035      190034   47.3661537      -8.45727253               1
      160035      200034   43.7849770      -7.83194399               1
      160035      210034   42.5568085      -8.01910305               1
      160035      220034   41.7535553      -7.97868919               1
      160035      230034   40.6362686      -7.75994492               1
      160035      240034   40.0734215      -7.77784157               1
      160035      250034   39.4856911      -7.68782997               1
      150034      160037   68.1931686      -12.9921036               1
      150036      160037   119.294868      -15.3117085               1
      160037      170026   38.8246002      -6.84899712               1
      160037      170027   39.1353035      -6.89342213               1
      160037      170028   39.5546951      -6.93550396               1
      160037      170029   39.8908005      -6.88335896               1
      160037      170030   40.9543724      -7.18263197               1
      160037      170031   41.6526299      -7.10965014               1
      160037      170032   42.6672783      -7.25104952               1
      160037      170033   44.9128227      -7.26151371               1
      160037      170034   47.5857697      -7.13071918               1
      160037      170035   53.7517128      -6.93184566               1
      160037      180035   29.9943562      -8.36879444               1
      160037      180036   74.9304657      -15.4596462               1
      160037      190036   67.9625168      -16.4210148               1
      160037      200036   64.4090729      -16.4386139               1
      160037      210036   63.2013893      -16.7279434               1
      160037      220036   62.4246750      -16.8095531               1
      160037      230036   61.3839760      -16.8219395               1
      160037      240036   60.8802109      -16.9059124               1
      160037      250035   15.4391279      -7.42483139               1
      160037      250036   60.3755569      -16.9277020               1
      160037      260036   59.8635254      -16.9397869               1
      160037      270036   59.5528183      -16.9632397               1
      140035      170036   41.3747063      -3.20536494               1
      160035      170036   72.1510773      -4.37704420               1
      160037      170036   98.6869278      -12.9700079               1
      170036      180027   59.9921989      -12.5340309               1
      170036      180028   60.5304375      -12.5110626               1
      170036      180029   60.9660034      -12.4159355               1
      170036      180030   62.3869209      -12.5034332               1
      170036      180031   63.3662834      -12.3146286               1
      170036      180032   64.9119339      -12.2459898               1
      170036      180033   68.8322372      -11.7197304               1
      170036      180034   74.4360809      -10.8235807               1
      170036      180035   93.0425110      -8.61132812               1
      170036      190035   54.5869484      -6.91229057               1
      170036      200035   42.4685936      -3.33667278               1
      170036      210035   39.1951180      -3.37965536               1
      170036      220035   37.4822044      -2.99677134               1
      170036      240035   34.8718910      -2.16653109               1
      170036      250035   34.1495285      -1.90360987               1
      170036      260035   33.4565735      -1.61971533               1
      160035      170038   47.2592545      -7.04504347               1
      160037      170038   85.1213989      -10.2705803               1
      170038      180027   59.6556549      -12.5710430               1
      170038      180028   60.0791702      -12.5672064               1
      170038      180029   60.3908195      -12.5116014               1
      170038      180030   61.2997246      -12.6100655               1
      170038      180031   61.8566933      -12.5265675               1
      170038      180032   62.5958939      -12.5431175               1
      170038      180033   64.0338898      -12.4467182               1
      170038      180034   65.5136108      -12.2875977               1
      170038      180035   68.1719589      -12.0054979               1
      170038      180036   81.9024582      -13.3986816               1
      170038      190037   67.5867538      -13.8464956               1
      170038      200037   55.4865417      -12.6238375               1
      170038      220037   50.5317917      -13.2821493               1
      170038      240037   48.0092392      -13.2254601               1
      170038      250037   47.3390274      -13.1978025               1
      170038      260037   46.7191658      -13.1527195               1
      170038      270037   46.3767586      -13.1490974               1
      170038      280037   45.9532433      -13.1594419               1
      150036      180037   68.8118668      -16.2462482               1
      160035      180037   29.9622631      -8.36685658               1
      170036      180037   119.578766      -14.7636309               1
      170038      180037   106.032410      -12.8238745               1
      180037      190028   45.6943779      -11.8977509               1
      180037      190029   46.0792046      -11.8072815               1
      180037      190030   47.2342720      -11.9715080               1
      180037      190031   47.9717255      -11.8314924               1
      180037      190032   49.0193710      -11.8598862               1
      180037      190035   60.1694641      -10.7237387               1
      180037      190036   105.124779      -14.7721176               1
      180037      200036   75.1839066      -14.6552496               1
      180037      210036   68.6117477      -16.2154503               1
      180037      220036   65.6824951      -16.5677967               1
      180037      230036   63.0261192      -16.6487389               1
      180037      240036   62.0145988      -16.8360291               1
      180037      250035   16.1885338      -7.69862890               1
      180037      250036   61.1440697      -16.8831940               1
      180037      260036   60.3670197      -16.9028778               1
      180037      270036   59.9470291      -16.9324322               1
      170036      180039   69.1556015      -12.2618465               1
      170038      180039   90.2473068      -10.5161781               1
      180039      190028   45.2836876      -11.8924952               1
      180039      190029   45.5680084      -11.8268852               1
      180039      190030   46.3326912      -11.9364882               1
      180039      190031   46.7703400      -11.8465567               1
      180039      190032   47.3010941      -11.8601265               1
      180039      190033   48.2094154      -11.7672691               1
      180039      190036   54.7240562      -11.6161194               1
      180039      190037   60.1602364      -10.8346529               1
      180039      200038   45.8981590      -6.23560953               1
      180039      210038   39.3394966      -7.55040026               1
      180039      220038   36.4280930      -7.49106026               1
      180039      230038   33.8213882      -6.94317579               1
      180039      250037   16.3676224      -8.17212963               1
      180039      250038   32.0259171      -6.83298063               1
      180039      260037   15.6585608      -7.84327078               1
      180039      260038   31.3168621      -6.63822985               1
      180039      270037   15.2945633      -7.72229624               1
      180039      270038   30.9528675      -6.56428242               1
      180039      280037   14.8766479      -7.61463451               1
      180039      280038   30.5349541      -6.49598026               1
      180039      290038   30.2506218      -6.54408979               1
      180037      190038   91.5801697      -12.5282593               1
      180039      190038   75.8183746      -9.71912193               1
      190038      200036   63.0142136      -4.04827690               1
      190038      200037   87.1537933      -5.93694782               1
      190038      210037   62.6344566      -11.3288374               1
      190038      220037   55.5793343      -12.4416838               1
      190038      250037   48.2021904      -13.0708361               1
      190038      260037   47.2546387      -13.0639677               1
      190038      270037   46.7857704      -13.0787630               1
      190038      280037   46.2561111      -13.1056242               1
      180039      190040   91.5905533      -13.0519714               1
      190040      200038   57.0203171     -0.991481245               1
      190040      210039   62.6788750      -12.0940084               1
      190040      220039   55.6379204      -13.3025112               1
      190040      230039   50.9655266      -13.6080875               1
      190040      240039   49.4892616      -13.9802313               1
      190040      250039   48.3649864      -14.0604448               1
      190040      260039   47.4677849      -14.0734663               1
      190040      270039   47.0393181      -14.0954638               1
      190040      280039   46.5785789      -14.1269598               1
      190040      290039   46.2834816      -14.2090664               1
      190040      300039   45.5340576      -14.1364145               1
      170038      200039   39.7018051      -7.29859352               1
      190038      200039   71.3912811      -1.49748778               1
      190040      200039   87.1866455      -6.48969269               1
      200039      210030   63.0282555      -14.9341545               1
      200039      210031   63.5354195      -14.8356638               1
      200039      210032   64.1217194      -14.8230400               1
      200039      210033   65.0846176      -14.7117996               1
      200039      210034   65.9283447      -14.5675230               1
      200039      210035   67.1090546      -14.3251858               1
      200039      210036   71.6741943      -14.3250713               1
      200039      210037   77.1256104      -13.5225258               1
      200039      210038   92.7972336      -12.1573229               1
      200039      220032   26.1373329      -15.1164923               1
      200039      220038   54.8130379      -10.4499636               1
      200039      230038   39.6519852      -7.55489683               1
      200039      250037   18.2494678      -8.89662075               1
      200039      250038   33.9214668      -7.29908228               1
      200039      260038   32.3869591      -6.87491989               1
      200039      270038   31.7334747      -6.72932529               1
      200039      280038   31.0915775      -6.60927677               1
      200039      290038   30.7059231      -6.66348743               1
      180039      210040   55.1115074      -13.7099619               1
      200039      210040   108.594604      -14.6145792               1
      210040      220031   55.7927971      -12.9017544               1
      210040      220032   56.3372040      -12.9149075               1
      210040      220033   57.1682968      -12.8529997               1
      210040      220034   57.8486519      -12.7612381               1
      210040      220035   58.7041740      -12.6102715               1
      210040      220036   61.6203728      -12.7752857               1
      210040      220037   64.6411362      -12.4062195               1
      210040      220038   71.0015259      -12.0594530               1
      210040      220039   101.188919      -13.4979897               1
      210040      230039   61.5635529      -12.6390467               1
      210040      240039   54.7880363      -13.8635111               1
      210040      250038   20.9872608      -9.94668007               1
      210040      250039   51.1746025      -14.0374393               1
      210040      260038   18.7539711      -9.43810844               1
      210040      260039   48.9412918      -14.0292292               1
      210040      270038   17.8898048      -9.28669357               1
      210040      270039   48.0771179      -14.0554104               1
      210040      280038   17.1117439      -9.17557526               1
      210040      280039   47.2990570      -14.0936546               1
      210040      290038   16.6795483      -9.36110497               1
      210040      290039   46.8668823      -14.2050362               1
      210040      300039   45.8955917      -14.1061125               1
