861 3 42
8 800 4
12 40 2
11 80 2
1 -7.5 0
2 -4.9047 0
3 -3.1077 0
4 -1.8047 0
5 -0.8077 0
6 0 0
7 0.5 0
8 1 0
9 1.5 0
10 2 0
11 2.5 0
12 3 0
13 3.5 0
14 4 0
15 4.5 0
16 5 0
17 5.5 0
18 6 0
19 6.5 0
20 7 0
21 7.5 0
22 8 0
23 8.5 0
24 9 0
25 9.5 0
26 10 0
27 10.5 0
28 11 0
29 11.5 0
30 12 0
31 12.5 0
32 13 0
33 13.5 0
34 14 0
35 14.5 0
36 15 0
37 15.8077 0
38 16.8047 0
39 18.1077 0
40 19.9047 0
41 22.5 0
42 -7.5 -0.5
43 -4.9047 -0.5
44 -3.1077 -0.5
45 -1.8047 -0.5
46 -0.8077 -0.5
47 0 -0.5
48 0.5 -0.5
49 1 -0.5
50 1.5 -0.5
51 2 -0.5
52 2.5 -0.5
53 3 -0.5
54 3.5 -0.5
55 4 -0.5
56 4.5 -0.5
57 5 -0.5
58 5.5 -0.5
59 6 -0.5
60 6.5 -0.5
61 7 -0.5
62 7.5 -0.5
63 8 -0.5
64 8.5 -0.5
65 9 -0.5
66 9.5 -0.5
67 10 -0.5
68 10.5 -0.5
69 11 -0.5
70 11.5 -0.5
71 12 -0.5
72 12.5 -0.5
73 13 -0.5
74 13.5 -0.5
75 14 -0.5
76 14.5 -0.5
77 15 -0.5
78 15.8077 -0.5
79 16.8047 -0.5
80 18.1077 -0.5
81 19.9047 -0.5
82 22.5 -0.5
83 -7.5 -1
84 -4.9047 -1
85 -3.1077 -1
86 -1.8047 -1
87 -0.8077 -1
88 0 -1
89 0.5 -1
90 1 -1
91 1.5 -1
92 2 -1
93 2.5 -1
94 3 -1
95 3.5 -1
96 4 -1
97 4.5 -1
98 5 -1
99 5.5 -1
100 6 -1
101 6.5 -1
102 7 -1
103 7.5 -1
104 8 -1
105 8.5 -1
106 9 -1
107 9.5 -1
108 10 -1
109 10.5 -1
110 11 -1
111 11.5 -1
112 12 -1
113 12.5 -1
114 13 -1
115 13.5 -1
116 14 -1
117 14.5 -1
118 15 -1
119 15.8077 -1
120 16.8047 -1
121 18.1077 -1
122 19.9047 -1
123 22.5 -1
124 -7.5 -1.5
125 -4.9047 -1.5
126 -3.1077 -1.5
127 -1.8047 -1.5
128 -0.8077 -1.5
129 0 -1.5
130 0.5 -1.5
131 1 -1.5
132 1.5 -1.5
133 2 -1.5
134 2.5 -1.5
135 3 -1.5
136 3.5 -1.5
137 4 -1.5
138 4.5 -1.5
139 5 -1.5
140 5.5 -1.5
141 6 -1.5
142 6.5 -1.5
143 7 -1.5
144 7.5 -1.5
145 8 -1.5
146 8.5 -1.5
147 9 -1.5
148 9.5 -1.5
149 10 -1.5
150 10.5 -1.5
151 11 -1.5
152 11.5 -1.5
153 12 -1.5
154 12.5 -1.5
155 13 -1.5
156 13.5 -1.5
157 14 -1.5
158 14.5 -1.5
159 15 -1.5
160 15.8077 -1.5
161 16.8047 -1.5
162 18.1077 -1.5
163 19.9047 -1.5
164 22.5 -1.5
165 -7.5 -2
166 -4.9047 -2
167 -3.1077 -2
168 -1.8047 -2
169 -0.8077 -2
170 0 -2
171 0.5 -2
172 1 -2
173 1.5 -2
174 2 -2
175 2.5 -2
176 3 -2
177 3.5 -2
178 4 -2
179 4.5 -2
180 5 -2
181 5.5 -2
182 6 -2
183 6.5 -2
184 7 -2
185 7.5 -2
186 8 -2
187 8.5 -2
188 9 -2
189 9.5 -2
190 10 -2
191 10.5 -2
192 11 -2
193 11.5 -2
194 12 -2
195 12.5 -2
196 13 -2
197 13.5 -2
198 14 -2
199 14.5 -2
200 15 -2
201 15.8077 -2
202 16.8047 -2
203 18.1077 -2
204 19.9047 -2
205 22.5 -2
206 -7.5 -2.5
207 -4.9047 -2.5
208 -3.1077 -2.5
209 -1.8047 -2.5
210 -0.8077 -2.5
211 0 -2.5
212 0.5 -2.5
213 1 -2.5
214 1.5 -2.5
215 2 -2.5
216 2.5 -2.5
217 3 -2.5
218 3.5 -2.5
219 4 -2.5
220 4.5 -2.5
221 5 -2.5
222 5.5 -2.5
223 6 -2.5
224 6.5 -2.5
225 7 -2.5
226 7.5 -2.5
227 8 -2.5
228 8.5 -2.5
229 9 -2.5
230 9.5 -2.5
231 10 -2.5
232 10.5 -2.5
233 11 -2.5
234 11.5 -2.5
235 12 -2.5
236 12.5 -2.5
237 13 -2.5
238 13.5 -2.5
239 14 -2.5
240 14.5 -2.5
241 15 -2.5
242 15.8077 -2.5
243 16.8047 -2.5
244 18.1077 -2.5
245 19.9047 -2.5
246 22.5 -2.5
247 -7.5 -3
248 -4.9047 -3
249 -3.1077 -3
250 -1.8047 -3
251 -0.8077 -3
252 0 -3
253 0.5 -3
254 1 -3
255 1.5 -3
256 2 -3
257 2.5 -3
258 3 -3
259 3.5 -3
260 4 -3
261 4.5 -3
262 5 -3
263 5.5 -3
264 6 -3
265 6.5 -3
266 7 -3
267 7.5 -3
268 8 -3
269 8.5 -3
270 9 -3
271 9.5 -3
272 10 -3
273 10.5 -3
274 11 -3
275 11.5 -3
276 12 -3
277 12.5 -3
278 13 -3
279 13.5 -3
280 14 -3
281 14.5 -3
282 15 -3
283 15.8077 -3
284 16.8047 -3
285 18.1077 -3
286 19.9047 -3
287 22.5 -3
288 -7.5 -3.5
289 -4.9047 -3.5
290 -3.1077 -3.5
291 -1.8047 -3.5
292 -0.8077 -3.5
293 0 -3.5
294 0.5 -3.5
295 1 -3.5
296 1.5 -3.5
297 2 -3.5
298 2.5 -3.5
299 3 -3.5
300 3.5 -3.5
301 4 -3.5
302 4.5 -3.5
303 5 -3.5
304 5.5 -3.5
305 6 -3.5
306 6.5 -3.5
307 7 -3.5
308 7.5 -3.5
309 8 -3.5
310 8.5 -3.5
311 9 -3.5
312 9.5 -3.5
313 10 -3.5
314 10.5 -3.5
315 11 -3.5
316 11.5 -3.5
317 12 -3.5
318 12.5 -3.5
319 13 -3.5
320 13.5 -3.5
321 14 -3.5
322 14.5 -3.5
323 15 -3.5
324 15.8077 -3.5
325 16.8047 -3.5
326 18.1077 -3.5
327 19.9047 -3.5
328 22.5 -3.5
329 -7.5 -4
330 -4.9047 -4
331 -3.1077 -4
332 -1.8047 -4
333 -0.8077 -4
334 0 -4
335 0.5 -4
336 1 -4
337 1.5 -4
338 2 -4
339 2.5 -4
340 3 -4
341 3.5 -4
342 4 -4
343 4.5 -4
344 5 -4
345 5.5 -4
346 6 -4
347 6.5 -4
348 7 -4
349 7.5 -4
350 8 -4
351 8.5 -4
352 9 -4
353 9.5 -4
354 10 -4
355 10.5 -4
356 11 -4
357 11.5 -4
358 12 -4
359 12.5 -4
360 13 -4
361 13.5 -4
362 14 -4
363 14.5 -4
364 15 -4
365 15.8077 -4
366 16.8047 -4
367 18.1077 -4
368 19.9047 -4
369 22.5 -4
370 -7.5 -4.5
371 -4.9047 -4.5
372 -3.1077 -4.5
373 -1.8047 -4.5
374 -0.8077 -4.5
375 0 -4.5
376 0.5 -4.5
377 1 -4.5
378 1.5 -4.5
379 2 -4.5
380 2.5 -4.5
381 3 -4.5
382 3.5 -4.5
383 4 -4.5
384 4.5 -4.5
385 5 -4.5
386 5.5 -4.5
387 6 -4.5
388 6.5 -4.5
389 7 -4.5
390 7.5 -4.5
391 8 -4.5
392 8.5 -4.5
393 9 -4.5
394 9.5 -4.5
395 10 -4.5
396 10.5 -4.5
397 11 -4.5
398 11.5 -4.5
399 12 -4.5
400 12.5 -4.5
401 13 -4.5
402 13.5 -4.5
403 14 -4.5
404 14.5 -4.5
405 15 -4.5
406 15.8077 -4.5
407 16.8047 -4.5
408 18.1077 -4.5
409 19.9047 -4.5
410 22.5 -4.5
411 -7.5 -5
412 -4.9047 -5
413 -3.1077 -5
414 -1.8047 -5
415 -0.8077 -5
416 0 -5
417 0.5 -5
418 1 -5
419 1.5 -5
420 2 -5
421 2.5 -5
422 3 -5
423 3.5 -5
424 4 -5
425 4.5 -5
426 5 -5
427 5.5 -5
428 6 -5
429 6.5 -5
430 7 -5
431 7.5 -5
432 8 -5
433 8.5 -5
434 9 -5
435 9.5 -5
436 10 -5
437 10.5 -5
438 11 -5
439 11.5 -5
440 12 -5
441 12.5 -5
442 13 -5
443 13.5 -5
444 14 -5
445 14.5 -5
446 15 -5
447 15.8077 -5
448 16.8047 -5
449 18.1077 -5
450 19.9047 -5
451 22.5 -5
452 -7.5 -5.5981
453 -4.9047 -5.5981
454 -3.1077 -5.5981
455 -1.8047 -5.5981
456 -0.8077 -5.5981
457 0 -5.5981
458 0.5 -5.5981
459 1 -5.5981
460 1.5 -5.5981
461 2 -5.5981
462 2.5 -5.5981
463 3 -5.5981
464 3.5 -5.5981
465 4 -5.5981
466 4.5 -5.5981
467 5 -5.5981
468 5.5 -5.5981
469 6 -5.5981
470 6.5 -5.5981
471 7 -5.5981
472 7.5 -5.5981
473 8 -5.5981
474 8.5 -5.5981
475 9 -5.5981
476 9.5 -5.5981
477 10 -5.5981
478 10.5 -5.5981
479 11 -5.5981
480 11.5 -5.5981
481 12 -5.5981
482 12.5 -5.5981
483 13 -5.5981
484 13.5 -5.5981
485 14 -5.5981
486 14.5 -5.5981
487 15 -5.5981
488 15.8077 -5.5981
489 16.8047 -5.5981
490 18.1077 -5.5981
491 19.9047 -5.5981
492 22.5 -5.5981
493 -7.5 -6.2155
494 -4.9047 -6.2155
495 -3.1077 -6.2155
496 -1.8047 -6.2155
497 -0.8077 -6.2155
498 0 -6.2155
499 0.5 -6.2155
500 1 -6.2155
501 1.5 -6.2155
502 2 -6.2155
503 2.5 -6.2155
504 3 -6.2155
505 3.5 -6.2155
506 4 -6.2155
507 4.5 -6.2155
508 5 -6.2155
509 5.5 -6.2155
510 6 -6.2155
511 6.5 -6.2155
512 7 -6.2155
513 7.5 -6.2155
514 8 -6.2155
515 8.5 -6.2155
516 9 -6.2155
517 9.5 -6.2155
518 10 -6.2155
519 10.5 -6.2155
520 11 -6.2155
521 11.5 -6.2155
522 12 -6.2155
523 12.5 -6.2155
524 13 -6.2155
525 13.5 -6.2155
526 14 -6.2155
527 14.5 -6.2155
528 15 -6.2155
529 15.8077 -6.2155
530 16.8047 -6.2155
531 18.1077 -6.2155
532 19.9047 -6.2155
533 22.5 -6.2155
534 -7.5 -6.8559
535 -4.9047 -6.8559
536 -3.1077 -6.8559
537 -1.8047 -6.8559
538 -0.8077 -6.8559
539 0 -6.8559
540 0.5 -6.8559
541 1 -6.8559
542 1.5 -6.8559
543 2 -6.8559
544 2.5 -6.8559
545 3 -6.8559
546 3.5 -6.8559
547 4 -6.8559
548 4.5 -6.8559
549 5 -6.8559
550 5.5 -6.8559
551 6 -6.8559
552 6.5 -6.8559
553 7 -6.8559
554 7.5 -6.8559
555 8 -6.8559
556 8.5 -6.8559
557 9 -6.8559
558 9.5 -6.8559
559 10 -6.8559
560 10.5 -6.8559
561 11 -6.8559
562 11.5 -6.8559
563 12 -6.8559
564 12.5 -6.8559
565 13 -6.8559
566 13.5 -6.8559
567 14 -6.8559
568 14.5 -6.8559
569 15 -6.8559
570 15.8077 -6.8559
571 16.8047 -6.8559
572 18.1077 -6.8559
573 19.9047 -6.8559
574 22.5 -6.8559
575 -7.5 -7.5238
576 -4.9047 -7.5238
577 -3.1077 -7.5238
578 -1.8047 -7.5238
579 -0.8077 -7.5238
580 0 -7.5238
581 0.5 -7.5238
582 1 -7.5238
583 1.5 -7.5238
584 2 -7.5238
585 2.5 -7.5238
586 3 -7.5238
587 3.5 -7.5238
588 4 -7.5238
589 4.5 -7.5238
590 5 -7.5238
591 5.5 -7.5238
592 6 -7.5238
593 6.5 -7.5238
594 7 -7.5238
595 7.5 -7.5238
596 8 -7.5238
597 8.5 -7.5238
598 9 -7.5238
599 9.5 -7.5238
600 10 -7.5238
601 10.5 -7.5238
602 11 -7.5238
603 11.5 -7.5238
604 12 -7.5238
605 12.5 -7.5238
606 13 -7.5238
607 13.5 -7.5238
608 14 -7.5238
609 14.5 -7.5238
610 15 -7.5238
611 15.8077 -7.5238
612 16.8047 -7.5238
613 18.1077 -7.5238
614 19.9047 -7.5238
615 22.5 -7.5238
616 -7.5 -8.2247
617 -4.9047 -8.2247
618 -3.1077 -8.2247
619 -1.8047 -8.2247
620 -0.8077 -8.2247
621 0 -8.2247
622 0.5 -8.2247
623 1 -8.2247
624 1.5 -8.2247
625 2 -8.2247
626 2.5 -8.2247
627 3 -8.2247
628 3.5 -8.2247
629 4 -8.2247
630 4.5 -8.2247
631 5 -8.2247
632 5.5 -8.2247
633 6 -8.2247
634 6.5 -8.2247
635 7 -8.2247
636 7.5 -8.2247
637 8 -8.2247
638 8.5 -8.2247
639 9 -8.2247
640 9.5 -8.2247
641 10 -8.2247
642 10.5 -8.2247
643 11 -8.2247
644 11.5 -8.2247
645 12 -8.2247
646 12.5 -8.2247
647 13 -8.2247
648 13.5 -8.2247
649 14 -8.2247
650 14.5 -8.2247
651 15 -8.2247
652 15.8077 -8.2247
653 16.8047 -8.2247
654 18.1077 -8.2247
655 19.9047 -8.2247
656 22.5 -8.2247
657 -7.5 -8.9651
658 -4.9047 -8.9651
659 -3.1077 -8.9651
660 -1.8047 -8.9651
661 -0.8077 -8.9651
662 0 -8.9651
663 0.5 -8.9651
664 1 -8.9651
665 1.5 -8.9651
666 2 -8.9651
667 2.5 -8.9651
668 3 -8.9651
669 3.5 -8.9651
670 4 -8.9651
671 4.5 -8.9651
672 5 -8.9651
673 5.5 -8.9651
674 6 -8.9651
675 6.5 -8.9651
676 7 -8.9651
677 7.5 -8.9651
678 8 -8.9651
679 8.5 -8.9651
680 9 -8.9651
681 9.5 -8.9651
682 10 -8.9651
683 10.5 -8.9651
684 11 -8.9651
685 11.5 -8.9651
686 12 -8.9651
687 12.5 -8.9651
688 13 -8.9651
689 13.5 -8.9651
690 14 -8.9651
691 14.5 -8.9651
692 15 -8.9651
693 15.8077 -8.9651
694 16.8047 -8.9651
695 18.1077 -8.9651
696 19.9047 -8.9651
697 22.5 -8.9651
698 -7.5 -9.7526
699 -4.9047 -9.7526
700 -3.1077 -9.7526
701 -1.8047 -9.7526
702 -0.8077 -9.7526
703 0 -9.7526
704 0.5 -9.7526
705 1 -9.7526
706 1.5 -9.7526
707 2 -9.7526
708 2.5 -9.7526
709 3 -9.7526
710 3.5 -9.7526
711 4 -9.7526
712 4.5 -9.7526
713 5 -9.7526
714 5.5 -9.7526
715 6 -9.7526
716 6.5 -9.7526
717 7 -9.7526
718 7.5 -9.7526
719 8 -9.7526
720 8.5 -9.7526
721 9 -9.7526
722 9.5 -9.7526
723 10 -9.7526
724 10.5 -9.7526
725 11 -9.7526
726 11.5 -9.7526
727 12 -9.7526
728 12.5 -9.7526
729 13 -9.7526
730 13.5 -9.7526
731 14 -9.7526
732 14.5 -9.7526
733 15 -9.7526
734 15.8077 -9.7526
735 16.8047 -9.7526
736 18.1077 -9.7526
737 19.9047 -9.7526
738 22.5 -9.7526
739 -7.5 -10.5965
740 -4.9047 -10.5965
741 -3.1077 -10.5965
742 -1.8047 -10.5965
743 -0.8077 -10.5965
744 0 -10.5965
745 0.5 -10.5965
746 1 -10.5965
747 1.5 -10.5965
748 2 -10.5965
749 2.5 -10.5965
750 3 -10.5965
751 3.5 -10.5965
752 4 -10.5965
753 4.5 -10.5965
754 5 -10.5965
755 5.5 -10.5965
756 6 -10.5965
757 6.5 -10.5965
758 7 -10.5965
759 7.5 -10.5965
760 8 -10.5965
761 8.5 -10.5965
762 9 -10.5965
763 9.5 -10.5965
764 10 -10.5965
765 10.5 -10.5965
766 11 -10.5965
767 11.5 -10.5965
768 12 -10.5965
769 12.5 -10.5965
770 13 -10.5965
771 13.5 -10.5965
772 14 -10.5965
773 14.5 -10.5965
774 15 -10.5965
775 15.8077 -10.5965
776 16.8047 -10.5965
777 18.1077 -10.5965
778 19.9047 -10.5965
779 22.5 -10.5965
780 -7.5 -11.5079
781 -4.9047 -11.5079
782 -3.1077 -11.5079
783 -1.8047 -11.5079
784 -0.8077 -11.5079
785 0 -11.5079
786 0.5 -11.5079
787 1 -11.5079
788 1.5 -11.5079
789 2 -11.5079
790 2.5 -11.5079
791 3 -11.5079
792 3.5 -11.5079
793 4 -11.5079
794 4.5 -11.5079
795 5 -11.5079
796 5.5 -11.5079
797 6 -11.5079
798 6.5 -11.5079
799 7 -11.5079
800 7.5 -11.5079
801 8 -11.5079
802 8.5 -11.5079
803 9 -11.5079
804 9.5 -11.5079
805 10 -11.5079
806 10.5 -11.5079
807 11 -11.5079
808 11.5 -11.5079
809 12 -11.5079
810 12.5 -11.5079
811 13 -11.5079
812 13.5 -11.5079
813 14 -11.5079
814 14.5 -11.5079
815 15 -11.5079
816 15.8077 -11.5079
817 16.8047 -11.5079
818 18.1077 -11.5079
819 19.9047 -11.5079
820 22.5 -11.5079
821 -7.5 -12.5
822 -4.9047 -12.5
823 -3.1077 -12.5
824 -1.8047 -12.5
825 -0.8077 -12.5
826 0 -12.5
827 0.5 -12.5
828 1 -12.5
829 1.5 -12.5
830 2 -12.5
831 2.5 -12.5
832 3 -12.5
833 3.5 -12.5
834 4 -12.5
835 4.5 -12.5
836 5 -12.5
837 5.5 -12.5
838 6 -12.5
839 6.5 -12.5
840 7 -12.5
841 7.5 -12.5
842 8 -12.5
843 8.5 -12.5
844 9 -12.5
845 9.5 -12.5
846 10 -12.5
847 10.5 -12.5
848 11 -12.5
849 11.5 -12.5
850 12 -12.5
851 12.5 -12.5
852 13 -12.5
853 13.5 -12.5
854 14 -12.5
855 14.5 -12.5
856 15 -12.5
857 15.8077 -12.5
858 16.8047 -12.5
859 18.1077 -12.5
860 19.9047 -12.5
861 22.5 -12.5
42 43 2 1 
43 44 3 2 
44 45 4 3 
45 46 5 4 
46 47 6 5 
47 48 7 6 
48 49 8 7 
49 50 9 8 
50 51 10 9 
51 52 11 10 
52 53 12 11 
53 54 13 12 
54 55 14 13 
55 56 15 14 
56 57 16 15 
57 58 17 16 
58 59 18 17 
59 60 19 18 
60 61 20 19 
61 62 21 20 
62 63 22 21 
63 64 23 22 
64 65 24 23 
65 66 25 24 
66 67 26 25 
67 68 27 26 
68 69 28 27 
69 70 29 28 
70 71 30 29 
71 72 31 30 
72 73 32 31 
73 74 33 32 
74 75 34 33 
75 76 35 34 
76 77 36 35 
77 78 37 36 
78 79 38 37 
79 80 39 38 
80 81 40 39 
81 82 41 40 
83 84 43 42 
84 85 44 43 
85 86 45 44 
86 87 46 45 
87 88 47 46 
88 89 48 47 
89 90 49 48 
90 91 50 49 
91 92 51 50 
92 93 52 51 
93 94 53 52 
94 95 54 53 
95 96 55 54 
96 97 56 55 
97 98 57 56 
98 99 58 57 
99 100 59 58 
100 101 60 59 
101 102 61 60 
102 103 62 61 
103 104 63 62 
104 105 64 63 
105 106 65 64 
106 107 66 65 
107 108 67 66 
108 109 68 67 
109 110 69 68 
110 111 70 69 
111 112 71 70 
112 113 72 71 
113 114 73 72 
114 115 74 73 
115 116 75 74 
116 117 76 75 
117 118 77 76 
118 119 78 77 
119 120 79 78 
120 121 80 79 
121 122 81 80 
122 123 82 81 
124 125 84 83 
125 126 85 84 
126 127 86 85 
127 128 87 86 
128 129 88 87 
129 130 89 88 
130 131 90 89 
131 132 91 90 
132 133 92 91 
133 134 93 92 
134 135 94 93 
135 136 95 94 
136 137 96 95 
137 138 97 96 
138 139 98 97 
139 140 99 98 
140 141 100 99 
141 142 101 100 
142 143 102 101 
143 144 103 102 
144 145 104 103 
145 146 105 104 
146 147 106 105 
147 148 107 106 
148 149 108 107 
149 150 109 108 
150 151 110 109 
151 152 111 110 
152 153 112 111 
153 154 113 112 
154 155 114 113 
155 156 115 114 
156 157 116 115 
157 158 117 116 
158 159 118 117 
159 160 119 118 
160 161 120 119 
161 162 121 120 
162 163 122 121 
163 164 123 122 
165 166 125 124 
166 167 126 125 
167 168 127 126 
168 169 128 127 
169 170 129 128 
170 171 130 129 
171 172 131 130 
172 173 132 131 
173 174 133 132 
174 175 134 133 
175 176 135 134 
176 177 136 135 
177 178 137 136 
178 179 138 137 
179 180 139 138 
180 181 140 139 
181 182 141 140 
182 183 142 141 
183 184 143 142 
184 185 144 143 
185 186 145 144 
186 187 146 145 
187 188 147 146 
188 189 148 147 
189 190 149 148 
190 191 150 149 
191 192 151 150 
192 193 152 151 
193 194 153 152 
194 195 154 153 
195 196 155 154 
196 197 156 155 
197 198 157 156 
198 199 158 157 
199 200 159 158 
200 201 160 159 
201 202 161 160 
202 203 162 161 
203 204 163 162 
204 205 164 163 
206 207 166 165 
207 208 167 166 
208 209 168 167 
209 210 169 168 
210 211 170 169 
211 212 171 170 
212 213 172 171 
213 214 173 172 
214 215 174 173 
215 216 175 174 
216 217 176 175 
217 218 177 176 
218 219 178 177 
219 220 179 178 
220 221 180 179 
221 222 181 180 
222 223 182 181 
223 224 183 182 
224 225 184 183 
225 226 185 184 
226 227 186 185 
227 228 187 186 
228 229 188 187 
229 230 189 188 
230 231 190 189 
231 232 191 190 
232 233 192 191 
233 234 193 192 
234 235 194 193 
235 236 195 194 
236 237 196 195 
237 238 197 196 
238 239 198 197 
239 240 199 198 
240 241 200 199 
241 242 201 200 
242 243 202 201 
243 244 203 202 
244 245 204 203 
245 246 205 204 
247 248 207 206 
248 249 208 207 
249 250 209 208 
250 251 210 209 
251 252 211 210 
252 253 212 211 
253 254 213 212 
254 255 214 213 
255 256 215 214 
256 257 216 215 
257 258 217 216 
258 259 218 217 
259 260 219 218 
260 261 220 219 
261 262 221 220 
262 263 222 221 
263 264 223 222 
264 265 224 223 
265 266 225 224 
266 267 226 225 
267 268 227 226 
268 269 228 227 
269 270 229 228 
270 271 230 229 
271 272 231 230 
272 273 232 231 
273 274 233 232 
274 275 234 233 
275 276 235 234 
276 277 236 235 
277 278 237 236 
278 279 238 237 
279 280 239 238 
280 281 240 239 
281 282 241 240 
282 283 242 241 
283 284 243 242 
284 285 244 243 
285 286 245 244 
286 287 246 245 
288 289 248 247 
289 290 249 248 
290 291 250 249 
291 292 251 250 
292 293 252 251 
293 294 253 252 
294 295 254 253 
295 296 255 254 
296 297 256 255 
297 298 257 256 
298 299 258 257 
299 300 259 258 
300 301 260 259 
301 302 261 260 
302 303 262 261 
303 304 263 262 
304 305 264 263 
305 306 265 264 
306 307 266 265 
307 308 267 266 
308 309 268 267 
309 310 269 268 
310 311 270 269 
311 312 271 270 
312 313 272 271 
313 314 273 272 
314 315 274 273 
315 316 275 274 
316 317 276 275 
317 318 277 276 
318 319 278 277 
319 320 279 278 
320 321 280 279 
321 322 281 280 
322 323 282 281 
323 324 283 282 
324 325 284 283 
325 326 285 284 
326 327 286 285 
327 328 287 286 
329 330 289 288 
330 331 290 289 
331 332 291 290 
332 333 292 291 
333 334 293 292 
334 335 294 293 
335 336 295 294 
336 337 296 295 
337 338 297 296 
338 339 298 297 
339 340 299 298 
340 341 300 299 
341 342 301 300 
342 343 302 301 
343 344 303 302 
344 345 304 303 
345 346 305 304 
346 347 306 305 
347 348 307 306 
348 349 308 307 
349 350 309 308 
350 351 310 309 
351 352 311 310 
352 353 312 311 
353 354 313 312 
354 355 314 313 
355 356 315 314 
356 357 316 315 
357 358 317 316 
358 359 318 317 
359 360 319 318 
360 361 320 319 
361 362 321 320 
362 363 322 321 
363 364 323 322 
364 365 324 323 
365 366 325 324 
366 367 326 325 
367 368 327 326 
368 369 328 327 
370 371 330 329 
371 372 331 330 
372 373 332 331 
373 374 333 332 
374 375 334 333 
375 376 335 334 
376 377 336 335 
377 378 337 336 
378 379 338 337 
379 380 339 338 
380 381 340 339 
381 382 341 340 
382 383 342 341 
383 384 343 342 
384 385 344 343 
385 386 345 344 
386 387 346 345 
387 388 347 346 
388 389 348 347 
389 390 349 348 
390 391 350 349 
391 392 351 350 
392 393 352 351 
393 394 353 352 
394 395 354 353 
395 396 355 354 
396 397 356 355 
397 398 357 356 
398 399 358 357 
399 400 359 358 
400 401 360 359 
401 402 361 360 
402 403 362 361 
403 404 363 362 
404 405 364 363 
405 406 365 364 
406 407 366 365 
407 408 367 366 
408 409 368 367 
409 410 369 368 
411 412 371 370 
412 413 372 371 
413 414 373 372 
414 415 374 373 
415 416 375 374 
416 417 376 375 
417 418 377 376 
418 419 378 377 
419 420 379 378 
420 421 380 379 
421 422 381 380 
422 423 382 381 
423 424 383 382 
424 425 384 383 
425 426 385 384 
426 427 386 385 
427 428 387 386 
428 429 388 387 
429 430 389 388 
430 431 390 389 
431 432 391 390 
432 433 392 391 
433 434 393 392 
434 435 394 393 
435 436 395 394 
436 437 396 395 
437 438 397 396 
438 439 398 397 
439 440 399 398 
440 441 400 399 
441 442 401 400 
442 443 402 401 
443 444 403 402 
444 445 404 403 
445 446 405 404 
446 447 406 405 
447 448 407 406 
448 449 408 407 
449 450 409 408 
450 451 410 409 
452 453 412 411 
453 454 413 412 
454 455 414 413 
455 456 415 414 
456 457 416 415 
457 458 417 416 
458 459 418 417 
459 460 419 418 
460 461 420 419 
461 462 421 420 
462 463 422 421 
463 464 423 422 
464 465 424 423 
465 466 425 424 
466 467 426 425 
467 468 427 426 
468 469 428 427 
469 470 429 428 
470 471 430 429 
471 472 431 430 
472 473 432 431 
473 474 433 432 
474 475 434 433 
475 476 435 434 
476 477 436 435 
477 478 437 436 
478 479 438 437 
479 480 439 438 
480 481 440 439 
481 482 441 440 
482 483 442 441 
483 484 443 442 
484 485 444 443 
485 486 445 444 
486 487 446 445 
487 488 447 446 
488 489 448 447 
489 490 449 448 
490 491 450 449 
491 492 451 450 
493 494 453 452 
494 495 454 453 
495 496 455 454 
496 497 456 455 
497 498 457 456 
498 499 458 457 
499 500 459 458 
500 501 460 459 
501 502 461 460 
502 503 462 461 
503 504 463 462 
504 505 464 463 
505 506 465 464 
506 507 466 465 
507 508 467 466 
508 509 468 467 
509 510 469 468 
510 511 470 469 
511 512 471 470 
512 513 472 471 
513 514 473 472 
514 515 474 473 
515 516 475 474 
516 517 476 475 
517 518 477 476 
518 519 478 477 
519 520 479 478 
520 521 480 479 
521 522 481 480 
522 523 482 481 
523 524 483 482 
524 525 484 483 
525 526 485 484 
526 527 486 485 
527 528 487 486 
528 529 488 487 
529 530 489 488 
530 531 490 489 
531 532 491 490 
532 533 492 491 
534 535 494 493 
535 536 495 494 
536 537 496 495 
537 538 497 496 
538 539 498 497 
539 540 499 498 
540 541 500 499 
541 542 501 500 
542 543 502 501 
543 544 503 502 
544 545 504 503 
545 546 505 504 
546 547 506 505 
547 548 507 506 
548 549 508 507 
549 550 509 508 
550 551 510 509 
551 552 511 510 
552 553 512 511 
553 554 513 512 
554 555 514 513 
555 556 515 514 
556 557 516 515 
557 558 517 516 
558 559 518 517 
559 560 519 518 
560 561 520 519 
561 562 521 520 
562 563 522 521 
563 564 523 522 
564 565 524 523 
565 566 525 524 
566 567 526 525 
567 568 527 526 
568 569 528 527 
569 570 529 528 
570 571 530 529 
571 572 531 530 
572 573 532 531 
573 574 533 532 
575 576 535 534 
576 577 536 535 
577 578 537 536 
578 579 538 537 
579 580 539 538 
580 581 540 539 
581 582 541 540 
582 583 542 541 
583 584 543 542 
584 585 544 543 
585 586 545 544 
586 587 546 545 
587 588 547 546 
588 589 548 547 
589 590 549 548 
590 591 550 549 
591 592 551 550 
592 593 552 551 
593 594 553 552 
594 595 554 553 
595 596 555 554 
596 597 556 555 
597 598 557 556 
598 599 558 557 
599 600 559 558 
600 601 560 559 
601 602 561 560 
602 603 562 561 
603 604 563 562 
604 605 564 563 
605 606 565 564 
606 607 566 565 
607 608 567 566 
608 609 568 567 
609 610 569 568 
610 611 570 569 
611 612 571 570 
612 613 572 571 
613 614 573 572 
614 615 574 573 
616 617 576 575 
617 618 577 576 
618 619 578 577 
619 620 579 578 
620 621 580 579 
621 622 581 580 
622 623 582 581 
623 624 583 582 
624 625 584 583 
625 626 585 584 
626 627 586 585 
627 628 587 586 
628 629 588 587 
629 630 589 588 
630 631 590 589 
631 632 591 590 
632 633 592 591 
633 634 593 592 
634 635 594 593 
635 636 595 594 
636 637 596 595 
637 638 597 596 
638 639 598 597 
639 640 599 598 
640 641 600 599 
641 642 601 600 
642 643 602 601 
643 644 603 602 
644 645 604 603 
645 646 605 604 
646 647 606 605 
647 648 607 606 
648 649 608 607 
649 650 609 608 
650 651 610 609 
651 652 611 610 
652 653 612 611 
653 654 613 612 
654 655 614 613 
655 656 615 614 
657 658 617 616 
658 659 618 617 
659 660 619 618 
660 661 620 619 
661 662 621 620 
662 663 622 621 
663 664 623 622 
664 665 624 623 
665 666 625 624 
666 667 626 625 
667 668 627 626 
668 669 628 627 
669 670 629 628 
670 671 630 629 
671 672 631 630 
672 673 632 631 
673 674 633 632 
674 675 634 633 
675 676 635 634 
676 677 636 635 
677 678 637 636 
678 679 638 637 
679 680 639 638 
680 681 640 639 
681 682 641 640 
682 683 642 641 
683 684 643 642 
684 685 644 643 
685 686 645 644 
686 687 646 645 
687 688 647 646 
688 689 648 647 
689 690 649 648 
690 691 650 649 
691 692 651 650 
692 693 652 651 
693 694 653 652 
694 695 654 653 
695 696 655 654 
696 697 656 655 
698 699 658 657 
699 700 659 658 
700 701 660 659 
701 702 661 660 
702 703 662 661 
703 704 663 662 
704 705 664 663 
705 706 665 664 
706 707 666 665 
707 708 667 666 
708 709 668 667 
709 710 669 668 
710 711 670 669 
711 712 671 670 
712 713 672 671 
713 714 673 672 
714 715 674 673 
715 716 675 674 
716 717 676 675 
717 718 677 676 
718 719 678 677 
719 720 679 678 
720 721 680 679 
721 722 681 680 
722 723 682 681 
723 724 683 682 
724 725 684 683 
725 726 685 684 
726 727 686 685 
727 728 687 686 
728 729 688 687 
729 730 689 688 
730 731 690 689 
731 732 691 690 
732 733 692 691 
733 734 693 692 
734 735 694 693 
735 736 695 694 
736 737 696 695 
737 738 697 696 
739 740 699 698 
740 741 700 699 
741 742 701 700 
742 743 702 701 
743 744 703 702 
744 745 704 703 
745 746 705 704 
746 747 706 705 
747 748 707 706 
748 749 708 707 
749 750 709 708 
750 751 710 709 
751 752 711 710 
752 753 712 711 
753 754 713 712 
754 755 714 713 
755 756 715 714 
756 757 716 715 
757 758 717 716 
758 759 718 717 
759 760 719 718 
760 761 720 719 
761 762 721 720 
762 763 722 721 
763 764 723 722 
764 765 724 723 
765 766 725 724 
766 767 726 725 
767 768 727 726 
768 769 728 727 
769 770 729 728 
770 771 730 729 
771 772 731 730 
772 773 732 731 
773 774 733 732 
774 775 734 733 
775 776 735 734 
776 777 736 735 
777 778 737 736 
778 779 738 737 
780 781 740 739 
781 782 741 740 
782 783 742 741 
783 784 743 742 
784 785 744 743 
785 786 745 744 
786 787 746 745 
787 788 747 746 
788 789 748 747 
789 790 749 748 
790 791 750 749 
791 792 751 750 
792 793 752 751 
793 794 753 752 
794 795 754 753 
795 796 755 754 
796 797 756 755 
797 798 757 756 
798 799 758 757 
799 800 759 758 
800 801 760 759 
801 802 761 760 
802 803 762 761 
803 804 763 762 
804 805 764 763 
805 806 765 764 
806 807 766 765 
807 808 767 766 
808 809 768 767 
809 810 769 768 
810 811 770 769 
811 812 771 770 
812 813 772 771 
813 814 773 772 
814 815 774 773 
815 816 775 774 
816 817 776 775 
817 818 777 776 
818 819 778 777 
819 820 779 778 
821 822 781 780 
822 823 782 781 
823 824 783 782 
824 825 784 783 
825 826 785 784 
826 827 786 785 
827 828 787 786 
828 829 788 787 
829 830 789 788 
830 831 790 789 
831 832 791 790 
832 833 792 791 
833 834 793 792 
834 835 794 793 
835 836 795 794 
836 837 796 795 
837 838 797 796 
838 839 798 797 
839 840 799 798 
840 841 800 799 
841 842 801 800 
842 843 802 801 
843 844 803 802 
844 845 804 803 
845 846 805 804 
846 847 806 805 
847 848 807 806 
848 849 808 807 
849 850 809 808 
850 851 810 809 
851 852 811 810 
852 853 812 811 
853 854 813 812 
854 855 814 813 
855 856 815 814 
856 857 816 815 
857 858 817 816 
858 859 818 817 
859 860 819 818 
860 861 820 819 
1 2 
2 3 
3 4 
4 5 
5 6 
6 7 
7 8 
8 9 
9 10 
10 11 
11 12 
12 13 
13 14 
14 15 
15 16 
16 17 
17 18 
18 19 
19 20 
20 21 
21 22 
22 23 
23 24 
24 25 
25 26 
26 27 
27 28 
28 29 
29 30 
30 31 
31 32 
32 33 
33 34 
34 35 
35 36 
36 37 
37 38 
38 39 
39 40 
40 41 
41 82 
82 123 
123 164 
164 205 
205 246 
246 287 
287 328 
328 369 
369 410 
410 451 
451 492 
492 533 
533 574 
574 615 
615 656 
656 697 
697 738 
738 779 
779 820 
820 861 
861 860 
860 859 
859 858 
858 857 
857 856 
856 855 
855 854 
854 853 
853 852 
852 851 
851 850 
850 849 
849 848 
848 847 
847 846 
846 845 
845 844 
844 843 
843 842 
842 841 
841 840 
840 839 
839 838 
838 837 
837 836 
836 835 
835 834 
834 833 
833 832 
832 831 
831 830 
830 829 
829 828 
828 827 
827 826 
826 825 
825 824 
824 823 
823 822 
822 821 
821 780 
780 739 
739 698 
698 657 
657 616 
616 575 
575 534 
534 493 
493 452 
452 411 
411 370 
370 329 
329 288 
288 247 
247 206 
206 165 
165 124 
124 83 
83 42 
42 1 
1
2
3
4
5
6
7
8
9
10
11
12
13
14
15
16
17
18
19
20
21
22
23
24
25
26
27
28
29
30
31
32
33
34
35
36
37
38
39
40
40
80
120
160
200
240
280
320
360
400
440
480
520
560
600
640
680
720
760
800
800
799
798
797
796
795
794
793
792
791
790
789
788
787
786
785
784
783
782
781
780
779
778
777
776
775
774
773
772
771
770
769
768
767
766
765
764
763
762
761
761
721
681
641
601
561
521
481
441
401
361
321
281
241
201
161
121
81
41
1
