     1	861 3 42
     2	8 800 4
     3	12 40 2
     4	11 80 2
     5	1 -7.5 0
     6	2 -4.9047 0
     7	3 -3.1077 0
     8	4 -1.8047 0
     9	5 -0.8077 0
    10	6 0 0
    11	7 0.5 0
    12	8 1 0
    13	9 1.5 0
    14	10 2 0
    15	11 2.5 0
    16	12 3 0
    17	13 3.5 0
    18	14 4 0
    19	15 4.5 0
    20	16 5 0
    21	17 5.5 0
    22	18 6 0
    23	19 6.5 0
    24	20 7 0
    25	21 7.5 0
    26	22 8 0
    27	23 8.5 0
    28	24 9 0
    29	25 9.5 0
    30	26 10 0
    31	27 10.5 0
    32	28 11 0
    33	29 11.5 0
    34	30 12 0
    35	31 12.5 0
    36	32 13 0
    37	33 13.5 0
    38	34 14 0
    39	35 14.5 0
    40	36 15 0
    41	37 15.8077 0
    42	38 16.8047 0
    43	39 18.1077 0
    44	40 19.9047 0
    45	41 22.5 0
    46	42 -7.5 -0.5
    47	43 -4.9047 -0.5
    48	44 -3.1077 -0.5
    49	45 -1.8047 -0.5
    50	46 -0.8077 -0.5
    51	47 0 -0.5
    52	48 0.5 -0.5
    53	49 1 -0.5
    54	50 1.5 -0.5
    55	51 2 -0.5
    56	52 2.5 -0.5
    57	53 3 -0.5
    58	54 3.5 -0.5
    59	55 4 -0.5
    60	56 4.5 -0.5
    61	57 5 -0.5
    62	58 5.5 -0.5
    63	59 6 -0.5
    64	60 6.5 -0.5
    65	61 7 -0.5
    66	62 7.5 -0.5
    67	63 8 -0.5
    68	64 8.5 -0.5
    69	65 9 -0.5
    70	66 9.5 -0.5
    71	67 10 -0.5
    72	68 10.5 -0.5
    73	69 11 -0.5
    74	70 11.5 -0.5
    75	71 12 -0.5
    76	72 12.5 -0.5
    77	73 13 -0.5
    78	74 13.5 -0.5
    79	75 14 -0.5
    80	76 14.5 -0.5
    81	77 15 -0.5
    82	78 15.8077 -0.5
    83	79 16.8047 -0.5
    84	80 18.1077 -0.5
    85	81 19.9047 -0.5
    86	82 22.5 -0.5
    87	83 -7.5 -1
    88	84 -4.9047 -1
    89	85 -3.1077 -1
    90	86 -1.8047 -1
    91	87 -0.8077 -1
    92	88 0 -1
    93	89 0.5 -1
    94	90 1 -1
    95	91 1.5 -1
    96	92 2 -1
    97	93 2.5 -1
    98	94 3 -1
    99	95 3.5 -1
   100	96 4 -1
   101	97 4.5 -1
   102	98 5 -1
   103	99 5.5 -1
   104	100 6 -1
   105	101 6.5 -1
   106	102 7 -1
   107	103 7.5 -1
   108	104 8 -1
   109	105 8.5 -1
   110	106 9 -1
   111	107 9.5 -1
   112	108 10 -1
   113	109 10.5 -1
   114	110 11 -1
   115	111 11.5 -1
   116	112 12 -1
   117	113 12.5 -1
   118	114 13 -1
   119	115 13.5 -1
   120	116 14 -1
   121	117 14.5 -1
   122	118 15 -1
   123	119 15.8077 -1
   124	120 16.8047 -1
   125	121 18.1077 -1
   126	122 19.9047 -1
   127	123 22.5 -1
   128	124 -7.5 -1.5
   129	125 -4.9047 -1.5
   130	126 -3.1077 -1.5
   131	127 -1.8047 -1.5
   132	128 -0.8077 -1.5
   133	129 0 -1.5
   134	130 0.5 -1.5
   135	131 1 -1.5
   136	132 1.5 -1.5
   137	133 2 -1.5
   138	134 2.5 -1.5
   139	135 3 -1.5
   140	136 3.5 -1.5
   141	137 4 -1.5
   142	138 4.5 -1.5
   143	139 5 -1.5
   144	140 5.5 -1.5
   145	141 6 -1.5
   146	142 6.5 -1.5
   147	143 7 -1.5
   148	144 7.5 -1.5
   149	145 8 -1.5
   150	146 8.5 -1.5
   151	147 9 -1.5
   152	148 9.5 -1.5
   153	149 10 -1.5
   154	150 10.5 -1.5
   155	151 11 -1.5
   156	152 11.5 -1.5
   157	153 12 -1.5
   158	154 12.5 -1.5
   159	155 13 -1.5
   160	156 13.5 -1.5
   161	157 14 -1.5
   162	158 14.5 -1.5
   163	159 15 -1.5
   164	160 15.8077 -1.5
   165	161 16.8047 -1.5
   166	162 18.1077 -1.5
   167	163 19.9047 -1.5
   168	164 22.5 -1.5
   169	165 -7.5 -2
   170	166 -4.9047 -2
   171	167 -3.1077 -2
   172	168 -1.8047 -2
   173	169 -0.8077 -2
   174	170 0 -2
   175	171 0.5 -2
   176	172 1 -2
   177	173 1.5 -2
   178	174 2 -2
   179	175 2.5 -2
   180	176 3 -2
   181	177 3.5 -2
   182	178 4 -2
   183	179 4.5 -2
   184	180 5 -2
   185	181 5.5 -2
   186	182 6 -2
   187	183 6.5 -2
   188	184 7 -2
   189	185 7.5 -2
   190	186 8 -2
   191	187 8.5 -2
   192	188 9 -2
   193	189 9.5 -2
   194	190 10 -2
   195	191 10.5 -2
   196	192 11 -2
   197	193 11.5 -2
   198	194 12 -2
   199	195 12.5 -2
   200	196 13 -2
   201	197 13.5 -2
   202	198 14 -2
   203	199 14.5 -2
   204	200 15 -2
   205	201 15.8077 -2
   206	202 16.8047 -2
   207	203 18.1077 -2
   208	204 19.9047 -2
   209	205 22.5 -2
   210	206 -7.5 -2.5
   211	207 -4.9047 -2.5
   212	208 -3.1077 -2.5
   213	209 -1.8047 -2.5
   214	210 -0.8077 -2.5
   215	211 0 -2.5
   216	212 0.5 -2.5
   217	213 1 -2.5
   218	214 1.5 -2.5
   219	215 2 -2.5
   220	216 2.5 -2.5
   221	217 3 -2.5
   222	218 3.5 -2.5
   223	219 4 -2.5
   224	220 4.5 -2.5
   225	221 5 -2.5
   226	222 5.5 -2.5
   227	223 6 -2.5
   228	224 6.5 -2.5
   229	225 7 -2.5
   230	226 7.5 -2.5
   231	227 8 -2.5
   232	228 8.5 -2.5
   233	229 9 -2.5
   234	230 9.5 -2.5
   235	231 10 -2.5
   236	232 10.5 -2.5
   237	233 11 -2.5
   238	234 11.5 -2.5
   239	235 12 -2.5
   240	236 12.5 -2.5
   241	237 13 -2.5
   242	238 13.5 -2.5
   243	239 14 -2.5
   244	240 14.5 -2.5
   245	241 15 -2.5
   246	242 15.8077 -2.5
   247	243 16.8047 -2.5
   248	244 18.1077 -2.5
   249	245 19.9047 -2.5
   250	246 22.5 -2.5
   251	247 -7.5 -3
   252	248 -4.9047 -3
   253	249 -3.1077 -3
   254	250 -1.8047 -3
   255	251 -0.8077 -3
   256	252 0 -3
   257	253 0.5 -3
   258	254 1 -3
   259	255 1.5 -3
   260	256 2 -3
   261	257 2.5 -3
   262	258 3 -3
   263	259 3.5 -3
   264	260 4 -3
   265	261 4.5 -3
   266	262 5 -3
   267	263 5.5 -3
   268	264 6 -3
   269	265 6.5 -3
   270	266 7 -3
   271	267 7.5 -3
   272	268 8 -3
   273	269 8.5 -3
   274	270 9 -3
   275	271 9.5 -3
   276	272 10 -3
   277	273 10.5 -3
   278	274 11 -3
   279	275 11.5 -3
   280	276 12 -3
   281	277 12.5 -3
   282	278 13 -3
   283	279 13.5 -3
   284	280 14 -3
   285	281 14.5 -3
   286	282 15 -3
   287	283 15.8077 -3
   288	284 16.8047 -3
   289	285 18.1077 -3
   290	286 19.9047 -3
   291	287 22.5 -3
   292	288 -7.5 -3.5
   293	289 -4.9047 -3.5
   294	290 -3.1077 -3.5
   295	291 -1.8047 -3.5
   296	292 -0.8077 -3.5
   297	293 0 -3.5
   298	294 0.5 -3.5
   299	295 1 -3.5
   300	296 1.5 -3.5
   301	297 2 -3.5
   302	298 2.5 -3.5
   303	299 3 -3.5
   304	300 3.5 -3.5
   305	301 4 -3.5
   306	302 4.5 -3.5
   307	303 5 -3.5
   308	304 5.5 -3.5
   309	305 6 -3.5
   310	306 6.5 -3.5
   311	307 7 -3.5
   312	308 7.5 -3.5
   313	309 8 -3.5
   314	310 8.5 -3.5
   315	311 9 -3.5
   316	312 9.5 -3.5
   317	313 10 -3.5
   318	314 10.5 -3.5
   319	315 11 -3.5
   320	316 11.5 -3.5
   321	317 12 -3.5
   322	318 12.5 -3.5
   323	319 13 -3.5
   324	320 13.5 -3.5
   325	321 14 -3.5
   326	322 14.5 -3.5
   327	323 15 -3.5
   328	324 15.8077 -3.5
   329	325 16.8047 -3.5
   330	326 18.1077 -3.5
   331	327 19.9047 -3.5
   332	328 22.5 -3.5
   333	329 -7.5 -4
   334	330 -4.9047 -4
   335	331 -3.1077 -4
   336	332 -1.8047 -4
   337	333 -0.8077 -4
   338	334 0 -4
   339	335 0.5 -4
   340	336 1 -4
   341	337 1.5 -4
   342	338 2 -4
   343	339 2.5 -4
   344	340 3 -4
   345	341 3.5 -4
   346	342 4 -4
   347	343 4.5 -4
   348	344 5 -4
   349	345 5.5 -4
   350	346 6 -4
   351	347 6.5 -4
   352	348 7 -4
   353	349 7.5 -4
   354	350 8 -4
   355	351 8.5 -4
   356	352 9 -4
   357	353 9.5 -4
   358	354 10 -4
   359	355 10.5 -4
   360	356 11 -4
   361	357 11.5 -4
   362	358 12 -4
   363	359 12.5 -4
   364	360 13 -4
   365	361 13.5 -4
   366	362 14 -4
   367	363 14.5 -4
   368	364 15 -4
   369	365 15.8077 -4
   370	366 16.8047 -4
   371	367 18.1077 -4
   372	368 19.9047 -4
   373	369 22.5 -4
   374	370 -7.5 -4.5
   375	371 -4.9047 -4.5
   376	372 -3.1077 -4.5
   377	373 -1.8047 -4.5
   378	374 -0.8077 -4.5
   379	375 0 -4.5
   380	376 0.5 -4.5
   381	377 1 -4.5
   382	378 1.5 -4.5
   383	379 2 -4.5
   384	380 2.5 -4.5
   385	381 3 -4.5
   386	382 3.5 -4.5
   387	383 4 -4.5
   388	384 4.5 -4.5
   389	385 5 -4.5
   390	386 5.5 -4.5
   391	387 6 -4.5
   392	388 6.5 -4.5
   393	389 7 -4.5
   394	390 7.5 -4.5
   395	391 8 -4.5
   396	392 8.5 -4.5
   397	393 9 -4.5
   398	394 9.5 -4.5
   399	395 10 -4.5
   400	396 10.5 -4.5
   401	397 11 -4.5
   402	398 11.5 -4.5
   403	399 12 -4.5
   404	400 12.5 -4.5
   405	401 13 -4.5
   406	402 13.5 -4.5
   407	403 14 -4.5
   408	404 14.5 -4.5
   409	405 15 -4.5
   410	406 15.8077 -4.5
   411	407 16.8047 -4.5
   412	408 18.1077 -4.5
   413	409 19.9047 -4.5
   414	410 22.5 -4.5
   415	411 -7.5 -5
   416	412 -4.9047 -5
   417	413 -3.1077 -5
   418	414 -1.8047 -5
   419	415 -0.8077 -5
   420	416 0 -5
   421	417 0.5 -5
   422	418 1 -5
   423	419 1.5 -5
   424	420 2 -5
   425	421 2.5 -5
   426	422 3 -5
   427	423 3.5 -5
   428	424 4 -5
   429	425 4.5 -5
   430	426 5 -5
   431	427 5.5 -5
   432	428 6 -5
   433	429 6.5 -5
   434	430 7 -5
   435	431 7.5 -5
   436	432 8 -5
   437	433 8.5 -5
   438	434 9 -5
   439	435 9.5 -5
   440	436 10 -5
   441	437 10.5 -5
   442	438 11 -5
   443	439 11.5 -5
   444	440 12 -5
   445	441 12.5 -5
   446	442 13 -5
   447	443 13.5 -5
   448	444 14 -5
   449	445 14.5 -5
   450	446 15 -5
   451	447 15.8077 -5
   452	448 16.8047 -5
   453	449 18.1077 -5
   454	450 19.9047 -5
   455	451 22.5 -5
   456	452 -7.5 -5.5981
   457	453 -4.9047 -5.5981
   458	454 -3.1077 -5.5981
   459	455 -1.8047 -5.5981
   460	456 -0.8077 -5.5981
   461	457 0 -5.5981
   462	458 0.5 -5.5981
   463	459 1 -5.5981
   464	460 1.5 -5.5981
   465	461 2 -5.5981
   466	462 2.5 -5.5981
   467	463 3 -5.5981
   468	464 3.5 -5.5981
   469	465 4 -5.5981
   470	466 4.5 -5.5981
   471	467 5 -5.5981
   472	468 5.5 -5.5981
   473	469 6 -5.5981
   474	470 6.5 -5.5981
   475	471 7 -5.5981
   476	472 7.5 -5.5981
   477	473 8 -5.5981
   478	474 8.5 -5.5981
   479	475 9 -5.5981
   480	476 9.5 -5.5981
   481	477 10 -5.5981
   482	478 10.5 -5.5981
   483	479 11 -5.5981
   484	480 11.5 -5.5981
   485	481 12 -5.5981
   486	482 12.5 -5.5981
   487	483 13 -5.5981
   488	484 13.5 -5.5981
   489	485 14 -5.5981
   490	486 14.5 -5.5981
   491	487 15 -5.5981
   492	488 15.8077 -5.5981
   493	489 16.8047 -5.5981
   494	490 18.1077 -5.5981
   495	491 19.9047 -5.5981
   496	492 22.5 -5.5981
   497	493 -7.5 -6.2155
   498	494 -4.9047 -6.2155
   499	495 -3.1077 -6.2155
   500	496 -1.8047 -6.2155
   501	497 -0.8077 -6.2155
   502	498 0 -6.2155
   503	499 0.5 -6.2155
   504	500 1 -6.2155
   505	501 1.5 -6.2155
   506	502 2 -6.2155
   507	503 2.5 -6.2155
   508	504 3 -6.2155
   509	505 3.5 -6.2155
   510	506 4 -6.2155
   511	507 4.5 -6.2155
   512	508 5 -6.2155
   513	509 5.5 -6.2155
   514	510 6 -6.2155
   515	511 6.5 -6.2155
   516	512 7 -6.2155
   517	513 7.5 -6.2155
   518	514 8 -6.2155
   519	515 8.5 -6.2155
   520	516 9 -6.2155
   521	517 9.5 -6.2155
   522	518 10 -6.2155
   523	519 10.5 -6.2155
   524	520 11 -6.2155
   525	521 11.5 -6.2155
   526	522 12 -6.2155
   527	523 12.5 -6.2155
   528	524 13 -6.2155
   529	525 13.5 -6.2155
   530	526 14 -6.2155
   531	527 14.5 -6.2155
   532	528 15 -6.2155
   533	529 15.8077 -6.2155
   534	530 16.8047 -6.2155
   535	531 18.1077 -6.2155
   536	532 19.9047 -6.2155
   537	533 22.5 -6.2155
   538	534 -7.5 -6.8559
   539	535 -4.9047 -6.8559
   540	536 -3.1077 -6.8559
   541	537 -1.8047 -6.8559
   542	538 -0.8077 -6.8559
   543	539 0 -6.8559
   544	540 0.5 -6.8559
   545	541 1 -6.8559
   546	542 1.5 -6.8559
   547	543 2 -6.8559
   548	544 2.5 -6.8559
   549	545 3 -6.8559
   550	546 3.5 -6.8559
   551	547 4 -6.8559
   552	548 4.5 -6.8559
   553	549 5 -6.8559
   554	550 5.5 -6.8559
   555	551 6 -6.8559
   556	552 6.5 -6.8559
   557	553 7 -6.8559
   558	554 7.5 -6.8559
   559	555 8 -6.8559
   560	556 8.5 -6.8559
   561	557 9 -6.8559
   562	558 9.5 -6.8559
   563	559 10 -6.8559
   564	560 10.5 -6.8559
   565	561 11 -6.8559
   566	562 11.5 -6.8559
   567	563 12 -6.8559
   568	564 12.5 -6.8559
   569	565 13 -6.8559
   570	566 13.5 -6.8559
   571	567 14 -6.8559
   572	568 14.5 -6.8559
   573	569 15 -6.8559
   574	570 15.8077 -6.8559
   575	571 16.8047 -6.8559
   576	572 18.1077 -6.8559
   577	573 19.9047 -6.8559
   578	574 22.5 -6.8559
   579	575 -7.5 -7.5238
   580	576 -4.9047 -7.5238
   581	577 -3.1077 -7.5238
   582	578 -1.8047 -7.5238
   583	579 -0.8077 -7.5238
   584	580 0 -7.5238
   585	581 0.5 -7.5238
   586	582 1 -7.5238
   587	583 1.5 -7.5238
   588	584 2 -7.5238
   589	585 2.5 -7.5238
   590	586 3 -7.5238
   591	587 3.5 -7.5238
   592	588 4 -7.5238
   593	589 4.5 -7.5238
   594	590 5 -7.5238
   595	591 5.5 -7.5238
   596	592 6 -7.5238
   597	593 6.5 -7.5238
   598	594 7 -7.5238
   599	595 7.5 -7.5238
   600	596 8 -7.5238
   601	597 8.5 -7.5238
   602	598 9 -7.5238
   603	599 9.5 -7.5238
   604	600 10 -7.5238
   605	601 10.5 -7.5238
   606	602 11 -7.5238
   607	603 11.5 -7.5238
   608	604 12 -7.5238
   609	605 12.5 -7.5238
   610	606 13 -7.5238
   611	607 13.5 -7.5238
   612	608 14 -7.5238
   613	609 14.5 -7.5238
   614	610 15 -7.5238
   615	611 15.8077 -7.5238
   616	612 16.8047 -7.5238
   617	613 18.1077 -7.5238
   618	614 19.9047 -7.5238
   619	615 22.5 -7.5238
   620	616 -7.5 -8.2247
   621	617 -4.9047 -8.2247
   622	618 -3.1077 -8.2247
   623	619 -1.8047 -8.2247
   624	620 -0.8077 -8.2247
   625	621 0 -8.2247
   626	622 0.5 -8.2247
   627	623 1 -8.2247
   628	624 1.5 -8.2247
   629	625 2 -8.2247
   630	626 2.5 -8.2247
   631	627 3 -8.2247
   632	628 3.5 -8.2247
   633	629 4 -8.2247
   634	630 4.5 -8.2247
   635	631 5 -8.2247
   636	632 5.5 -8.2247
   637	633 6 -8.2247
   638	634 6.5 -8.2247
   639	635 7 -8.2247
   640	636 7.5 -8.2247
   641	637 8 -8.2247
   642	638 8.5 -8.2247
   643	639 9 -8.2247
   644	640 9.5 -8.2247
   645	641 10 -8.2247
   646	642 10.5 -8.2247
   647	643 11 -8.2247
   648	644 11.5 -8.2247
   649	645 12 -8.2247
   650	646 12.5 -8.2247
   651	647 13 -8.2247
   652	648 13.5 -8.2247
   653	649 14 -8.2247
   654	650 14.5 -8.2247
   655	651 15 -8.2247
   656	652 15.8077 -8.2247
   657	653 16.8047 -8.2247
   658	654 18.1077 -8.2247
   659	655 19.9047 -8.2247
   660	656 22.5 -8.2247
   661	657 -7.5 -8.9651
   662	658 -4.9047 -8.9651
   663	659 -3.1077 -8.9651
   664	660 -1.8047 -8.9651
   665	661 -0.8077 -8.9651
   666	662 0 -8.9651
   667	663 0.5 -8.9651
   668	664 1 -8.9651
   669	665 1.5 -8.9651
   670	666 2 -8.9651
   671	667 2.5 -8.9651
   672	668 3 -8.9651
   673	669 3.5 -8.9651
   674	670 4 -8.9651
   675	671 4.5 -8.9651
   676	672 5 -8.9651
   677	673 5.5 -8.9651
   678	674 6 -8.9651
   679	675 6.5 -8.9651
   680	676 7 -8.9651
   681	677 7.5 -8.9651
   682	678 8 -8.9651
   683	679 8.5 -8.9651
   684	680 9 -8.9651
   685	681 9.5 -8.9651
   686	682 10 -8.9651
   687	683 10.5 -8.9651
   688	684 11 -8.9651
   689	685 11.5 -8.9651
   690	686 12 -8.9651
   691	687 12.5 -8.9651
   692	688 13 -8.9651
   693	689 13.5 -8.9651
   694	690 14 -8.9651
   695	691 14.5 -8.9651
   696	692 15 -8.9651
   697	693 15.8077 -8.9651
   698	694 16.8047 -8.9651
   699	695 18.1077 -8.9651
   700	696 19.9047 -8.9651
   701	697 22.5 -8.9651
   702	698 -7.5 -9.7526
   703	699 -4.9047 -9.7526
   704	700 -3.1077 -9.7526
   705	701 -1.8047 -9.7526
   706	702 -0.8077 -9.7526
   707	703 0 -9.7526
   708	704 0.5 -9.7526
   709	705 1 -9.7526
   710	706 1.5 -9.7526
   711	707 2 -9.7526
   712	708 2.5 -9.7526
   713	709 3 -9.7526
   714	710 3.5 -9.7526
   715	711 4 -9.7526
   716	712 4.5 -9.7526
   717	713 5 -9.7526
   718	714 5.5 -9.7526
   719	715 6 -9.7526
   720	716 6.5 -9.7526
   721	717 7 -9.7526
   722	718 7.5 -9.7526
   723	719 8 -9.7526
   724	720 8.5 -9.7526
   725	721 9 -9.7526
   726	722 9.5 -9.7526
   727	723 10 -9.7526
   728	724 10.5 -9.7526
   729	725 11 -9.7526
   730	726 11.5 -9.7526
   731	727 12 -9.7526
   732	728 12.5 -9.7526
   733	729 13 -9.7526
   734	730 13.5 -9.7526
   735	731 14 -9.7526
   736	732 14.5 -9.7526
   737	733 15 -9.7526
   738	734 15.8077 -9.7526
   739	735 16.8047 -9.7526
   740	736 18.1077 -9.7526
   741	737 19.9047 -9.7526
   742	738 22.5 -9.7526
   743	739 -7.5 -10.5965
   744	740 -4.9047 -10.5965
   745	741 -3.1077 -10.5965
   746	742 -1.8047 -10.5965
   747	743 -0.8077 -10.5965
   748	744 0 -10.5965
   749	745 0.5 -10.5965
   750	746 1 -10.5965
   751	747 1.5 -10.5965
   752	748 2 -10.5965
   753	749 2.5 -10.5965
   754	750 3 -10.5965
   755	751 3.5 -10.5965
   756	752 4 -10.5965
   757	753 4.5 -10.5965
   758	754 5 -10.5965
   759	755 5.5 -10.5965
   760	756 6 -10.5965
   761	757 6.5 -10.5965
   762	758 7 -10.5965
   763	759 7.5 -10.5965
   764	760 8 -10.5965
   765	761 8.5 -10.5965
   766	762 9 -10.5965
   767	763 9.5 -10.5965
   768	764 10 -10.5965
   769	765 10.5 -10.5965
   770	766 11 -10.5965
   771	767 11.5 -10.5965
   772	768 12 -10.5965
   773	769 12.5 -10.5965
   774	770 13 -10.5965
   775	771 13.5 -10.5965
   776	772 14 -10.5965
   777	773 14.5 -10.5965
   778	774 15 -10.5965
   779	775 15.8077 -10.5965
   780	776 16.8047 -10.5965
   781	777 18.1077 -10.5965
   782	778 19.9047 -10.5965
   783	779 22.5 -10.5965
   784	780 -7.5 -11.5079
   785	781 -4.9047 -11.5079
   786	782 -3.1077 -11.5079
   787	783 -1.8047 -11.5079
   788	784 -0.8077 -11.5079
   789	785 0 -11.5079
   790	786 0.5 -11.5079
   791	787 1 -11.5079
   792	788 1.5 -11.5079
   793	789 2 -11.5079
   794	790 2.5 -11.5079
   795	791 3 -11.5079
   796	792 3.5 -11.5079
   797	793 4 -11.5079
   798	794 4.5 -11.5079
   799	795 5 -11.5079
   800	796 5.5 -11.5079
   801	797 6 -11.5079
   802	798 6.5 -11.5079
   803	799 7 -11.5079
   804	800 7.5 -11.5079
   805	801 8 -11.5079
   806	802 8.5 -11.5079
   807	803 9 -11.5079
   808	804 9.5 -11.5079
   809	805 10 -11.5079
   810	806 10.5 -11.5079
   811	807 11 -11.5079
   812	808 11.5 -11.5079
   813	809 12 -11.5079
   814	810 12.5 -11.5079
   815	811 13 -11.5079
   816	812 13.5 -11.5079
   817	813 14 -11.5079
   818	814 14.5 -11.5079
   819	815 15 -11.5079
   820	816 15.8077 -11.5079
   821	817 16.8047 -11.5079
   822	818 18.1077 -11.5079
   823	819 19.9047 -11.5079
   824	820 22.5 -11.5079
   825	821 -7.5 -12.5
   826	822 -4.9047 -12.5
   827	823 -3.1077 -12.5
   828	824 -1.8047 -12.5
   829	825 -0.8077 -12.5
   830	826 0 -12.5
   831	827 0.5 -12.5
   832	828 1 -12.5
   833	829 1.5 -12.5
   834	830 2 -12.5
   835	831 2.5 -12.5
   836	832 3 -12.5
   837	833 3.5 -12.5
   838	834 4 -12.5
   839	835 4.5 -12.5
   840	836 5 -12.5
   841	837 5.5 -12.5
   842	838 6 -12.5
   843	839 6.5 -12.5
   844	840 7 -12.5
   845	841 7.5 -12.5
   846	842 8 -12.5
   847	843 8.5 -12.5
   848	844 9 -12.5
   849	845 9.5 -12.5
   850	846 10 -12.5
   851	847 10.5 -12.5
   852	848 11 -12.5
   853	849 11.5 -12.5
   854	850 12 -12.5
   855	851 12.5 -12.5
   856	852 13 -12.5
   857	853 13.5 -12.5
   858	854 14 -12.5
   859	855 14.5 -12.5
   860	856 15 -12.5
   861	857 15.8077 -12.5
   862	858 16.8047 -12.5
   863	859 18.1077 -12.5
   864	860 19.9047 -12.5
   865	861 22.5 -12.5
   866	42 43 2 1 
   867	43 44 3 2 
   868	44 45 4 3 
   869	45 46 5 4 
   870	46 47 6 5 
   871	47 48 7 6 
   872	48 49 8 7 
   873	49 50 9 8 
   874	50 51 10 9 
   875	51 52 11 10 
   876	52 53 12 11 
   877	53 54 13 12 
   878	54 55 14 13 
   879	55 56 15 14 
   880	56 57 16 15 
   881	57 58 17 16 
   882	58 59 18 17 
   883	59 60 19 18 
   884	60 61 20 19 
   885	61 62 21 20 
   886	62 63 22 21 
   887	63 64 23 22 
   888	64 65 24 23 
   889	65 66 25 24 
   890	66 67 26 25 
   891	67 68 27 26 
   892	68 69 28 27 
   893	69 70 29 28 
   894	70 71 30 29 
   895	71 72 31 30 
   896	72 73 32 31 
   897	73 74 33 32 
   898	74 75 34 33 
   899	75 76 35 34 
   900	76 77 36 35 
   901	77 78 37 36 
   902	78 79 38 37 
   903	79 80 39 38 
   904	80 81 40 39 
   905	81 82 41 40 
   906	83 84 43 42 
   907	84 85 44 43 
   908	85 86 45 44 
   909	86 87 46 45 
   910	87 88 47 46 
   911	88 89 48 47 
   912	89 90 49 48 
   913	90 91 50 49 
   914	91 92 51 50 
   915	92 93 52 51 
   916	93 94 53 52 
   917	94 95 54 53 
   918	95 96 55 54 
   919	96 97 56 55 
   920	97 98 57 56 
   921	98 99 58 57 
   922	99 100 59 58 
   923	100 101 60 59 
   924	101 102 61 60 
   925	102 103 62 61 
   926	103 104 63 62 
   927	104 105 64 63 
   928	105 106 65 64 
   929	106 107 66 65 
   930	107 108 67 66 
   931	108 109 68 67 
   932	109 110 69 68 
   933	110 111 70 69 
   934	111 112 71 70 
   935	112 113 72 71 
   936	113 114 73 72 
   937	114 115 74 73 
   938	115 116 75 74 
   939	116 117 76 75 
   940	117 118 77 76 
   941	118 119 78 77 
   942	119 120 79 78 
   943	120 121 80 79 
   944	121 122 81 80 
   945	122 123 82 81 
   946	124 125 84 83 
   947	125 126 85 84 
   948	126 127 86 85 
   949	127 128 87 86 
   950	128 129 88 87 
   951	129 130 89 88 
   952	130 131 90 89 
   953	131 132 91 90 
   954	132 133 92 91 
   955	133 134 93 92 
   956	134 135 94 93 
   957	135 136 95 94 
   958	136 137 96 95 
   959	137 138 97 96 
   960	138 139 98 97 
   961	139 140 99 98 
   962	140 141 100 99 
   963	141 142 101 100 
   964	142 143 102 101 
   965	143 144 103 102 
   966	144 145 104 103 
   967	145 146 105 104 
   968	146 147 106 105 
   969	147 148 107 106 
   970	148 149 108 107 
   971	149 150 109 108 
   972	150 151 110 109 
   973	151 152 111 110 
   974	152 153 112 111 
   975	153 154 113 112 
   976	154 155 114 113 
   977	155 156 115 114 
   978	156 157 116 115 
   979	157 158 117 116 
   980	158 159 118 117 
   981	159 160 119 118 
   982	160 161 120 119 
   983	161 162 121 120 
   984	162 163 122 121 
   985	163 164 123 122 
   986	165 166 125 124 
   987	166 167 126 125 
   988	167 168 127 126 
   989	168 169 128 127 
   990	169 170 129 128 
   991	170 171 130 129 
   992	171 172 131 130 
   993	172 173 132 131 
   994	173 174 133 132 
   995	174 175 134 133 
   996	175 176 135 134 
   997	176 177 136 135 
   998	177 178 137 136 
   999	178 179 138 137 
  1000	179 180 139 138 
  1001	180 181 140 139 
  1002	181 182 141 140 
  1003	182 183 142 141 
  1004	183 184 143 142 
  1005	184 185 144 143 
  1006	185 186 145 144 
  1007	186 187 146 145 
  1008	187 188 147 146 
  1009	188 189 148 147 
  1010	189 190 149 148 
  1011	190 191 150 149 
  1012	191 192 151 150 
  1013	192 193 152 151 
  1014	193 194 153 152 
  1015	194 195 154 153 
  1016	195 196 155 154 
  1017	196 197 156 155 
  1018	197 198 157 156 
  1019	198 199 158 157 
  1020	199 200 159 158 
  1021	200 201 160 159 
  1022	201 202 161 160 
  1023	202 203 162 161 
  1024	203 204 163 162 
  1025	204 205 164 163 
  1026	206 207 166 165 
  1027	207 208 167 166 
  1028	208 209 168 167 
  1029	209 210 169 168 
  1030	210 211 170 169 
  1031	211 212 171 170 
  1032	212 213 172 171 
  1033	213 214 173 172 
  1034	214 215 174 173 
  1035	215 216 175 174 
  1036	216 217 176 175 
  1037	217 218 177 176 
  1038	218 219 178 177 
  1039	219 220 179 178 
  1040	220 221 180 179 
  1041	221 222 181 180 
  1042	222 223 182 181 
  1043	223 224 183 182 
  1044	224 225 184 183 
  1045	225 226 185 184 
  1046	226 227 186 185 
  1047	227 228 187 186 
  1048	228 229 188 187 
  1049	229 230 189 188 
  1050	230 231 190 189 
  1051	231 232 191 190 
  1052	232 233 192 191 
  1053	233 234 193 192 
  1054	234 235 194 193 
  1055	235 236 195 194 
  1056	236 237 196 195 
  1057	237 238 197 196 
  1058	238 239 198 197 
  1059	239 240 199 198 
  1060	240 241 200 199 
  1061	241 242 201 200 
  1062	242 243 202 201 
  1063	243 244 203 202 
  1064	244 245 204 203 
  1065	245 246 205 204 
  1066	247 248 207 206 
  1067	248 249 208 207 
  1068	249 250 209 208 
  1069	250 251 210 209 
  1070	251 252 211 210 
  1071	252 253 212 211 
  1072	253 254 213 212 
  1073	254 255 214 213 
  1074	255 256 215 214 
  1075	256 257 216 215 
  1076	257 258 217 216 
  1077	258 259 218 217 
  1078	259 260 219 218 
  1079	260 261 220 219 
  1080	261 262 221 220 
  1081	262 263 222 221 
  1082	263 264 223 222 
  1083	264 265 224 223 
  1084	265 266 225 224 
  1085	266 267 226 225 
  1086	267 268 227 226 
  1087	268 269 228 227 
  1088	269 270 229 228 
  1089	270 271 230 229 
  1090	271 272 231 230 
  1091	272 273 232 231 
  1092	273 274 233 232 
  1093	274 275 234 233 
  1094	275 276 235 234 
  1095	276 277 236 235 
  1096	277 278 237 236 
  1097	278 279 238 237 
  1098	279 280 239 238 
  1099	280 281 240 239 
  1100	281 282 241 240 
  1101	282 283 242 241 
  1102	283 284 243 242 
  1103	284 285 244 243 
  1104	285 286 245 244 
  1105	286 287 246 245 
  1106	288 289 248 247 
  1107	289 290 249 248 
  1108	290 291 250 249 
  1109	291 292 251 250 
  1110	292 293 252 251 
  1111	293 294 253 252 
  1112	294 295 254 253 
  1113	295 296 255 254 
  1114	296 297 256 255 
  1115	297 298 257 256 
  1116	298 299 258 257 
  1117	299 300 259 258 
  1118	300 301 260 259 
  1119	301 302 261 260 
  1120	302 303 262 261 
  1121	303 304 263 262 
  1122	304 305 264 263 
  1123	305 306 265 264 
  1124	306 307 266 265 
  1125	307 308 267 266 
  1126	308 309 268 267 
  1127	309 310 269 268 
  1128	310 311 270 269 
  1129	311 312 271 270 
  1130	312 313 272 271 
  1131	313 314 273 272 
  1132	314 315 274 273 
  1133	315 316 275 274 
  1134	316 317 276 275 
  1135	317 318 277 276 
  1136	318 319 278 277 
  1137	319 320 279 278 
  1138	320 321 280 279 
  1139	321 322 281 280 
  1140	322 323 282 281 
  1141	323 324 283 282 
  1142	324 325 284 283 
  1143	325 326 285 284 
  1144	326 327 286 285 
  1145	327 328 287 286 
  1146	329 330 289 288 
  1147	330 331 290 289 
  1148	331 332 291 290 
  1149	332 333 292 291 
  1150	333 334 293 292 
  1151	334 335 294 293 
  1152	335 336 295 294 
  1153	336 337 296 295 
  1154	337 338 297 296 
  1155	338 339 298 297 
  1156	339 340 299 298 
  1157	340 341 300 299 
  1158	341 342 301 300 
  1159	342 343 302 301 
  1160	343 344 303 302 
  1161	344 345 304 303 
  1162	345 346 305 304 
  1163	346 347 306 305 
  1164	347 348 307 306 
  1165	348 349 308 307 
  1166	349 350 309 308 
  1167	350 351 310 309 
  1168	351 352 311 310 
  1169	352 353 312 311 
  1170	353 354 313 312 
  1171	354 355 314 313 
  1172	355 356 315 314 
  1173	356 357 316 315 
  1174	357 358 317 316 
  1175	358 359 318 317 
  1176	359 360 319 318 
  1177	360 361 320 319 
  1178	361 362 321 320 
  1179	362 363 322 321 
  1180	363 364 323 322 
  1181	364 365 324 323 
  1182	365 366 325 324 
  1183	366 367 326 325 
  1184	367 368 327 326 
  1185	368 369 328 327 
  1186	370 371 330 329 
  1187	371 372 331 330 
  1188	372 373 332 331 
  1189	373 374 333 332 
  1190	374 375 334 333 
  1191	375 376 335 334 
  1192	376 377 336 335 
  1193	377 378 337 336 
  1194	378 379 338 337 
  1195	379 380 339 338 
  1196	380 381 340 339 
  1197	381 382 341 340 
  1198	382 383 342 341 
  1199	383 384 343 342 
  1200	384 385 344 343 
  1201	385 386 345 344 
  1202	386 387 346 345 
  1203	387 388 347 346 
  1204	388 389 348 347 
  1205	389 390 349 348 
  1206	390 391 350 349 
  1207	391 392 351 350 
  1208	392 393 352 351 
  1209	393 394 353 352 
  1210	394 395 354 353 
  1211	395 396 355 354 
  1212	396 397 356 355 
  1213	397 398 357 356 
  1214	398 399 358 357 
  1215	399 400 359 358 
  1216	400 401 360 359 
  1217	401 402 361 360 
  1218	402 403 362 361 
  1219	403 404 363 362 
  1220	404 405 364 363 
  1221	405 406 365 364 
  1222	406 407 366 365 
  1223	407 408 367 366 
  1224	408 409 368 367 
  1225	409 410 369 368 
  1226	411 412 371 370 
  1227	412 413 372 371 
  1228	413 414 373 372 
  1229	414 415 374 373 
  1230	415 416 375 374 
  1231	416 417 376 375 
  1232	417 418 377 376 
  1233	418 419 378 377 
  1234	419 420 379 378 
  1235	420 421 380 379 
  1236	421 422 381 380 
  1237	422 423 382 381 
  1238	423 424 383 382 
  1239	424 425 384 383 
  1240	425 426 385 384 
  1241	426 427 386 385 
  1242	427 428 387 386 
  1243	428 429 388 387 
  1244	429 430 389 388 
  1245	430 431 390 389 
  1246	431 432 391 390 
  1247	432 433 392 391 
  1248	433 434 393 392 
  1249	434 435 394 393 
  1250	435 436 395 394 
  1251	436 437 396 395 
  1252	437 438 397 396 
  1253	438 439 398 397 
  1254	439 440 399 398 
  1255	440 441 400 399 
  1256	441 442 401 400 
  1257	442 443 402 401 
  1258	443 444 403 402 
  1259	444 445 404 403 
  1260	445 446 405 404 
  1261	446 447 406 405 
  1262	447 448 407 406 
  1263	448 449 408 407 
  1264	449 450 409 408 
  1265	450 451 410 409 
  1266	452 453 412 411 
  1267	453 454 413 412 
  1268	454 455 414 413 
  1269	455 456 415 414 
  1270	456 457 416 415 
  1271	457 458 417 416 
  1272	458 459 418 417 
  1273	459 460 419 418 
  1274	460 461 420 419 
  1275	461 462 421 420 
  1276	462 463 422 421 
  1277	463 464 423 422 
  1278	464 465 424 423 
  1279	465 466 425 424 
  1280	466 467 426 425 
  1281	467 468 427 426 
  1282	468 469 428 427 
  1283	469 470 429 428 
  1284	470 471 430 429 
  1285	471 472 431 430 
  1286	472 473 432 431 
  1287	473 474 433 432 
  1288	474 475 434 433 
  1289	475 476 435 434 
  1290	476 477 436 435 
  1291	477 478 437 436 
  1292	478 479 438 437 
  1293	479 480 439 438 
  1294	480 481 440 439 
  1295	481 482 441 440 
  1296	482 483 442 441 
  1297	483 484 443 442 
  1298	484 485 444 443 
  1299	485 486 445 444 
  1300	486 487 446 445 
  1301	487 488 447 446 
  1302	488 489 448 447 
  1303	489 490 449 448 
  1304	490 491 450 449 
  1305	491 492 451 450 
  1306	493 494 453 452 
  1307	494 495 454 453 
  1308	495 496 455 454 
  1309	496 497 456 455 
  1310	497 498 457 456 
  1311	498 499 458 457 
  1312	499 500 459 458 
  1313	500 501 460 459 
  1314	501 502 461 460 
  1315	502 503 462 461 
  1316	503 504 463 462 
  1317	504 505 464 463 
  1318	505 506 465 464 
  1319	506 507 466 465 
  1320	507 508 467 466 
  1321	508 509 468 467 
  1322	509 510 469 468 
  1323	510 511 470 469 
  1324	511 512 471 470 
  1325	512 513 472 471 
  1326	513 514 473 472 
  1327	514 515 474 473 
  1328	515 516 475 474 
  1329	516 517 476 475 
  1330	517 518 477 476 
  1331	518 519 478 477 
  1332	519 520 479 478 
  1333	520 521 480 479 
  1334	521 522 481 480 
  1335	522 523 482 481 
  1336	523 524 483 482 
  1337	524 525 484 483 
  1338	525 526 485 484 
  1339	526 527 486 485 
  1340	527 528 487 486 
  1341	528 529 488 487 
  1342	529 530 489 488 
  1343	530 531 490 489 
  1344	531 532 491 490 
  1345	532 533 492 491 
  1346	534 535 494 493 
  1347	535 536 495 494 
  1348	536 537 496 495 
  1349	537 538 497 496 
  1350	538 539 498 497 
  1351	539 540 499 498 
  1352	540 541 500 499 
  1353	541 542 501 500 
  1354	542 543 502 501 
  1355	543 544 503 502 
  1356	544 545 504 503 
  1357	545 546 505 504 
  1358	546 547 506 505 
  1359	547 548 507 506 
  1360	548 549 508 507 
  1361	549 550 509 508 
  1362	550 551 510 509 
  1363	551 552 511 510 
  1364	552 553 512 511 
  1365	553 554 513 512 
  1366	554 555 514 513 
  1367	555 556 515 514 
  1368	556 557 516 515 
  1369	557 558 517 516 
  1370	558 559 518 517 
  1371	559 560 519 518 
  1372	560 561 520 519 
  1373	561 562 521 520 
  1374	562 563 522 521 
  1375	563 564 523 522 
  1376	564 565 524 523 
  1377	565 566 525 524 
  1378	566 567 526 525 
  1379	567 568 527 526 
  1380	568 569 528 527 
  1381	569 570 529 528 
  1382	570 571 530 529 
  1383	571 572 531 530 
  1384	572 573 532 531 
  1385	573 574 533 532 
  1386	575 576 535 534 
  1387	576 577 536 535 
  1388	577 578 537 536 
  1389	578 579 538 537 
  1390	579 580 539 538 
  1391	580 581 540 539 
  1392	581 582 541 540 
  1393	582 583 542 541 
  1394	583 584 543 542 
  1395	584 585 544 543 
  1396	585 586 545 544 
  1397	586 587 546 545 
  1398	587 588 547 546 
  1399	588 589 548 547 
  1400	589 590 549 548 
  1401	590 591 550 549 
  1402	591 592 551 550 
  1403	592 593 552 551 
  1404	593 594 553 552 
  1405	594 595 554 553 
  1406	595 596 555 554 
  1407	596 597 556 555 
  1408	597 598 557 556 
  1409	598 599 558 557 
  1410	599 600 559 558 
  1411	600 601 560 559 
  1412	601 602 561 560 
  1413	602 603 562 561 
  1414	603 604 563 562 
  1415	604 605 564 563 
  1416	605 606 565 564 
  1417	606 607 566 565 
  1418	607 608 567 566 
  1419	608 609 568 567 
  1420	609 610 569 568 
  1421	610 611 570 569 
  1422	611 612 571 570 
  1423	612 613 572 571 
  1424	613 614 573 572 
  1425	614 615 574 573 
  1426	616 617 576 575 
  1427	617 618 577 576 
  1428	618 619 578 577 
  1429	619 620 579 578 
  1430	620 621 580 579 
  1431	621 622 581 580 
  1432	622 623 582 581 
  1433	623 624 583 582 
  1434	624 625 584 583 
  1435	625 626 585 584 
  1436	626 627 586 585 
  1437	627 628 587 586 
  1438	628 629 588 587 
  1439	629 630 589 588 
  1440	630 631 590 589 
  1441	631 632 591 590 
  1442	632 633 592 591 
  1443	633 634 593 592 
  1444	634 635 594 593 
  1445	635 636 595 594 
  1446	636 637 596 595 
  1447	637 638 597 596 
  1448	638 639 598 597 
  1449	639 640 599 598 
  1450	640 641 600 599 
  1451	641 642 601 600 
  1452	642 643 602 601 
  1453	643 644 603 602 
  1454	644 645 604 603 
  1455	645 646 605 604 
  1456	646 647 606 605 
  1457	647 648 607 606 
  1458	648 649 608 607 
  1459	649 650 609 608 
  1460	650 651 610 609 
  1461	651 652 611 610 
  1462	652 653 612 611 
  1463	653 654 613 612 
  1464	654 655 614 613 
  1465	655 656 615 614 
  1466	657 658 617 616 
  1467	658 659 618 617 
  1468	659 660 619 618 
  1469	660 661 620 619 
  1470	661 662 621 620 
  1471	662 663 622 621 
  1472	663 664 623 622 
  1473	664 665 624 623 
  1474	665 666 625 624 
  1475	666 667 626 625 
  1476	667 668 627 626 
  1477	668 669 628 627 
  1478	669 670 629 628 
  1479	670 671 630 629 
  1480	671 672 631 630 
  1481	672 673 632 631 
  1482	673 674 633 632 
  1483	674 675 634 633 
  1484	675 676 635 634 
  1485	676 677 636 635 
  1486	677 678 637 636 
  1487	678 679 638 637 
  1488	679 680 639 638 
  1489	680 681 640 639 
  1490	681 682 641 640 
  1491	682 683 642 641 
  1492	683 684 643 642 
  1493	684 685 644 643 
  1494	685 686 645 644 
  1495	686 687 646 645 
  1496	687 688 647 646 
  1497	688 689 648 647 
  1498	689 690 649 648 
  1499	690 691 650 649 
  1500	691 692 651 650 
  1501	692 693 652 651 
  1502	693 694 653 652 
  1503	694 695 654 653 
  1504	695 696 655 654 
  1505	696 697 656 655 
  1506	698 699 658 657 
  1507	699 700 659 658 
  1508	700 701 660 659 
  1509	701 702 661 660 
  1510	702 703 662 661 
  1511	703 704 663 662 
  1512	704 705 664 663 
  1513	705 706 665 664 
  1514	706 707 666 665 
  1515	707 708 667 666 
  1516	708 709 668 667 
  1517	709 710 669 668 
  1518	710 711 670 669 
  1519	711 712 671 670 
  1520	712 713 672 671 
  1521	713 714 673 672 
  1522	714 715 674 673 
  1523	715 716 675 674 
  1524	716 717 676 675 
  1525	717 718 677 676 
  1526	718 719 678 677 
  1527	719 720 679 678 
  1528	720 721 680 679 
  1529	721 722 681 680 
  1530	722 723 682 681 
  1531	723 724 683 682 
  1532	724 725 684 683 
  1533	725 726 685 684 
  1534	726 727 686 685 
  1535	727 728 687 686 
  1536	728 729 688 687 
  1537	729 730 689 688 
  1538	730 731 690 689 
  1539	731 732 691 690 
  1540	732 733 692 691 
  1541	733 734 693 692 
  1542	734 735 694 693 
  1543	735 736 695 694 
  1544	736 737 696 695 
  1545	737 738 697 696 
  1546	739 740 699 698 
  1547	740 741 700 699 
  1548	741 742 701 700 
  1549	742 743 702 701 
  1550	743 744 703 702 
  1551	744 745 704 703 
  1552	745 746 705 704 
  1553	746 747 706 705 
  1554	747 748 707 706 
  1555	748 749 708 707 
  1556	749 750 709 708 
  1557	750 751 710 709 
  1558	751 752 711 710 
  1559	752 753 712 711 
  1560	753 754 713 712 
  1561	754 755 714 713 
  1562	755 756 715 714 
  1563	756 757 716 715 
  1564	757 758 717 716 
  1565	758 759 718 717 
  1566	759 760 719 718 
  1567	760 761 720 719 
  1568	761 762 721 720 
  1569	762 763 722 721 
  1570	763 764 723 722 
  1571	764 765 724 723 
  1572	765 766 725 724 
  1573	766 767 726 725 
  1574	767 768 727 726 
  1575	768 769 728 727 
  1576	769 770 729 728 
  1577	770 771 730 729 
  1578	771 772 731 730 
  1579	772 773 732 731 
  1580	773 774 733 732 
  1581	774 775 734 733 
  1582	775 776 735 734 
  1583	776 777 736 735 
  1584	777 778 737 736 
  1585	778 779 738 737 
  1586	780 781 740 739 
  1587	781 782 741 740 
  1588	782 783 742 741 
  1589	783 784 743 742 
  1590	784 785 744 743 
  1591	785 786 745 744 
  1592	786 787 746 745 
  1593	787 788 747 746 
  1594	788 789 748 747 
  1595	789 790 749 748 
  1596	790 791 750 749 
  1597	791 792 751 750 
  1598	792 793 752 751 
  1599	793 794 753 752 
  1600	794 795 754 753 
  1601	795 796 755 754 
  1602	796 797 756 755 
  1603	797 798 757 756 
  1604	798 799 758 757 
  1605	799 800 759 758 
  1606	800 801 760 759 
  1607	801 802 761 760 
  1608	802 803 762 761 
  1609	803 804 763 762 
  1610	804 805 764 763 
  1611	805 806 765 764 
  1612	806 807 766 765 
  1613	807 808 767 766 
  1614	808 809 768 767 
  1615	809 810 769 768 
  1616	810 811 770 769 
  1617	811 812 771 770 
  1618	812 813 772 771 
  1619	813 814 773 772 
  1620	814 815 774 773 
  1621	815 816 775 774 
  1622	816 817 776 775 
  1623	817 818 777 776 
  1624	818 819 778 777 
  1625	819 820 779 778 
  1626	821 822 781 780 
  1627	822 823 782 781 
  1628	823 824 783 782 
  1629	824 825 784 783 
  1630	825 826 785 784 
  1631	826 827 786 785 
  1632	827 828 787 786 
  1633	828 829 788 787 
  1634	829 830 789 788 
  1635	830 831 790 789 
  1636	831 832 791 790 
  1637	832 833 792 791 
  1638	833 834 793 792 
  1639	834 835 794 793 
  1640	835 836 795 794 
  1641	836 837 796 795 
  1642	837 838 797 796 
  1643	838 839 798 797 
  1644	839 840 799 798 
  1645	840 841 800 799 
  1646	841 842 801 800 
  1647	842 843 802 801 
  1648	843 844 803 802 
  1649	844 845 804 803 
  1650	845 846 805 804 
  1651	846 847 806 805 
  1652	847 848 807 806 
  1653	848 849 808 807 
  1654	849 850 809 808 
  1655	850 851 810 809 
  1656	851 852 811 810 
  1657	852 853 812 811 
  1658	853 854 813 812 
  1659	854 855 814 813 
  1660	855 856 815 814 
  1661	856 857 816 815 
  1662	857 858 817 816 
  1663	858 859 818 817 
  1664	859 860 819 818 
  1665	860 861 820 819 
  1666	1 2 
  1667	2 3 
  1668	3 4 
  1669	4 5 
  1670	5 6 
  1671	6 7 
  1672	7 8 
  1673	8 9 
  1674	9 10 
  1675	10 11 
  1676	11 12 
  1677	12 13 
  1678	13 14 
  1679	14 15 
  1680	15 16 
  1681	16 17 
  1682	17 18 
  1683	18 19 
  1684	19 20 
  1685	20 21 
  1686	21 22 
  1687	22 23 
  1688	23 24 
  1689	24 25 
  1690	25 26 
  1691	26 27 
  1692	27 28 
  1693	28 29 
  1694	29 30 
  1695	30 31 
  1696	31 32 
  1697	32 33 
  1698	33 34 
  1699	34 35 
  1700	35 36 
  1701	36 37 
  1702	37 38 
  1703	38 39 
  1704	39 40 
  1705	40 41 
  1706	41 82 
  1707	82 123 
  1708	123 164 
  1709	164 205 
  1710	205 246 
  1711	246 287 
  1712	287 328 
  1713	328 369 
  1714	369 410 
  1715	410 451 
  1716	451 492 
  1717	492 533 
  1718	533 574 
  1719	574 615 
  1720	615 656 
  1721	656 697 
  1722	697 738 
  1723	738 779 
  1724	779 820 
  1725	820 861 
  1726	861 860 
  1727	860 859 
  1728	859 858 
  1729	858 857 
  1730	857 856 
  1731	856 855 
  1732	855 854 
  1733	854 853 
  1734	853 852 
  1735	852 851 
  1736	851 850 
  1737	850 849 
  1738	849 848 
  1739	848 847 
  1740	847 846 
  1741	846 845 
  1742	845 844 
  1743	844 843 
  1744	843 842 
  1745	842 841 
  1746	841 840 
  1747	840 839 
  1748	839 838 
  1749	838 837 
  1750	837 836 
  1751	836 835 
  1752	835 834 
  1753	834 833 
  1754	833 832 
  1755	832 831 
  1756	831 830 
  1757	830 829 
  1758	829 828 
  1759	828 827 
  1760	827 826 
  1761	826 825 
  1762	825 824 
  1763	824 823 
  1764	823 822 
  1765	822 821 
  1766	821 780 
  1767	780 739 
  1768	739 698 
  1769	698 657 
  1770	657 616 
  1771	616 575 
  1772	575 534 
  1773	534 493 
  1774	493 452 
  1775	452 411 
  1776	411 370 
  1777	370 329 
  1778	329 288 
  1779	288 247 
  1780	247 206 
  1781	206 165 
  1782	165 124 
  1783	124 83 
  1784	83 42 
  1785	42 1 
  1786	1
  1787	2
  1788	3
  1789	4
  1790	5
  1791	6
  1792	7
  1793	8
  1794	9
  1795	10
  1796	11
  1797	12
  1798	13
  1799	14
  1800	15
  1801	16
  1802	17
  1803	18
  1804	19
  1805	20
  1806	21
  1807	22
  1808	23
  1809	24
  1810	25
  1811	26
  1812	27
  1813	28
  1814	29
  1815	30
  1816	31
  1817	32
  1818	33
  1819	34
  1820	35
  1821	36
  1822	37
  1823	38
  1824	39
  1825	40
  1826	40
  1827	80
  1828	120
  1829	160
  1830	200
  1831	240
  1832	280
  1833	320
  1834	360
  1835	400
  1836	440
  1837	480
  1838	520
  1839	560
  1840	600
  1841	640
  1842	680
  1843	720
  1844	760
  1845	800
  1846	800
  1847	799
  1848	798
  1849	797
  1850	796
  1851	795
  1852	794
  1853	793
  1854	792
  1855	791
  1856	790
  1857	789
  1858	788
  1859	787
  1860	786
  1861	785
  1862	784
  1863	783
  1864	782
  1865	781
  1866	780
  1867	779
  1868	778
  1869	777
  1870	776
  1871	775
  1872	774
  1873	773
  1874	772
  1875	771
  1876	770
  1877	769
  1878	768
  1879	767
  1880	766
  1881	765
  1882	764
  1883	763
  1884	762
  1885	761
  1886	761
  1887	721
  1888	681
  1889	641
  1890	601
  1891	561
  1892	521
  1893	481
  1894	441
  1895	401
  1896	361
  1897	321
  1898	281
  1899	241
  1900	201
  1901	161
  1902	121
  1903	81
  1904	41
  1905	1
