         792
       10020       20011   50.4890213      -15.5121012               1
       10020       20012   51.0531387      -15.5192757               1
       10020       20013   51.6778870      -15.5089045               1
       10020       20014   52.2341537      -15.4370108               1
       10020       20015   53.3751183      -15.3212976               1
       10020       20016   54.5103760      -15.0828629               1
       10020       20017   59.3244438      -14.8234692               1
       10020       20018   65.6095657      -13.5763741               1
       10020       20019   91.2645950      -8.17719269               1
       10020       30012   21.6877327      -16.4856701               1
       10020       30013   22.3124790      -16.4345913               1
       10020       30014   22.8687439      -16.2478638               1
       10020       30015   24.0097046      -15.9520931               1
       10020       30016   25.1449528      -15.4067240               1
       10020       30017   29.9590187      -14.8410368               1
       10020       30018   36.2441826      -12.5804844               1
       10020       30019   61.9001236      -5.03271914               1
       10022       20011   50.2186508      -15.5567741               1
       10022       20012   50.6809502      -15.5749874               1
       10022       20013   51.1613350      -15.5858955               1
       10022       20014   51.5443954      -15.5567675               1
       10022       20015   52.2144585      -15.5347481               1
       10022       20016   52.7554436      -15.4662056               1
       10022       20017   54.5907631      -15.5616522               1
       10022       20018   56.3414268      -15.3801107               1
       10022       20019   59.8617592      -14.7440386               1
       10022       20020   74.9276886      -16.1928749               1
       10022       30012   21.3228512      -16.6309185               1
       10022       30013   21.8032360      -16.6332493               1
       10022       30014   22.1862946      -16.5474949               1
       10022       30015   22.8563557      -16.4681473               1
       10022       30016   23.3973389      -16.2920208               1
       10022       30017   25.2326603      -16.4384518               1
       10022       30018   26.9833183      -16.0025043               1
       10022       30019   30.5036392      -14.6824179               1
       10022       30020   45.5696182      -17.0850372               1
       10022       30021   76.1534119      -15.2032509               1
       10022       40021   63.8361969      -14.7920427               1
       10022       50021   61.1128120      -14.9055128               1
       10022       60021   59.0267067      -14.7456903               1
       10022       70021   57.8237801      -14.7289839               1
       10022       80021   57.0449409      -14.6870546               1
       10022       90021   56.5622482      -14.7248154               1
       10022      100021   55.6315651      -14.6245136               1
       10022      110021   55.2928886      -14.6723433               1
       10022      120021   54.8305893      -14.6480513               1
       10020       20021   112.697258      -15.9515066               1
       10022       20021   105.511528      -15.0932913               1
       20021       30012   50.2541389      -12.4777765               1
       20021       30013   50.8290291      -12.5186291               1
       20021       30014   51.2985344      -12.5048437               1
       20021       30015   52.1601791      -12.5154371               1
       20021       30016   52.9101791      -12.4514694               1
       20021       30017   55.6848450      -12.6836643               1
       20021       30018   58.6679993      -12.4501686               1
       20021       30019   66.3294373      -11.2337809               1
       20021       30020   112.234161      -14.5605717               1
       20021       40020   76.9573135      -15.5157881               1
       20021       50020   71.1704025      -16.0903683               1
       20021       60020   67.5711060      -16.0957584               1
       20021       70020   65.7855148      -16.1776981               1
       20021       80020   64.7151108      -16.1805935               1
       20021       90020   64.0847015      -16.2513542               1
       20021      100020   62.9370079      -16.1883068               1
       20021      110020   62.5306473      -16.2546501               1
       10020       20023   60.0473137      -15.2983656               1
       10022       20023   86.6750412      -14.2387419               1
       20023       30012   49.8675461      -12.4465151               1
       20023       30013   50.3096848      -12.4766731               1
       20023       30014   50.6336403      -12.4658079               1
       20023       30015   51.1421585      -12.4677467               1
       20023       30016   51.5046234      -12.4316835               1
       20023       30017   52.5952606      -12.5187197               1
       20023       30018   53.5055084      -12.4390554               1
       20023       30019   54.9583473      -12.1821222               1
       20023       30020   59.6047173      -12.6740484               1
       20023       30021   65.7880249      -12.2087336               1
       10020       30022   45.5593185      -17.0899715               1
       20021       30022   105.052780      -13.6038857               1
       20023       30022   86.2379684      -12.4202061               1
       30022       40020   58.5445328      -13.5023880               1
       30022       40021   89.1362534      -13.1227436               1
       30022       50014   16.3671570      -13.8041430               1
       30022       50015   17.0806713      -13.7927008               1
       30022       50016   17.6401787      -13.6300268               1
       30022       50020   39.8895416      -16.0070400               1
       30022       50021   70.4811554      -14.4397917               1
       30022       60021   62.8009872      -14.4533672               1
       30022       70021   59.8511391      -14.5945721               1
       30022       80021   58.3001518      -14.5846586               1
       30022       90020   26.8716412      -17.2673740               1
       30022       90021   57.4631996      -14.6741133               1
       30022      100020   25.5141659      -17.1667824               1
       30022      100021   56.1057358      -14.5656252               1
       30022      110020   25.0726967      -17.3746681               1
       30022      110021   55.6642532      -14.6386337               1
       30022      120021   55.0994530      -14.6199703               1
       10022       30024   37.2308998      -15.1464939               1
       20021       30024   59.1508713      -12.4092836               1
       20023       30024   120.200127      -14.7736626               1
       30024       50023   85.6676636      -15.9334631               1
       30024       60023   78.0069809      -16.0927486               1
       30024       70023   75.0823975      -16.2695847               1
       30024       80023   73.5576553      -16.2971439               1
       30024       90023   72.7457733      -16.3846741               1
       30024      100023   71.4743805      -16.3372974               1
       30024      110023   71.0798340      -16.4003410               1
       30024      120023   70.5977325      -16.4028511               1
       30024      130023   70.1454849      -16.4072800               1
       30024      140023   69.8320236      -16.4324322               1
       30024       40023   104.312370      -14.5412588               1
       40023       50014   75.2417450      -18.0346546               1
       40023       50015   75.8326263      -17.9940720               1
       40023       50016   76.2285385      -17.9391022               1
       40023       50017   77.3757095      -17.9202919               1
       40023       50018   78.3139572      -17.7999077               1
       40023       50019   79.7878418      -17.5223484               1
       40023       50020   84.4585190      -17.5758286               1
       40023       50021   90.6538010      -16.9020100               1
       40023       50022   111.114128      -16.2020741               1
       40023       60015   22.7305717      -15.6633396               1
       40023       60016   23.1264935      -15.5220528               1
       40023       60020   31.3565216      -15.1779680               1
       20023       40025   40.2751656      -15.0706902               1
       30024       40025   90.5702591      -13.0722246               1
       40025       50014   74.9212036      -18.0556602               1
       40025       50015   75.3807983      -18.0254936               1
       40025       50016   75.6553268      -17.9880047               1
       40025       50017   76.3605881      -17.9798050               1
       40025       50018   76.8688049      -17.9170074               1
       40025       50019   77.5182419      -17.8016777               1
       40025       50020   79.0887375      -17.8243618               1
       40025       50021   80.6120834      -17.6328011               1
       40025       50022   83.6161575      -17.5366726               1
       40025       50023   100.453491      -17.6857815               1
       40025       60015   22.2918873      -15.7239380               1
       40025       60016   22.5664158      -15.6262474               1
       40025       60017   23.2716789      -15.6709175               1
       40025       60018   23.7799053      -15.5172701               1
       40025       60019   24.4293671      -15.2151089               1
       40025       60020   25.9998512      -15.4403486               1
       40025       60021   27.5232258      -15.0112429               1
       40025       60022   30.5273151      -15.0059175               1
       40025       60023   47.3645897      -16.2217960               1
       40025       60024   78.2929230      -14.8743963               1
       40025       70024   66.9185715      -14.8455935               1
       40025       80024   62.6507301      -14.6237087               1
       40025       90024   60.8014526      -14.7081928               1
       40025      100023   27.6390858      -16.3108616               1
       40025      100024   58.5674362      -14.4626236               1
       40025      110024   57.9892311      -14.5479937               1
       40025      120024   57.3559685      -14.5244188               1
       40025      130024   56.8078117      -14.5057354               1
       40025      140024   56.4606552      -14.5245991               1
       40025      150024   56.0010490      -14.5362253               1
       20023       50024   79.1664505      -16.2601261               1
       40023       50024   145.104218      -17.2664890               1
       40025       50024   131.381653      -16.5382061               1
       30024       50026   33.7478065      -13.6286335               1
       40023       50026   85.7894745      -17.6560001               1
       40025       50026   114.767075      -16.5249310               1
       50026       60015   44.9712219      -12.8737192               1
       50026       60016   45.2196999      -12.8426294               1
       50026       60017   45.8098030      -12.8911991               1
       50026       60018   46.2058296      -12.8490973               1
       50026       60019   46.6615753      -12.7613544               1
       50026       60020   47.6218338      -12.8638830               1
       50026       60021   48.4379997      -12.7493181               1
       50026       60022   49.7891846      -12.7786913               1
       50026       60023   55.6613541      -13.2671957               1
       50026       60024   63.0786591      -13.0710478               1
       50026       70024   35.1871071      -14.2036333               1
       50026      120024   19.5398960      -13.5650253               1
       50026      150024   18.1074390      -13.5611286               1
       30024       60025   64.2646790      -14.3541603               1
       40023       60025   47.3442421      -16.2223797               1
       50026       60025   84.6392059      -13.2362318               1
       60025       70016   53.9587708      -18.8098602               1
       60025       70017   54.7427177      -18.7881489               1
       60025       70018   55.2881660      -18.6879158               1
       60025       70019   55.9645042      -18.5142517               1
       60025       70020   57.5643234      -18.5264530               1
       60025       70021   59.1019630      -18.2439537               1
       60025       70022   62.1180115      -18.0844383               1
       60025       70023   78.9750748      -18.1578197               1
       60025       70024   109.913338      -16.6529045               1
       60025       80017   21.3730736      -17.3456688               1
       60025       80018   21.9185295      -17.1287346               1
       60025       80019   22.5948830      -16.7452641               1
       60025       80020   24.1946983      -16.8912601               1
       60025       80021   25.7323627      -16.3401318               1
       60025       80022   28.7484245      -16.1951923               1
       60025       80023   45.6054649      -17.0205841               1
       60025       80024   76.5438766      -15.3192568               1
       60025       90018   12.9449816      -18.6519833               1
       60025       90019   13.6213217      -17.9402523               1
       60025       90020   15.2211409      -18.0467224               1
       60025       90021   16.7587910      -17.0944729               1
       60025       90022   19.7748508      -16.7687092               1
       60025       90023   36.6319046      -17.5323772               1
       60025       90024   67.5702896      -15.3707724               1
       60025      100023   29.7763462      -16.1513786               1
       60025      100024   60.7148361      -14.4494162               1
       60025      110023   28.4884911      -16.5625591               1
       60025      110024   59.4269638      -14.6096468               1
       60025      120023   27.3268147      -16.5232449               1
       60025      120024   58.2652893      -14.5522709               1
       60025      130023   26.4378719      -16.4913025               1
       60025      130024   57.3763504      -14.5070162               1
       60025      140023   25.9358273      -16.5713921               1
       60025      140024   56.8743019      -14.5260229               1
       60025      150024   56.2796440      -14.5350599               1
       50026       60027   88.5875854      -13.1704502               1
       60027       70016   53.6481247      -18.8431702               1
       60027       70017   54.2329712      -18.8242970               1
       60027       70018   54.6040611      -18.7531776               1
       60027       70019   55.0017662      -18.6489468               1
       60027       70020   55.7688408      -18.6365185               1
       60027       70021   56.3724327      -18.4970779               1
       60027       70022   57.2785759      -18.4199066               1
       60027       70023   60.6982956      -18.3516407               1
       60027       70024   64.3249130      -17.9513988               1
       60027       70025   72.1379471      -17.4583187               1
       60027       80024   30.9672508      -16.0530796               1
       60027       80026   63.9291344      -14.7596827               1
       60027       90026   54.9665337      -14.7300568               1
       60027      100026   48.1467705      -13.4803371               1
       60027      110026   46.8772469      -13.6542540               1
       60027      120026   45.7464104      -13.5594435               1
       60027      130026   44.8951874      -13.4840641               1
       60027      140026   44.4285774      -13.4949179               1
       60027      150026   43.9040756      -13.4925327               1
       60027      160026   43.6388474      -13.5264406               1
       60027      170026   43.0540047      -13.4779902               1
       60025       70026   93.3182297      -16.6570053               1
       60027       70026   97.2866287      -16.4583092               1
       70026       80017   65.7913513      -14.4590645               1
       70026       80018   66.2499771      -14.4161024               1
       70026       80019   66.7497940      -14.3397923               1
       70026       80020   67.7566833      -14.3927469               1
       70026       80021   68.5951920      -14.2906923               1
       70026       80022   69.9647675      -14.2820454               1
       70026       80023   75.8666840      -14.5263376               1
       70026       80024   83.2990494      -14.2656164               1
       70026       80025   104.874382      -14.1536379               1
       70026       90018   27.9653893      -18.1217251               1
       70026       90019   28.4651833      -17.8777142               1
       70026       90020   29.4720840      -17.8785877               1
       70026       90021   30.3105640      -17.5511990               1
       70026       90022   31.6801300      -17.3911476               1
       70026       90023   37.5820732      -17.3960419               1
       70026       90024   45.0143623      -16.4397602               1
       70026       90025   66.5896454      -15.5589705               1
       70026      100024   26.0393467      -12.9894485               1
       70026      110024   23.3475666      -13.8975563               1
       70026      120024   21.3345661      -13.7011623               1
       70026      130024   19.9698353      -13.4979668               1
       70026      140024   19.2848511      -13.5533228               1
       70026      150024   18.5740452      -13.5629215               1
       60025       70028   63.9287148      -17.7792664               1
       60027       70028   87.9120560      -15.5487642               1
       70028       80017   65.4882050      -14.4615469               1
       70028       80018   65.8530731      -14.4270697               1
       70028       80019   66.2145081      -14.3726540               1
       70028       80020   66.8474884      -14.4003439               1
       70028       80021   67.3085251      -14.3343306               1
       70028       80022   67.9395065      -14.3206882               1
       70028       80023   70.0367279      -14.3776550               1
       70028       80024   71.9861603      -14.2548246               1
       70028       80025   75.4987564      -14.1291857               1
       70028       80026   83.3826447      -13.8414869               1
       70028       90018   27.5761890      -18.1978207               1
       70028       90020   28.5705948      -18.0040493               1
       70028       90021   29.0316143      -17.7937717               1
       70028       90023   31.7598114      -17.5921402               1
       70028       90024   33.7092056      -17.1439419               1
       70028       90027   61.2059479      -13.8682165               1
       70028      100027   42.2558327      -10.5898600               1
       70028      110027   39.5764198      -10.9608908               1
       70028      120027   37.5840073      -10.6951075               1
       70028      130027   36.2440033      -10.4730043               1
       70028      140027   35.5816040      -10.4445791               1
       70028      150027   34.9139404      -10.3889942               1
       70028      160027   34.6090736      -10.4130259               1
       70028      170027   33.9951057      -10.2957067               1
       70028      180027   33.6302261      -10.3180208               1
       50026       80027   52.7062263      -13.6040840               1
       70026       80027   108.843819      -14.0672731               1
       70028       80027   99.4831161      -13.0380106               1
       80027       90018   69.7083511      -17.6447906               1
       80027       90019   70.1614304      -17.5601692               1
       80027       90020   70.9853973      -17.5617790               1
       80027       90021   71.6157990      -17.4557171               1
       80027       90022   72.5436554      -17.4064980               1
       80027       90023   75.9977798      -17.3978939               1
       80027       90024   79.6416702      -17.1169453               1
       80027       90025   87.4714890      -16.7843266               1
       80027       90026   112.635811      -16.0708809               1
       80027      100026   57.7329979      -12.6629639               1
       80027      110026   52.0515785      -13.6274624               1
       80027      120026   48.5449104      -13.5395575               1
       80027      130026   46.4162750      -13.4220142               1
       80027      140026   45.4461708      -13.4593277               1
       80027      150026   44.5383034      -13.4665565               1
       80027      160026   44.1452827      -13.5194902               1
       80027      170026   43.3794861      -13.4605284               1
       70026       80029   77.6303711      -14.4255161               1
       70028       80029   112.795029      -14.2097168               1
       80029       90018   69.4207764      -17.6777077               1
       80029       90019   69.7820129      -17.6143818               1
       80029       90020   70.3727722      -17.6201172               1
       80029       90021   70.7823257      -17.5521202               1
       80029       90022   71.3131943      -17.5291309               1
       80029       90023   72.9585876      -17.5463581               1
       80029       90024   74.3925323      -17.4438038               1
       80029       90025   76.7811279      -17.3461304               1
       80029       90026   81.4323196      -17.1782398               1
       80029       90027   88.4165802      -16.8203907               1
       80029      100028   61.7169189      -13.0117674               1
       80029      110028   56.0454941      -13.9410162               1
       80029      120028   52.5551910      -13.8804760               1
       80029      130028   50.4460030      -13.7859449               1
       80029      140028   49.4933662      -13.8249350               1
       80029      150028   48.6181297      -13.8354082               1
       80029      160028   48.2509727      -13.8817987               1
       80029      170028   47.5657921      -13.8339939               1
       80029      180028   47.1792831      -13.8755398               1
       80029      190028   46.8180351      -13.9405890               1
       60027       90028   45.5921783      -12.6208878               1
       80027       90028   103.278030      -15.2611017               1
       80029       90028   116.599861      -16.1392555               1
       90028      100020   31.6894741      -4.84083509               1
       90028      100027   64.4665527      -7.58703375               1
       90028      110027   48.5575638      -10.4102039               1
       90028      120027   41.7633286      -10.4641056               1
       90028      130027   38.2594833      -10.2813501               1
       90028      140027   36.8371239      -10.3389635               1
       90028      150027   35.6454048      -10.3249044               1
       90028      160027   35.1786041      -10.3861599               1
       90028      170027   34.3503151      -10.2621374               1
       90028      180027   33.8934898      -10.3021412               1
       80027       90030   78.2816772      -16.8031864               1
       80029       90030   101.973076      -13.1687899               1
       70028      100029   55.5675545      -13.5547504               1
       90028      100029   77.7910614      -10.2185965               1
      100029      110020   75.9998627      -19.2053204               1
      100029      110021   76.4757767      -19.1215515               1
      100029      110022   77.0572968      -19.0866642               1
      100029      110023   78.7776489      -19.0707951               1
      100029      110024   80.2476273      -18.9461823               1
      100029      110026   87.3522415      -18.5757504               1
      100029      110027   94.3519669      -18.1363602               1
      100029      110028   122.551544      -17.1853352               1
      100029      120028   74.5933914      -15.5879574               1
      100029      130028   58.6782799      -14.1448250               1
      100029      140028   53.8548050      -13.9817944               1
      100029      150028   50.7778320      -13.8551960               1
      100029      160028   49.8259697      -13.9371061               1
      100029      170028   48.4692535      -13.8186159               1
      100029      180028   47.8182602      -13.8774281               1
      100029      190028   47.2931786      -13.9594688               1
       90030      100031   90.4737167      -13.7268972               1
      100031      110020   75.5148849      -19.2333641               1
      100031      110021   75.8491364      -19.1699467               1
      100031      110022   76.2092667      -19.1445274               1
      100031      110023   77.1005402      -19.1269703               1
      100031      110024   77.7534027      -19.0613327               1
      100031      110025   78.6679840      -18.9930878               1
      100031      110026   80.0542908      -18.8920174               1
      100031      110027   81.4728928      -18.7490406               1
      100031      110028   84.8573761      -18.4530926               1
      100031      110029   90.6286240      -17.4574184               1
      100031      120021   27.9088726      -18.3101902               1
      100031      120024   29.8131466      -18.0818405               1
      100031      120030   87.3313522      -18.4433708               1
      100031      130030   71.4370804      -17.8936806               1
      100031      140030   66.6319199      -18.0316410               1
      100031      150030   63.5877457      -18.1245117               1
      100031      160030   62.6606522      -18.2509022               1
      100031      170030   61.3774414      -18.2529411               1
      100031      180030   60.7829895      -18.3388348               1
      100031      190030   60.3311501      -18.4262753               1
      100031      200030   59.7567368      -18.4294930               1
      100031      210030   59.4224815      -18.5059204               1
      100029      110030   107.954727      -14.5208569               1
      100031      110030   135.271606      -18.8782501               1
      110030      120021   58.3355713      -15.6167107               1
      110030      120022   58.7790337      -15.5923262               1
      110030      120023   59.9192543      -15.5992651               1
      110030      120024   60.7916718      -15.5100384               1
      110030      120025   62.0783539      -15.4153728               1
      110030      120026   64.1938553      -15.2489967               1
      110030      120027   66.6575699      -14.9546127               1
      110030      120028   73.6229324      -14.2254362               1
      110030      120029   90.3838882      -11.3381920               1
      110030      130029   51.7799683      -6.97732162               1
      110030      140029   42.5889511      -5.67126465               1
      100029      110032   84.3046417      -18.0561562               1
      100031      110032   123.351585      -16.7082901               1
      110032      120021   58.0111923      -15.6529484               1
      110032      120022   58.3494186      -15.6363926               1
      110032      120023   59.1200027      -15.6510811               1
      110032      120024   59.6504974      -15.6042852               1
      110032      120025   60.3515701      -15.5645342               1
      110032      120026   61.3330841      -15.5086231               1
      110032      120027   62.2311440      -15.4195566               1
      110032      120028   64.1156006      -15.2526436               1
      110032      120029   66.7499084      -14.6750603               1
      110032      120030   82.1120453      -15.6080122               1
      110032      130031   67.1988297      -12.7215929               1
       90030      120031   67.8016434      -17.5546093               1
      110030      120031   117.694534      -17.0846710               1
      110032      120031   105.791077      -14.3511248               1
      120031      130022   49.3742180      -15.8087311               1
      120031      130023   50.3546295      -15.8431520               1
      120031      130024   51.0484505      -15.7814379               1
      120031      130025   52.0005493      -15.7340975               1
      120031      130026   53.4199295      -15.6662607               1
      120031      130027   54.8547516      -15.5362663               1
      120031      130028   58.2560005      -15.2910442               1
      120031      130029   64.0370560      -14.1649551               1
      120031      130030   108.699783      -17.2860165               1
      120031      140023   21.1996460      -14.8193178               1
      120031      140024   21.8934689      -14.7078657               1
      120031      140030   79.5447922      -17.5419960               1
      120031      150030   68.1369247      -17.7431183               1
      120031      160030   65.5486832      -18.0620327               1
      120031      170030   62.7923927      -18.0751438               1
      120031      180030   61.6980057      -18.2348652               1
      120031      190030   60.9715042      -18.3711243               1
      120031      200030   60.1757851      -18.3797150               1
      120031      210030   59.7507133      -18.4800377               1
      110030      120033   69.0383377      -15.2941856               1
      110032      120033   97.1355133      -14.7943277               1
      120033      130022   49.0099258      -15.8265963               1
      120033      130023   49.7045441      -15.8434782               1
      120033      130024   50.1469574      -15.7967291               1
      120033      130025   50.6923828      -15.7581768               1
      120033      130026   51.3902435      -15.7073345               1
      120033      130027   51.9556236      -15.6340485               1
      120033      130028   52.9952698      -15.5040827               1
      120033      130029   54.2163506      -15.1358356               1
      120033      130030   60.0675697      -15.3912868               1
      120033      130031   66.5075912      -14.6208525               1
      120033      140031   37.3632393      -13.0853424               1
      120033      140032   59.0226135      -13.9313154               1
      120033      150032   47.6331253      -13.3542862               1
      120033      160032   45.0581856      -13.5647802               1
      120033      170031   20.6810398      -11.1017885               1
      120033      170032   42.3403549      -13.2957716               1
      120033      180032   41.2744942      -13.4052868               1
      120033      190032   40.5831032      -13.5166531               1
      120033      200032   39.8620720      -13.4439621               1
      120033      210032   39.4964867      -13.5334358               1
      120033      220031   17.4978008      -11.2436543               1
      120033      220032   39.1571312      -13.5375233               1
      120033      230032   38.4625130      -13.4743671               1
      120031      130032   96.7980804      -14.3234787               1
      120033      130032   88.1669998      -14.8099632               1
      130032      140023   51.2786789      -15.0392056               1
      130032      140024   51.8681602      -14.9905748               1
      130032      140025   52.6223640      -14.9544926               1
      130032      140026   53.6500397      -14.9037514               1
      130032      140027   54.5704193      -14.8122807               1
      130032      140028   56.4776306      -14.6435556               1
      130032      140029   59.1248474      -14.0166559               1
      130032      140030   74.5139236      -15.1831064               1
      130032      140031   98.2053986      -13.9308023               1
      130032      150031   63.1912270      -12.7413168               1
      120031      130034   58.5545006      -14.8418140               1
      120033      130034   94.5924301      -12.3012276               1
      130034      140023   50.8106956      -15.0551682               1
      130034      140024   51.2309532      -15.0212955               1
      130034      140025   51.7218399      -14.9979715               1
      130034      140026   52.3091011      -14.9683056               1
      130034      140027   52.7436638      -14.9199753               1
      130034      140028   53.4658318      -14.8368921               1
      130034      140029   54.2077446      -14.6073484               1
      130034      140030   57.2624245      -14.6633444               1
      130034      140031   59.9809914      -14.1852102               1
      130034      140032   66.2359314      -13.9792042               1
      130034      150024   16.2316723      -12.7394609               1
      130034      150032   31.2367535      -11.6258717               1
      130034      150033   61.0188408      -9.54759407               1
      130034      160033   55.2100754      -9.51593113               1
      130034      170033   50.3335953      -8.71264076               1
      130034      180033   48.6413727      -8.69618130               1
      130034      190033   47.6479568      -8.72301865               1
      130034      200033   46.7232666      -8.54487705               1
      130034      210033   46.2869263      -8.59009171               1
      130034      220033   45.9106178      -8.55198669               1
      130034      230033   45.2075424      -8.41437626               1
      130034      240033   44.7872810      -8.39080811               1
      110032      140033   49.3627892      -13.2497749               1
      130032      140033   89.5731583      -14.3716526               1
      130034      140033   96.0177078      -11.9285345               1
      140033      150024   35.5711403      -10.6362114               1
      140033      150025   36.1749611      -10.6641607               1
      140033      150026   36.9225349      -10.6945648               1
      140033      150027   37.5115242      -10.6696424               1
      140033      150028   38.5748596      -10.6264315               1
      140033      150029   39.8092346      -10.2719355               1
      140033      150030   45.6876335      -11.2355795               1
      140033      150031   52.1402435      -10.7649288               1
      140033      150032   73.8105240      -12.1231995               1
      140033      160030   27.9767361      -13.2270985               1
      140033      160031   34.4293022      -12.1410952               1
      140033      160032   56.0996704      -13.3965883               1
      140033      170031   24.5532436      -10.6588392               1
      140033      170032   46.2235527      -12.8774853               1
      140033      180031   21.6872616      -11.0771084               1
      140033      180032   43.3576012      -13.2333555               1
      140033      190031   20.1943264      -11.4269085               1
      140033      190032   41.8646851      -13.4789829               1
      140033      200031   18.9487343      -11.0846519               1
      140033      200032   40.6190796      -13.3822479               1
      140033      210031   18.3906612      -11.3384418               1
      140033      210032   40.0610199      -13.5307608               1
      140033      220031   17.9265366      -11.3081245               1
      140033      220032   39.5968933      -13.5427322               1
      140033      230032   38.7482758      -13.4682007               1
      130032      140035   60.2297478      -14.5999603               1
      130034      140035   90.5889435      -12.2587185               1
      140035      150024   35.2344894      -10.6585665               1
      140035      150025   35.7083740      -10.6945410               1
      140035      150026   36.2492599      -10.7367773               1
      140035      150027   36.6259995      -10.7356739               1
      140035      150028   37.2117043      -10.7333670               1
      140035      150029   37.7639503      -10.5760880               1
      140035      150030   39.8248520      -10.9310293               1
      140035      150031   41.4442291      -10.7256308               1
      140035      150032   44.4778214      -10.9447603               1
      140035      150033   54.4010887      -10.5091629               1
      140035      160034   57.1323051      -10.0592918               1
      140035      170034   47.2747993      -8.85495949               1
      140035      180034   44.4222031      -8.94088364               1
      140035      190034   42.9451866      -9.02725697               1
      140035      200034   41.7319603      -8.80295086               1
      140035      210034   41.1986122      -8.88025761               1
      140035      220034   40.7683411      -8.83879375               1
      140035      230034   40.0247269      -8.67639923               1
      140035      240034   39.6022987      -8.64669228               1
      140035      250034   39.1284218      -8.58949566               1
      120033      150034   54.0590820      -9.13751698               1
      140033      150034   80.2557220      -9.38131142               1
      140035      150034   74.8367538      -9.59391785               1
      150034      160025   59.3919716      -15.1465855               1
      150034      160026   60.0517006      -15.1171045               1
      150034      160027   60.5195312      -15.0718412               1
      150034      160028   61.2740898      -14.9960098               1
      150034      160029   62.0336342      -14.7897539               1
      150034      160030   65.1238556      -14.8317528               1
      150034      160031   67.8583908      -14.4000349               1
      150034      160032   74.1272888      -14.1980114               1
      150034      160033   103.924118      -12.2402124               1
      150034      170026   17.9522495      -9.82865047               1
      150034      170027   18.4200878      -9.81425285               1
      150034      170028   19.1746578      -9.77882576               1
      150034      170029   19.9342613      -9.33577156               1
      150034      170030   23.0244312      -10.1865644               1
      150034      170031   25.7590694      -9.54240322               1
      150034      170032   32.0279655      -10.0256233               1
      150034      170033   61.8252411      -8.74559689               1
      150034      180032   23.7638016      -10.6012850               1
      150034      180033   53.5610657      -8.80350399               1
      150034      190033   50.2256241      -8.89641762               1
      150034      200033   48.0583763      -8.55031204               1
      150034      210033   47.2159081      -8.66613007               1
      150034      220033   46.6019478      -8.62067032               1
      150034      230033   45.6373520      -8.44437122               1
      150034      240033   45.1119957      -8.41743565               1
      140033      150036   44.7282677      -10.2174244               1
      140035      150036   68.9160309      -6.17895699               1
      150036      160025   59.0046272      -15.1838684               1
      150036      160026   59.5146828      -15.1698074               1
      150036      160027   59.8418770      -15.1451302               1
      150036      160028   60.3093834      -15.1093063               1
      150036      160029   60.7093430      -15.0068207               1
      150036      160030   62.0566559      -15.0363531               1
      150036      160031   63.0057220      -14.8702679               1
      150036      160032   64.5223465      -14.8035793               1
      150036      160033   68.4123840      -14.2694693               1
      150036      160034   73.9972458      -13.3677893               1
      150036      170026   17.4337273      -9.84942627               1
      150036      170027   17.7609215      -9.86429310               1
      150036      170028   18.2284336      -9.88120937               1
      150036      170029   18.6284199      -9.65946674               1
      150036      170031   20.9248142      -9.83514404               1
      150036      170032   22.4414425      -9.98368549               1
      150036      170035   50.5252800      -4.23750448               1
      150036      180035   42.2744064      -3.42973804               1
      150036      190035   38.9543381      -3.08830333               1
      150036      200035   36.8174362      -2.30377984               1
      150036      210035   35.9974213      -2.30916071               1
      150036      220035   35.4132500      -2.14560008               1
      150036      230035   34.5367928      -1.76073337               1
      150036      240035   34.0810204      -1.63299739               1
      150036      250035   33.6019936      -1.46713459               1
      150036      260035   33.0919724      -1.28100693               1
      130034      160035   49.7812538      -9.85367870               1
      150034      160035   98.5100174      -12.5600357               1
      150036      160035   92.6046066      -10.2068262               1
      160035      170026   39.2082977      -7.68823957               1
      160035      170027   39.6251755      -7.71844912               1
      160035      170028   40.2490349      -7.76310968               1
      160035      170029   40.8216515      -7.65412903               1
      160035      170030   42.9227371      -8.13139439               1
      160035      170031   44.5600052      -8.04024410               1
      160035      170032   47.6090126      -8.41800690               1
      160035      170033   57.5488319      -8.44235516               1
      160035      170034   77.9939804      -8.10563374               1
      160035      180034   54.2476463      -8.76513195               1
      160035      190034   47.2761497      -9.15367222               1
      160035      200034   43.7083702      -8.68768597               1
      160035      210034   42.4811516      -8.93397236               1
      160035      220034   41.6797142      -8.89969540               1
      160035      230034   40.5658798      -8.69423294               1
      160035      240034   40.0035515      -8.66598701               1
      160035      250034   39.4164886      -8.60367393               1
      150034      160037   68.0043945      -14.5113487               1
      150036      160037   118.900108      -16.3160172               1
      160037      170026   38.7688370      -7.65192175               1
      160037      170027   39.0790977      -7.68207312               1
      160037      170028   39.4980736      -7.72525072               1
      160037      170029   39.8345337      -7.66980267               1
      160037      170030   40.8943481      -7.94254208               1
      160037      170031   41.5921707      -7.91247511               1
      160037      170032   42.6039009      -8.08076191               1
      160037      170033   44.8453674      -8.13062668               1
      160037      170034   47.5133591      -8.04012489               1
      160037      170035   53.6737671      -7.31627893               1
      160037      180035   29.9399128      -7.88468218               1
      160037      180036   74.6754227      -15.7826700               1
      160037      190036   67.7186050      -16.7734718               1
      160037      200036   64.1785431      -16.8792858               1
      160037      210036   62.9718170      -17.2006741               1
      160037      220036   62.1968842      -17.2818661               1
      160037      230036   61.1594429      -17.2956829               1
      160037      240036   60.6561241      -17.3486309               1
      160037      250035   15.4161453      -6.69008017               1
      160037      250036   60.1520348      -17.3834782               1
      160037      260036   59.6408119      -17.4134521               1
      160037      270036   59.3305550      -17.4446392               1
      140035      170036   41.3545456      -3.05821228               1
      160035      170036   72.0900421      -4.71852875               1
      160037      170036   98.4085312      -13.5678692               1
      170036      180027   59.8254318      -13.8327074               1
      170036      180028   60.3630486      -13.8085575               1
      170036      180029   60.7990685      -13.7093801               1
      170036      180030   62.2150955      -13.7737017               1
      170036      180031   63.1940804      -13.6240845               1
      170036      180032   64.7360535      -13.5884991               1
      170036      180033   68.6526718      -13.1252117               1
      170036      180034   74.2525024      -12.3124504               1
      170036      180035   92.8700867      -9.37098408               1
      170036      190035   54.5068359      -6.90111542               1
      170036      200035   42.4416580      -3.33739662               1
      170036      210035   39.1725731      -3.35971427               1
      170036      220035   37.4650230      -2.92518401               1
      170036      240035   34.8632851      -1.92880535               1
      170036      250035   34.1421394      -1.67559338               1
      170036      260035   33.4505844      -1.41524613               1
      160035      170038   47.1916809      -7.74321270               1
      160037      170038   84.9261246      -11.4624825               1
      170038      180027   59.4893074      -13.8704548               1
      170038      180028   59.9123154      -13.8632870               1
      170038      180029   60.2242966      -13.8026352               1
      170038      180030   61.1301727      -13.8777132               1
      170038      180031   61.6869698      -13.8135834               1
      170038      180032   62.4242325      -13.8388834               1
      170038      180033   63.8598213      -13.7571926               1
      170038      180034   65.3370132      -13.6189280               1
      170038      180035   67.9931946      -13.1726255               1
      170038      180036   81.6645203      -14.6143026               1
      170038      190037   67.3725052      -14.9847031               1
      170038      200037   55.3253479      -14.0129852               1
      170038      220037   50.3803711      -14.7551785               1
      170038      240037   47.8661919      -14.6624031               1
      170038      250037   47.1971550      -14.6658592               1
      170038      260037   46.5785866      -14.6603422               1
      170038      270037   46.2367973      -14.6755924               1
      170038      280037   45.8137894      -14.6924000               1
      150036      180037   68.5681305      -16.6221504               1
      160035      180037   29.9078865      -7.88170385               1
      170036      180037   119.189285      -15.6503172               1
      170038      180037   105.726097      -14.2225628               1
      180037      190028   45.5826912      -12.7896147               1
      180037      190029   45.9678726      -12.6943874               1
      180037      190030   47.1188431      -12.8291435               1
      180037      190031   47.8558693      -12.7262363               1
      180037      190032   48.9005280      -12.7758999               1
      180037      190035   60.0358849      -11.2237940               1
      180037      190036   104.790771      -15.4271593               1
      180037      200036   74.9384995      -15.3054790               1
      180037      210036   68.3671875      -16.8163147               1
      180037      220036   65.4447937      -17.1232662               1
      180037      230036   62.7978363      -17.1656151               1
      180037      240036   61.7877960      -17.2700863               1
      180037      250035   16.1637306      -6.98419428               1
      180037      250036   60.9186783      -17.3294315               1
      180037      260036   60.1432228      -17.3717899               1
      180037      270036   59.7240028      -17.4113159               1
      170036      180039   68.9688492      -13.4432764               1
      170038      180039   90.0299606      -11.8698444               1
      180039      190028   45.1729431      -12.7821274               1
      180039      190029   45.4576416      -12.7110434               1
      180039      190030   46.2201385      -12.7937107               1
      180039      190031   46.6579208      -12.7240458               1
      180039      190032   47.1876106      -12.7441311               1
      180039      190033   48.0949326      -12.6616468               1
      180039      190036   54.5928040      -12.4313774               1
      180039      190037   60.0190353      -11.7751837               1
      180039      200038   45.8247528      -7.65942240               1
      180039      210038   39.2670021      -9.00987530               1
      180039      220038   36.3624535      -8.93789768               1
      180039      230038   33.7650070      -8.38924694               1
      180039      250037   16.3346958      -9.09859943               1
      180039      250038   31.9723206      -8.19919014               1
      180039      260037   15.6270390      -8.87541962               1
      180039      260038   31.2646694      -8.06728077               1
      180039      270037   15.2636604      -8.80618382               1
      180039      270038   30.9012909      -8.02357864               1
      180039      280037   14.8461838      -8.71131992               1
      180039      280038   30.4838142      -7.96666002               1
      180039      290038   30.1991043      -8.02826309               1
      180037      190038   91.3293533      -13.7421150               1
      180039      190038   75.6565475      -10.8418684               1
      190038      200036   62.9650307      -5.24586153               1
      190038      200037   87.0361099      -7.35914469               1
      190038      210037   62.4705925      -12.8441744               1
      190038      220037   55.4216537      -13.9798841               1
      190038      250037   48.0596046      -14.5036507               1
      190038      260037   47.1137581      -14.5505457               1
      190038      270037   46.6456680      -14.5905323               1
      190038      280037   46.1166077      -14.6258707               1
      180039      190040   91.3427658      -13.8768692               1
      190040      200038   57.0096817      -1.98805106               1
      190040      210039   62.5180359      -13.0405025               1
      190040      220039   55.4832039      -14.2004519               1
      190040      230039   50.8229408      -14.4452162               1
      190040      240039   49.3480301      -14.6584988               1
      190040      250039   48.2251282      -14.7592945               1
      190040      260039   47.3295174      -14.8110218               1
      190040      270039   46.9017372      -14.8510122               1
      190040      280039   46.4414597      -14.8853731               1
      190040      290039   46.1459503      -14.9736881               1
      190040      300039   45.3985710      -14.9310875               1
      170038      200039   39.6295929      -8.58508110               1
      190038      200039   71.3625717      -2.88154101               1
      190040      200039   87.0721893      -7.50318432               1
      200039      210030   62.8295364      -16.2628059               1
      200039      210031   63.3368149      -16.1767998               1
      200039      210032   63.9219284      -16.1637135               1
      200039      210033   64.8837433      -16.0521317               1
      200039      210034   65.7265625      -15.9142742               1
      200039      210035   66.9070206      -15.5919914               1
      200039      210036   71.4564133      -15.5617504               1
      200039      210037   76.8978729      -14.8266191               1
      200039      210038   92.5488358      -13.5474606               1
      200039      220032   26.0514088      -17.1784935               1
      200039      220038   54.6784134      -12.2189226               1
      200039      230038   39.5798149      -9.33224583               1
      200039      250037   18.2111778      -9.69632053               1
      200039      250038   33.8624916      -8.57148933               1
      200039      260038   32.3321152      -8.24615383               1
      200039      270038   31.6801968      -8.14826012               1
      200039      280038   31.0393696      -8.04386234               1
      200039      290038   30.6533756      -8.11636639               1
      180039      210040   54.9531174      -14.5775728               1
      200039      210040   108.260208      -15.7163897               1
      210040      220031   55.6296158      -14.6629286               1
      210040      220032   56.1729851      -14.6675119               1
      210040      220033   57.0031853      -14.5926256               1
      210040      220034   57.6828156      -14.4968405               1
      210040      220035   58.5380745      -14.2656937               1
      210040      220036   61.4438553      -14.3386936               1
      210040      220037   64.4584045      -13.9484205               1
      210040      220038   70.8060608      -13.4771519               1
      210040      220039   100.889641      -14.8140459               1
      210040      230039   61.3973274      -14.0804310               1
      210040      240039   54.6339569      -14.5312243               1
      210040      250038   20.9439983      -9.98396397               1
      210040      250039   51.0273972      -14.6866512               1
      210040      260038   18.7162037      -9.55426407               1
      210040      260039   48.7995872      -14.7365351               1
      210040      270038   17.8540192      -9.45230770               1
      210040      270039   47.9374046      -14.7917681               1
      210040      280038   17.0772495      -9.32094288               1
      210040      280039   47.1606331      -14.8321447               1
      210040      290038   16.6446724      -9.51450157               1
      210040      290039   46.7280807      -14.9521093               1
      210040      300039   45.7596588      -14.8953629               1
