         792
       10020       20011   45.5123901      -14.3748531               1
       10020       20012   46.8101654      -14.3748531               1
       10020       20013   48.2456779      -14.3748531               1
       10020       20014   49.9479065      -14.3748531               1
       10020       20015   52.1273727      -14.3748531               1
       10020       20016   55.1790428      -14.3748531               1
       10020       20017   59.9816933      -14.3748531               1
       10020       20018   68.9788895      -14.3748531               1
       10020       20019   102.461685      -14.3748531               1
       10020       30012   25.3552685      -14.3748531               1
       10020       30013   26.7907810      -14.3748531               1
       10020       30014   28.4930096      -14.3748531               1
       10020       30015   30.6724758      -14.3748531               1
       10020       30016   33.7241478      -14.3748531               1
       10020       30017   38.5267982      -14.3748531               1
       10020       30018   47.5239944      -14.3748531               1
       10020       30019   81.0067902      -14.3748531               1
       10022       20011   44.6837311      -14.3748531               1
       10022       20012   45.7118683      -14.3748531               1
       10022       20013   46.7691612      -14.3748531               1
       10022       20014   47.9171104      -14.3748531               1
       10022       20015   49.2359619      -14.3748531               1
       10022       20016   50.8456421      -14.3748531               1
       10022       20017   52.9504433      -14.3748531               1
       10022       20018   55.9411659      -14.3748531               1
       10022       20019   62.0161514      -14.3748531               1
       10022       20020   69.6542282      -14.3748531               1
       10022       30012   24.2932358      -14.3748531               1
       10022       30013   25.3505287      -14.3748531               1
       10022       30014   26.4984760      -14.3748531               1
       10022       30015   27.8173313      -14.3748531               1
       10022       30016   29.4270096      -14.3748531               1
       10022       30017   31.5318089      -14.3748531               1
       10022       30018   34.5225334      -14.3748531               1
       10022       30019   40.5975189      -14.3748531               1
       10022       30020   48.2355957      -14.3748531               1
       10022       30021   71.6566391      -14.3748531               1
       10022       40021   63.1086349      -14.3748531               1
       10022       50021   58.4970055      -14.3748531               1
       10022       60021   55.5669518      -14.3748531               1
       10022       70021   53.4923096      -14.3748531               1
       10022       80021   51.8990059      -14.3748531               1
       10022       90021   50.5895500      -14.3748531               1
       10022      100021   49.4465904      -14.3748531               1
       10022      110021   48.3915443      -14.3748531               1
       10022      120021   47.3634033      -14.3748531               1
       10020       20021   92.7158585      -14.3748531               1
       10022       20021   93.0752716      -14.3748531               1
       20021       30012   47.8624573      -14.3748531               1
       20021       30013   49.1622124      -14.3748531               1
       20021       30014   50.5989761      -14.3748531               1
       20021       30015   52.3024635      -14.3748531               1
       20021       30016   54.4825325      -14.3748531               1
       20021       30017   57.5357475      -14.3748531               1
       20021       30018   62.3385887      -14.3748531               1
       20021       30019   74.2068024      -14.3748531               1
       20021       30020   94.7562943      -14.3748531               1
       20021       40020   71.5111847      -14.3748531               1
       20021       50020   62.5685272      -14.3748531               1
       20021       60020   57.7932587      -14.3748531               1
       20021       70020   54.7542114      -14.3748531               1
       20021       80020   52.5821877      -14.3748531               1
       20021       90020   50.8836327      -14.3748531               1
       20021      100020   49.4493828      -14.3748531               1
       20021      110020   48.1508064      -14.3748531               1
       10020       20023   60.9513741      -14.3748531               1
       10022       20023   93.3006210      -14.3748531               1
       20023       30012   47.0338440      -14.3748531               1
       20023       30013   48.0638504      -14.3748531               1
       20023       30014   49.1224136      -14.3748531               1
       20023       30015   50.2713737      -14.3748531               1
       20023       30016   51.5907898      -14.3748531               1
       20023       30017   53.2011032      -14.3748531               1
       20023       30018   55.3058968      -14.3748531               1
       20023       30019   59.0643349      -14.3748531               1
       20023       30020   63.0495262      -14.3748531               1
       20023       30021   72.0171051      -14.3748531               1
       10020       30022   48.1682205      -14.3748531               1
       20021       30022   95.1157150      -14.3748531               1
       20023       30022   95.3987808      -14.3748531               1
       30022       40020   71.5862427      -14.3748531               1
       30022       40021   95.0436478      -14.3748531               1
       30022       50014   26.0054512      -14.3748531               1
       30022       50015   27.4427166      -14.3748531               1
       30022       50016   29.1462975      -14.3748531               1
       30022       50020   48.1868019      -14.3748531               1
       30022       50021   71.6442032      -14.3748531               1
       30022       60021   62.6558723      -14.3748531               1
       30022       70021   57.8590698      -14.3748531               1
       30022       80021   54.8112297      -14.3748531               1
       30022       90020   29.1768684      -14.3748531               1
       30022       90021   52.6342659      -14.3748531               1
       30022      100020   27.4751415      -14.3748531               1
       30022      100021   50.9325409      -14.3748531               1
       30022      110020   26.0390892      -14.3748531               1
       30022      110021   49.4964867      -14.3748531               1
       30022      120021   48.1967659      -14.3748531               1
       10022       30024   48.7593422      -14.3748531               1
       20021       30024   63.3103027      -14.3748531               1
       20023       30024   95.6734543      -14.3748531               1
       30024       50023   72.2956772      -14.3748531               1
       30024       60023   63.3501244      -14.3748531               1
       30024       70023   58.6043739      -14.3748531               1
       30024       80023   55.6181450      -14.3748531               1
       30024       90023   53.5164909      -14.3748531               1
       30024      100023   51.9081306      -14.3748531               1
       30024      110023   50.5897903      -14.3748531               1
       30024      120023   49.4413986      -14.3748531               1
       30024      130023   48.3828545      -14.3748531               1
       30024      140023   47.3522758      -14.3748531               1
       30024       40023   95.6589203      -14.3748531               1
       40023       50014   48.1333199      -14.3748531               1
       40023       50015   49.4338455      -14.3748531               1
       40023       50016   50.8711548      -14.3748531               1
       40023       50017   52.5749664      -14.3748531               1
       40023       50018   54.7551651      -14.3748531               1
       40023       50019   58.5862770      -14.3748531               1
       40023       50020   62.6116028      -14.3748531               1
       40023       50021   71.6220016      -14.3748531               1
       40023       50022   95.0399094      -14.3748531               1
       40023       60015   26.0293503      -14.3748531               1
       40023       60016   27.4666615      -14.3748531               1
       40023       60020   39.2071075      -14.3748531               1
       20023       40025   49.3227654      -14.3748531               1
       30024       40025   95.8930740      -14.3748531               1
       40025       50014   47.3047981      -14.3748531               1
       40025       50015   48.3356018      -14.3748531               1
       40025       50016   49.3947334      -14.3748531               1
       40025       50017   50.5440788      -14.3748531               1
       40025       50018   51.8637543      -14.3748531               1
       40025       50019   53.8469620      -14.3748531               1
       40025       50020   55.5790710      -14.3748531               1
       40025       50021   58.5710373      -14.3748531               1
       40025       50022   63.3233871      -14.3748531               1
       40025       50023   72.2842789      -14.3748531               1
       40025       60015   24.9673042      -14.3748531               1
       40025       60016   26.0264359      -14.3748531               1
       40025       60017   27.1757812      -14.3748531               1
       40025       60018   28.4954548      -14.3748531               1
       40025       60019   30.4786644      -14.3748531               1
       40025       60020   32.2107697      -14.3748531               1
       40025       60021   35.2027397      -14.3748531               1
       40025       60022   39.9550858      -14.3748531               1
       40025       60023   48.9159813      -14.3748531               1
       40025       60024   72.2954636      -14.3748531               1
       40025       70024   63.3355179      -14.3748531               1
       40025       80024   58.5870743      -14.3748531               1
       40025       90024   55.5984993      -14.3748531               1
       40025      100023   30.1154003      -14.3748531               1
       40025      100024   53.4948845      -14.3748531               1
       40025      110024   51.8855667      -14.3748531               1
       40025      120024   50.5666008      -14.3748531               1
       40025      130024   49.4178772      -14.3748531               1
       40025      140024   48.3589668      -14.3748531               1
       40025      150024   47.3281593      -14.3748531               1
       20023       50024   63.5646820      -14.3748531               1
       40023       50024   95.3721237      -14.3748531               1
       40025       50024   95.6637650      -14.3748531               1
       30024       50026   49.4183006      -14.3748531               1
       40023       50026   63.5836563      -14.3748531               1
       40025       50026   95.9315872      -14.3748531               1
       50026       60015   47.3323975      -14.3748531               1
       50026       60016   48.3633270      -14.3748531               1
       50026       60017   49.4225998      -14.3748531               1
       50026       60018   50.5719719      -14.3748531               1
       50026       60019   52.1858253      -14.3748531               1
       50026       60020   53.5022087      -14.3748531               1
       50026       60021   55.6077728      -14.3748531               1
       50026       60022   58.5993996      -14.3748531               1
       50026       60023   63.3527794      -14.3748531               1
       50026       60024   72.3178177      -14.3748531               1
       50026       70024   48.9222565      -14.3748531               1
       50026      120024   28.5126610      -14.3748531               1
       50026      150024   24.9854221      -14.3748531               1
       30024       60025   63.5842781      -14.3748531               1
       40023       60025   48.8488922      -14.3748531               1
       50026       60025   95.7007141      -14.3748531               1
       60025       70016   48.1566467      -14.3748531               1
       60025       70017   49.4573860      -14.3748531               1
       60025       70018   50.8948097      -14.3748531               1
       60025       70019   52.9877472      -14.3748531               1
       60025       70020   54.7788315      -14.3748531               1
       60025       70021   57.8324203      -14.3748531               1
       60025       70022   62.6358299      -14.3748531               1
       60025       70023   71.6395035      -14.3748531               1
       60025       70024   95.0551834      -14.3748531               1
       60025       80017   26.0414238      -14.3748531               1
       60025       80018   27.4788475      -14.3748531               1
       60025       80019   29.5717831      -14.3748531               1
       60025       80020   31.3628712      -14.3748531               1
       60025       80021   34.4164581      -14.3748531               1
       60025       80022   39.2198677      -14.3748531               1
       60025       80023   48.2235413      -14.3748531               1
       60025       80024   71.6392212      -14.3748531               1
       60025       90018   18.4751930      -14.3748531               1
       60025       90019   20.5681286      -14.3748531               1
       60025       90020   22.3592148      -14.3748531               1
       60025       90021   25.4128017      -14.3748531               1
       60025       90022   30.2162132      -14.3748531               1
       60025       90023   39.2198868      -14.3748531               1
       60025       90024   62.6355629      -14.3748531               1
       60025      100023   34.4151955      -14.3748531               1
       60025      100024   57.8308754      -14.3748531               1
       60025      110023   31.3623047      -14.3748531               1
       60025      110024   54.7779846      -14.3748531               1
       60025      120023   29.1822433      -14.3748531               1
       60025      120024   52.5979233      -14.3748531               1
       60025      130023   27.4790573      -14.3748531               1
       60025      130024   50.8947334      -14.3748531               1
       60025      140023   26.0417957      -14.3748531               1
       60025      140024   49.4574738      -14.3748531               1
       60025      150024   48.1569214      -14.3748531               1
       50026       60027   95.9919815      -14.3748531               1
       60027       70016   47.3281593      -14.3748531               1
       60027       70017   48.3592033      -14.3748531               1
       60027       70018   49.4184952      -14.3748531               1
       60027       70019   50.8152313      -14.3748531               1
       60027       70020   51.8876801      -14.3748531               1
       60027       70021   53.4983292      -14.3748531               1
       60027       70022   55.6034584      -14.3748531               1
       60027       70023   58.5948944      -14.3748531               1
       60027       70024   63.3482513      -14.3748531               1
       60027       70025   72.3089828      -14.3748531               1
       60027       80024   39.9684753      -14.3748531               1
       60027       80026   72.3494492      -14.3748531               1
       60027       90026   63.3885651      -14.3748531               1
       60027      100026   58.6349220      -14.3748531               1
       60027      110026   55.6436348      -14.3748531               1
       60027      120026   53.5388603      -14.3748531               1
       60027      130026   51.9290390      -14.3748531               1
       60027      140026   50.6094780      -14.3748531               1
       60027      150026   49.4602776      -14.3748531               1
       60027      160026   48.4010620      -14.3748531               1
       60027      170026   47.3700218      -14.3748531               1
       60025       70026   95.3804855      -14.3748531               1
       60027       70026   95.7292252      -14.3748531               1
       70026       80017   48.1855202      -14.3748531               1
       70026       80018   49.4862747      -14.3748531               1
       70026       80019   51.2382355      -14.3748531               1
       70026       80020   52.6276245      -14.3748531               1
       70026       80021   54.8084946      -14.3748531               1
       70026       80022   57.8617439      -14.3748531               1
       70026       80023   62.6661797      -14.3748531               1
       70026       80024   71.6739960      -14.3748531               1
       70026       80025   95.0930786      -14.3748531               1
       70026       90018   26.0489521      -14.3748531               1
       70026       90019   27.8009148      -14.3748531               1
       70026       90020   29.1903019      -14.3748531               1
       70026       90021   31.3711720      -14.3748531               1
       70026       90022   34.4244194      -14.3748531               1
       70026       90023   39.2288589      -14.3748531               1
       70026       90024   48.2366714      -14.3748531               1
       70026       90025   71.6557541      -14.3748531               1
       70026      100024   39.2260399      -14.3748531               1
       70026      110024   34.4213829      -14.3748531               1
       70026      120024   31.3683701      -14.3748531               1
       70026      130024   29.1886330      -14.3748531               1
       70026      140024   27.4849701      -14.3748531               1
       70026      150024   26.0476646      -14.3748531               1
       60025       70028   63.6057205      -14.3748531               1
       60027       70028   95.9498520      -14.3748531               1
       70028       80017   47.3569794      -14.3748531               1
       70028       80018   48.3880539      -14.3748531               1
       70028       80019   49.6679001      -14.3748531               1
       70028       80020   50.5968018      -14.3748531               1
       70028       80021   51.9167290      -14.3748531               1
       70028       80022   53.5271835      -14.3748531               1
       70028       80023   55.6322670      -14.3748531               1
       70028       80024   58.6238098      -14.3748531               1
       70028       80025   63.3757896      -14.3748531               1
       70028       80026   72.3417435      -14.3748531               1
       70028       90018   24.9869232      -14.3748531               1
       70028       90020   27.1956711      -14.3748531               1
       70028       90021   28.5155983      -14.3748531               1
       70028       90023   32.2311363      -14.3748531               1
       70028       90024   35.2226791      -14.3748531               1
       70028       90027   72.3187943      -14.3748531               1
       70028      100027   63.3509293      -14.3748531               1
       70028      110027   58.5973167      -14.3748531               1
       70028      120027   55.6059074      -14.3748531               1
       70028      130027   53.5014725      -14.3748531               1
       70028      140027   51.8911667      -14.3748531               1
       70028      150027   50.5715866      -14.3748531               1
       70028      160027   49.4222412      -14.3748531               1
       70028      170027   48.3629456      -14.3748531               1
       70028      180027   47.3318710      -14.3748531               1
       50026       80027   63.6409950      -14.3748531               1
       70026       80027   95.4418259      -14.3748531               1
       70028       80027   95.7199249      -14.3748531               1
       80027       90018   48.2033348      -14.3748531               1
       80027       90019   49.7772903      -14.3748531               1
       80027       90020   50.9415970      -14.3748531               1
       80027       90021   52.6456108      -14.3748531               1
       80027       90022   54.8260460      -14.3748531               1
       80027       90023   57.8791008      -14.3748531               1
       80027       90024   62.6835060      -14.3748531               1
       80027       90025   71.6870041      -14.3748531               1
       80027       90026   95.1434326      -14.3748531               1
       80027      100026   71.6841736      -14.3748531               1
       80027      110026   62.6771126      -14.3748531               1
       80027      120026   57.8729553      -14.3748531               1
       80027      130026   54.8208427      -14.3748531               1
       80027      140026   52.6404419      -14.3748531               1
       80027      150026   50.9368362      -14.3748531               1
       80027      160026   49.4993706      -14.3748531               1
       80027      170026   48.1986084      -14.3748531               1
       70026       80029   63.6377487      -14.3748531               1
       70028       80029   95.9722290      -14.3748531               1
       80029       90018   47.3749390      -14.3748531               1
       80029       90019   48.6138611      -14.3748531               1
       80029       90020   49.4654465      -14.3748531               1
       80029       90021   50.6150246      -14.3748531               1
       80029       90022   51.9349403      -14.3748531               1
       80029       90023   53.5455208      -14.3748531               1
       80029       90024   55.6509209      -14.3748531               1
       80029       90025   58.6423187      -14.3748531               1
       80029       90026   63.3968277      -14.3748531               1
       80029       90027   72.3570786      -14.3748531               1
       80029      100028   72.3082352      -14.3748531               1
       80029      110028   63.3439369      -14.3748531               1
       80029      120028   58.5908127      -14.3748531               1
       80029      130028   55.6003036      -14.3748531               1
       80029      140028   53.4951820      -14.3748531               1
       80029      150028   51.8849373      -14.3748531               1
       80029      160028   50.5651627      -14.3748531               1
       80029      170028   49.4157372      -14.3748531               1
       80029      180028   48.3563766      -14.3748531               1
       80029      190028   47.1174507      -14.3748531               1
       60027       90028   63.6091957      -14.3748531               1
       80027       90028   95.4215393      -14.3748531               1
       80029       90028   95.7313156      -14.3748531               1
       90028      100020   49.4983749      -14.3748531               1
       90028      100027   95.0995255      -14.3748531               1
       90028      110027   71.6478577      -14.3748531               1
       90028      120027   62.6395454      -14.3748531               1
       90028      130027   57.8366737      -14.3748531               1
       90028      140027   54.7831345      -14.3748531               1
       90028      150027   52.6027908      -14.3748531               1
       90028      160027   50.8988762      -14.3748531               1
       90028      170027   49.4613037      -14.3748531               1
       90028      180027   48.1604767      -14.3748531               1
       80027       90030   63.6548347      -14.3748531               1
       80029       90030   96.0326843      -14.3748531               1
       70028      100029   63.6032372      -14.3748531               1
       90028      100029   95.4093018      -14.3748531               1
      100029      110020   48.1789436      -14.3748531               1
      100029      110021   49.4798660      -14.3748531               1
      100029      110022   50.9175148      -14.3748531               1
      100029      110023   52.6214676      -14.3748531               1
      100029      110024   54.8021660      -14.3748531               1
      100029      110026   62.6607323      -14.3748531               1
      100029      110027   71.6637497      -14.3748531               1
      100029      110028   95.0741730      -14.3748531               1
      100029      120028   71.6367874      -14.3748531               1
      100029      130028   62.6348610      -14.3748531               1
      100029      140028   57.8298454      -14.3748531               1
      100029      150028   54.7768974      -14.3748531               1
      100029      160028   52.5962257      -14.3748531               1
      100029      170028   50.8922844      -14.3748531               1
      100029      180028   49.4546509      -14.3748531               1
      100029      190028   47.9014626      -14.3748531               1
       90030      100031   95.9972000      -14.3748531               1
      100031      110020   47.3505402      -14.3748531               1
      100031      110021   48.3817673      -14.3748531               1
      100031      110022   49.4412689      -14.3748531               1
      100031      110023   50.5908775      -14.3748531               1
      100031      110024   51.9108963      -14.3748531               1
      100031      110025   53.5214539      -14.3748531               1
      100031      110026   55.6270447      -14.3748531               1
      100031      110027   58.6180000      -14.3748531               1
      100031      110028   63.3694496      -14.3748531               1
      100031      110029   72.3337479      -14.3748531               1
      100031      120021   24.9805660      -14.3748531               1
      100031      120024   28.5096951      -14.3748531               1
      100031      120030   72.3183365      -14.3748531               1
      100031      130030   63.3591728      -14.3748531               1
      100031      140030   58.6051941      -14.3748531               1
      100031      150030   55.6138535      -14.3748531               1
      100031      160030   53.5084648      -14.3748531               1
      100031      170030   51.8978767      -14.3748531               1
      100031      180030   50.5779381      -14.3748531               1
      100031      190030   49.2115288      -14.3748531               1
      100031      200030   48.3689957      -14.3748531               1
      100031      210030   47.3377686      -14.3748531               1
      100029      110030   95.4330063      -14.3748531               1
      100031      110030   95.7195358      -14.3748531               1
      110030      120021   48.1233444      -14.3748531               1
      110030      120022   49.4243011      -14.3748531               1
      110030      120023   50.8620110      -14.3748531               1
      110030      120024   52.5661087      -14.3748531               1
      110030      120025   54.7466888      -14.3748531               1
      110030      120026   57.8007088      -14.3748531               1
      110030      120027   62.6040573      -14.3748531               1
      110030      120028   71.6067352      -14.3748531               1
      110030      120029   95.0608521      -14.3748531               1
      110030      130029   71.6806259      -14.3748531               1
      110030      140029   62.6753540      -14.3748531               1
      100029      110032   63.6293678      -14.3748531               1
      100031      110032   95.9332504      -14.3748531               1
      110032      120021   47.2948456      -14.3748531               1
      110032      120022   48.3261185      -14.3748531               1
      110032      120023   49.3856354      -14.3748531               1
      110032      120024   50.5352707      -14.3748531               1
      110032      120025   51.8552055      -14.3748531               1
      110032      120026   53.4659805      -14.3748531               1
      110032      120027   55.5708809      -14.3748531               1
      110032      120028   58.5616951      -14.3748531               1
      110032      120029   63.3146782      -14.3748531               1
      110032      120030   72.2735901      -14.3748531               1
      110032      130031   72.2745285      -14.3748531               1
       90030      120031   63.6161575      -14.3748531               1
      110030      120031   95.3473892      -14.3748531               1
      110032      120031   95.6185608      -14.3748531               1
      120031      130022   48.1428070      -14.3748531               1
      120031      130023   49.4437561      -14.3748531               1
      120031      130024   50.8814774      -14.3748531               1
      120031      130025   52.5853920      -14.3748531               1
      120031      130026   54.7662621      -14.3748531               1
      120031      130027   57.8188248      -14.3748531               1
      120031      130028   62.6213150      -14.3748531               1
      120031      130029   71.6283722      -14.3748531               1
      120031      130030   95.0503387      -14.3748531               1
      120031      140023   26.0375805      -14.3748531               1
      120031      140024   27.4753017      -14.3748531               1
      120031      140030   71.6441650      -14.3748531               1
      120031      150030   62.6454430      -14.3748531               1
      120031      160030   57.8419075      -14.3748531               1
      120031      170030   54.7889252      -14.3748531               1
      120031      180030   52.6084137      -14.3748531               1
      120031      190030   50.6008644      -14.3748531               1
      120031      200030   49.4670639      -14.3748531               1
      120031      210030   48.1662216      -14.3748531               1
      110030      120033   63.5724678      -14.3748531               1
      110032      120033   95.8930130      -14.3748531               1
      120033      130022   47.3143196      -14.3748531               1
      120033      130023   48.3455887      -14.3748531               1
      120033      130024   49.4051056      -14.3748531               1
      120033      130025   50.5546799      -14.3748531               1
      120033      130026   51.8747330      -14.3748531               1
      120033      130027   53.4851036      -14.3748531               1
      120033      130028   55.5899582      -14.3748531               1
      120033      130029   58.5814667      -14.3748531               1
      120033      130030   63.3328896      -14.3748531               1
      120033      130031   72.2860260      -14.3748531               1
      120033      140031   48.9160385      -14.3748531               1
      120033      140032   72.2834396      -14.3748531               1
      120033      150032   63.3274841      -14.3748531               1
      120033      160032   58.5749931      -14.3748531               1
      120033      170031   32.2162132      -14.3748531               1
      120033      170032   55.5836143      -14.3748531               1
      120033      180032   53.4783936      -14.3748531               1
      120033      190032   51.5855598      -14.3748531               1
      120033      200032   50.5481071      -14.3748531               1
      120033      210032   49.3986206      -14.3748531               1
      120033      220031   24.9717083      -14.3748531               1
      120033      220032   48.3391113      -14.3748531               1
      120033      230032   47.3078423      -14.3748531               1
      120031      130032   95.3215179      -14.3748531               1
      120033      130032   95.6534348      -14.3748531               1
      130032      140023   48.1750145      -14.3748531               1
      130032      140024   49.4759941      -14.3748531               1
      130032      140025   50.9136467      -14.3748531               1
      130032      140026   52.6177750      -14.3748531               1
      130032      140027   54.7979774      -14.3748531               1
      130032      140028   57.8503914      -14.3748531               1
      130032      140029   62.6544113      -14.3748531               1
      130032      140030   71.6560822      -14.3748531               1
      130032      140031   95.0372391      -14.3748531               1
      130032      150031   71.6101151      -14.3748531               1
      120031      130034   63.5870705      -14.3748531               1
      120033      130034   95.8583755      -14.3748531               1
      130034      140023   47.3464661      -14.3748531               1
      130034      140024   48.3777275      -14.3748531               1
      130034      140025   49.4371986      -14.3748531               1
      130034      140026   50.5868149      -14.3748531               1
      130034      140027   51.9065781      -14.3748531               1
      130034      140028   53.5168419      -14.3748531               1
      130034      140029   55.6218643      -14.3748531               1
      130034      140030   58.6122017      -14.3748531               1
      130034      140031   63.3602638      -14.3748531               1
      130034      140032   72.3128357      -14.3748531               1
      130034      150024   24.9867897      -14.3748531               1
      130034      150032   48.9218941      -14.3748531               1
      130034      150033   72.2406311      -14.3748531               1
      130034      160033   63.2754288      -14.3748531               1
      130034      170033   58.5217438      -14.3748531               1
      130034      180033   55.5298424      -14.3748531               1
      130034      190033   53.0715027      -14.3748531               1
      130034      200033   51.8141098      -14.3748531               1
      130034      210033   50.4942665      -14.3748531               1
      130034      220033   49.3446236      -14.3748531               1
      130034      230033   48.2851067      -14.3748531               1
      130034      240033   47.2538414      -14.3748531               1
      110032      140033   63.5864639      -14.3748531               1
      130032      140033   95.3691559      -14.3748531               1
      130034      140033   95.6315689      -14.3748531               1
      140033      150024   48.1739044      -14.3748531               1
      140033      150025   49.4748306      -14.3748531               1
      140033      150026   50.9125786      -14.3748531               1
      140033      150027   52.6163177      -14.3748531               1
      140033      150028   54.7964668      -14.3748531               1
      140033      150029   57.8495636      -14.3748531               1
      140033      150030   62.6520271      -14.3748531               1
      140033      150031   71.6479340      -14.3748531               1
      140033      150032   95.0515213      -14.3748531               1
      140033      160030   39.2221107      -14.3748531               1
      140033      160031   48.2180176      -14.3748531               1
      140033      160032   71.6216049      -14.3748531               1
      140033      170031   39.2124710      -14.3748531               1
      140033      170032   62.6160583      -14.3748531               1
      140033      180031   34.4084091      -14.3748531               1
      140033      180032   57.8119965      -14.3748531               1
      140033      190031   30.8668995      -14.3748531               1
      140033      190032   54.2704849      -14.3748531               1
      140033      200031   29.1751995      -14.3748531               1
      140033      200032   52.5787849      -14.3748531               1
      140033      210031   27.4714489      -14.3748531               1
      140033      210032   50.8750343      -14.3748531               1
      140033      220031   26.0337029      -14.3748531               1
      140033      220032   49.4372902      -14.3748531               1
      140033      230032   48.1363106      -14.3748531               1
      130032      140035   63.6214638      -14.3748531               1
      130034      140035   95.9145584      -14.3748531               1
      140035      150024   47.3453598      -14.3748531               1
      140035      150025   48.3766174      -14.3748531               1
      140035      150026   49.4361305      -14.3748531               1
      140035      150027   50.5856323      -14.3748531               1
      140035      150028   51.9054375      -14.3748531               1
      140035      150029   53.5160027      -14.3748531               1
      140035      150030   55.6208305      -14.3748531               1
      140035      150031   58.6105423      -14.3748531               1
      140035      150032   63.3612938      -14.3748531               1
      140035      150033   72.3171539      -14.3748531               1
      140035      160034   72.2606659      -14.3748531               1
      140035      170034   63.2978859      -14.3748531               1
      140035      180034   58.5448685      -14.3748531               1
      140035      190034   55.0788193      -14.3748531               1
      140035      200034   53.4485626      -14.3748531               1
      140035      210034   51.8381882      -14.3748531               1
      140035      220034   50.5181580      -14.3748531               1
      140035      230034   49.3685303      -14.3748531               1
      140035      240034   48.3090324      -14.3748531               1
      140035      250034   47.2777748      -14.3748531               1
      120033      150034   63.5324287      -14.3748531               1
      140033      150034   95.3139343      -14.3748531               1
      140035      150034   95.6543884      -14.3748531               1
      150034      160025   48.1886787      -14.3748531               1
      150034      160026   49.4896240      -14.3748531               1
      150034      160027   50.9271088      -14.3748531               1
      150034      160028   52.6307297      -14.3748531               1
      150034      160029   54.8110352      -14.3748531               1
      150034      160030   57.8629684      -14.3748531               1
      150034      160031   62.6620750      -14.3748531               1
      150034      160032   71.6574097      -14.3748531               1
      150034      160033   95.0123291      -14.3748531               1
      150034      170026   26.0454216      -14.3748531               1
      150034      170027   27.4829063      -14.3748531               1
      150034      170028   29.1865273      -14.3748531               1
      150034      170029   31.3668327      -14.3748531               1
      150034      170030   34.4187660      -14.3748531               1
      150034      170031   39.2178726      -14.3748531               1
      150034      170032   48.2132034      -14.3748531               1
      150034      170033   71.5681305      -14.3748531               1
      150034      180032   39.2068520      -14.3748531               1
      150034      180033   62.5617752      -14.3748531               1
      150034      190033   57.0480080      -14.3748531               1
      150034      200033   54.7054176      -14.3748531               1
      150034      210033   52.5251732      -14.3748531               1
      150034      220033   50.8210411      -14.3748531               1
      150034      230033   49.3832817      -14.3748531               1
      150034      240033   48.0823250      -14.3748531               1
      140033      150036   63.6183662      -14.3748531               1
      140035      150036   95.9575729      -14.3748531               1
      150036      160025   47.3601303      -14.3748531               1
      150036      160026   48.3913689      -14.3748531               1
      150036      160027   49.4507866      -14.3748531               1
      150036      160028   50.6002312      -14.3748531               1
      150036      160029   51.9200859      -14.3748531               1
      150036      160030   53.5303116      -14.3748531               1
      150036      160031   55.6343460      -14.3748531               1
      150036      160032   58.6244011      -14.3748531               1
      150036      160033   63.3742409      -14.3748531               1
      150036      160034   72.3249741      -14.3748531               1
      150036      170026   24.9833565      -14.3748531               1
      150036      170027   26.0427723      -14.3748531               1
      150036      170028   27.1922188      -14.3748531               1
      150036      170029   28.5120735      -14.3748531               1
      150036      170031   32.2263336      -14.3748531               1
      150036      170032   35.2163887      -14.3748531               1
      150036      170035   72.3054352      -14.3748531               1
      150036      180035   63.3418503      -14.3748531               1
      150036      190035   57.8905296      -14.3748531               1
      150036      200035   55.5981522      -14.3748531               1
      150036      210035   53.4932175      -14.3748531               1
      150036      220035   51.8824539      -14.3748531               1
      150036      230035   50.5624123      -14.3748531               1
      150036      240035   49.4128151      -14.3748531               1
      150036      250035   48.3533173      -14.3748531               1
      150036      260035   47.3220787      -14.3748531               1
      130034      160035   63.5584183      -14.3748531               1
      150034      160035   95.3527908      -14.3748531               1
      150036      160035   95.7134476      -14.3748531               1
      160035      170026   48.1526527      -14.3748531               1
      160035      170027   49.4535179      -14.3748531               1
      160035      170028   50.8910294      -14.3748531               1
      160035      170029   52.5949364      -14.3748531               1
      160035      170030   54.7750435      -14.3748531               1
      160035      170031   57.8263626      -14.3748531               1
      160035      170032   62.6281586      -14.3748531               1
      160035      170033   71.6267853      -14.3748531               1
      160035      170034   95.0002136      -14.3748531               1
      160035      180034   71.5856476      -14.3748531               1
      160035      190034   61.4094009      -14.3748531               1
      160035      200034   57.7819862      -14.3748531               1
      160035      210034   54.7297325      -14.3748531               1
      160035      220034   52.5489769      -14.3748531               1
      160035      230034   50.8448944      -14.3748531               1
      160035      240034   49.4071999      -14.3748531               1
      160035      250034   48.1062393      -14.3748531               1
      150034      160037   63.6269951      -14.3748531               1
      150036      160037   95.9133148      -14.3748531               1
      160037      170026   47.3238678      -14.3748531               1
      160037      170027   48.3550262      -14.3748531               1
      160037      170028   49.4143333      -14.3748531               1
      160037      170029   50.5637169      -14.3748531               1
      160037      170030   51.8832436      -14.3748531               1
      160037      170031   53.4927864      -14.3748531               1
      160037      170032   55.5966187      -14.3748531               1
      160037      170033   58.5855980      -14.3748531               1
      160037      170034   63.3319092      -14.3748531               1
      160037      170035   72.2868652      -14.3748531               1
      160037      180035   48.9085007      -14.3748531               1
      160037      180036   72.2398605      -14.3748531               1
      160037      190036   62.1158752      -14.3748531               1
      160037      200036   58.5300331      -14.3748531               1
      160037      210036   55.5394096      -14.3748531               1
      160037      220036   53.4339752      -14.3748531               1
      160037      230036   51.8232880      -14.3748531               1
      160037      240036   50.5033493      -14.3748531               1
      160037      250035   26.0224152      -14.3748531               1
      160037      250036   49.3537750      -14.3748531               1
      160037      260036   48.2943611      -14.3748531               1
      160037      270036   47.2632027      -14.3748531               1
      140035      170036   63.6010704      -14.3748531               1
      160035      170036   95.3608704      -14.3748531               1
      160037      170036   95.6182251      -14.3748531               1
      170036      180027   48.1587601      -14.3748531               1
      170036      180028   49.4595451      -14.3748531               1
      170036      180029   50.8970871      -14.3748531               1
      170036      180030   52.6006584      -14.3748531               1
      170036      180031   54.7799873      -14.3748531               1
      170036      180032   57.8316460      -14.3748531               1
      170036      180033   62.6325302      -14.3748531               1
      170036      180034   71.6260300      -14.3748531               1
      170036      180035   95.0506973      -14.3748531               1
      170036      190035   69.2479401      -14.3748531               1
      170036      200035   62.6295433      -14.3748531               1
      170036      210035   57.8275528      -14.3748531               1
      170036      220035   54.7739983      -14.3748531               1
      170036      240035   50.8891792      -14.3748531               1
      170036      250035   49.4514580      -14.3748531               1
      170036      260035   48.1505623      -14.3748531               1
      160035      170038   63.5818405      -14.3748531               1
      160037      170038   95.8249283      -14.3748531               1
      170038      180027   47.3297653      -14.3748531               1
      170038      180028   48.3607597      -14.3748531               1
      170038      180029   49.4198952      -14.3748531               1
      170038      180030   50.5689049      -14.3748531               1
      170038      180031   51.8877449      -14.3748531               1
      170038      180032   53.4967232      -14.3748531               1
      170038      180033   55.5992279      -14.3748531               1
      170038      180034   58.5850449      -14.3748531               1
      170038      180035   63.3291740      -14.3748531               1
      170038      180036   72.2635803      -14.3748531               1
      170038      190037   69.8136978      -14.3748531               1
      170038      200037   63.2300987      -14.3748531               1
      170038      220037   55.4872780      -14.3748531               1
      170038      240037   51.7712326      -14.3748531               1
      170038      250037   50.4512901      -14.3748531               1
      170038      260037   49.3018456      -14.3748531               1
      170038      270037   48.2424889      -14.3748531               1
      170038      280037   47.2114944      -14.3748531               1
      150036      180037   63.5417175      -14.3748531               1
      160035      180037   48.8414001      -14.3748531               1
      170036      180037   95.3080444      -14.3748531               1
      170038      180037   95.5722504      -14.3748531               1
      180037      190028   40.8983994      -14.3748531               1
      180037      190029   42.1990852      -14.3748531               1
      180037      190030   43.6363029      -14.3748531               1
      180037      190031   45.3392029      -14.3748531               1
      180037      190032   47.5183258      -14.3748531               1
      180037      190035   64.3639984      -14.3748531               1
      180037      190036   87.7315521      -14.3748531               1
      180037      200036   71.5681915      -14.3748531               1
      180037      210036   62.5716133      -14.3748531               1
      180037      220036   57.7678108      -14.3748531               1
      180037      230036   54.7145424      -14.3748531               1
      180037      240036   52.5340195      -14.3748531               1
      180037      250035   27.4624825      -14.3748531               1
      180037      250036   50.8300362      -14.3748531               1
      180037      260036   49.3925018      -14.3748531               1
      180037      270036   48.0916367      -14.3748531               1
      170036      180039   63.5549622      -14.3748531               1
      170038      180039   95.6151199      -14.3748531               1
      180039      190028   40.0754547      -14.3748531               1
      180039      190029   41.1060295      -14.3748531               1
      180039      190030   42.1645546      -14.3748531               1
      180039      190031   43.3125801      -14.3748531               1
      180039      190032   44.6302147      -14.3748531               1
      180039      190033   46.2370377      -14.3748531               1
      180039      190036   56.0428352      -14.3748531               1
      180039      190037   64.9504547      -14.3748531               1
      180039      200038   71.9690704      -14.3748531               1
      180039      210038   63.0153198      -14.3748531               1
      180039      220038   58.2626381      -14.3748531               1
      180039      230038   55.2710686      -14.3748531               1
      180039      250037   28.4029560      -14.3748531               1
      180039      250038   51.5554810      -14.3748531               1
      180039      260037   27.0833282      -14.3748531               1
      180039      260038   50.2358551      -14.3748531               1
      180039      270037   25.9340191      -14.3748531               1
      180039      270038   49.0865440      -14.3748531               1
      180039      280037   24.8750000      -14.3748531               1
      180039      280038   48.0275269      -14.3748531               1
      180039      290038   46.9969482      -14.3748531               1
      180037      190038   87.9957428      -14.3748531               1
      180039      190038   88.1029816      -14.3748531               1
      190038      200036   81.5797501      -14.3748531               1
      190038      200037   104.928940      -14.3748531               1
      190038      210037   74.3134003      -14.3748531               1
      190038      220037   63.7718430      -14.3748531               1
      190038      250037   52.7692490      -14.3748531               1
      190038      260037   50.9794540      -14.3748531               1
      190038      270037   49.4861183      -14.3748531               1
      190038      280037   48.1473083      -14.3748531               1
      180039      190040   88.0217514      -14.3748531               1
      190040      200038   82.0953522      -14.3748531               1
      190040      210039   74.4331741      -14.3748531               1
      190040      220039   63.9344368      -14.3748531               1
      190040      230039   58.6219215      -14.3748531               1
      190040      240039   55.3682175      -14.3748531               1
      190040      250039   53.1200485      -14.3748531               1
      190040      260039   51.4237518      -14.3748531               1
      190040      270039   50.0482712      -14.3748531               1
      190040      280039   48.8610001      -14.3748531               1
      190040      290039   47.7749634      -14.3748531               1
      190040      300039   46.7245140      -14.3748531               1
      170038      200039   63.2729645      -14.3748531               1
      190038      200039   105.036140      -14.3748531               1
      190040      200039   105.012489      -14.3748531               1
      200039      210030   48.1538162      -14.3748531               1
      200039      210031   49.4531822      -14.3748531               1
      200039      210032   50.8885155      -14.3748531               1
      200039      210033   52.5886993      -14.3748531               1
      200039      210034   54.7623940      -14.3748531               1
      200039      210035   57.8041229      -14.3748531               1
      200039      210036   62.5824547      -14.3748531               1
      200039      210037   71.5328598      -14.3748531               1
      200039      210038   94.7215958      -14.3748531               1
      200039      220032   27.4743118      -14.3748531               1
      200039      220038   71.3073959      -14.3748531               1
      200039      230038   62.3032722      -14.3748531               1
      200039      250037   31.2578297      -14.3748531               1
      200039      250038   54.4465675      -14.3748531               1
      200039      260038   52.2665443      -14.3748531               1
      200039      270038   50.5627937      -14.3748531               1
      200039      280038   49.1256180      -14.3748531               1
      200039      290038   47.8254433      -14.3748531               1
      180039      210040   62.9340935      -14.3748531               1
      200039      210040   94.6979065      -14.3748531               1
      210040      220031   48.1956787      -14.3748531               1
      210040      220032   49.4944801      -14.3748531               1
      210040      220033   50.9287415      -14.3748531               1
      210040      220034   52.6267319      -14.3748531               1
      210040      220035   54.7971687      -14.3748531               1
      210040      220036   57.8293839      -14.3748531               1
      210040      220037   62.5897751      -14.3748531               1
      210040      220038   71.4745483      -14.3748531               1
      210040      220039   94.4248199      -14.3748531               1
      210040      230039   70.9736938      -14.3748531               1
      210040      240039   61.9653816      -14.3748531               1
      210040      250038   34.2098961      -14.3748531               1
      210040      250039   57.1601677      -14.3748531               1
      210040      260038   31.1571560      -14.3748531               1
      210040      260039   54.1074295      -14.3748531               1
      210040      270038   28.9765434      -14.3748531               1
      210040      270039   51.9268188      -14.3748531               1
      210040      280038   27.2729778      -14.3748531               1
      210040      280039   50.2232552      -14.3748531               1
      210040      290038   25.8360825      -14.3748531               1
      210040      290039   48.7863579      -14.3748531               1
      210040      300039   47.4863968      -14.3748531               1
