792
10020 20011 52.074048 -7.030896
10020 20012 52.564735 -7.012606
10020 20013 53.121348 -6.969873
10020 20014 53.802673 -6.922898
10020 20015 55.144873 -6.861045
10020 20016 56.270956 -6.804763
10020 20017 60.741898 -6.678955
10020 20018 66.688724 -5.911568
10020 20019 91.018936 -3.020857
10020 30012 22.135434 -7.605986
10020 30013 22.692045 -7.491394
10020 30014 23.373369 -7.368060
10020 30015 24.715567 -7.205880
10020 30016 25.841650 -7.068298
10020 30017 30.312590 -6.777328
10020 30018 36.259429 -5.349807
10020 30019 60.589917 -1.232914
10022 20011 51.584639 -7.382408
10022 20012 51.986059 -7.376633
10022 20013 52.411975 -7.345267
10022 20014 52.888154 -7.314906
10022 20015 53.712738 -7.289081
10022 20016 54.272431 -7.267220
10022 20017 55.999576 -7.275910
10022 20018 57.612618 -7.137119
10022 20019 60.804990 -6.869831
10022 20020 76.919069 -7.525053
10022 30012 21.718345 -8.035388
10022 30013 22.144259 -7.948478
10022 30014 22.620438 -7.864796
10022 30015 23.445020 -7.786290
10022 30016 24.004712 -7.725272
10022 30017 25.731858 -7.713438
10022 30018 27.344897 -7.395213
10022 30019 30.537267 -6.836013
10022 30020 46.651356 -7.928029
10022 30021 78.749709 -7.189310
10022 40021 65.246020 -6.732540
10022 50021 62.655955 -6.883130
10022 60021 60.923838 -6.884063
10022 70021 59.762002 -6.899296
10022 80021 59.186891 -6.910593
10022 90021 58.782896 -6.927437
10022 100021 57.802714 -6.845298
10022 110021 57.432796 -6.865485
10022 120021 57.031375 -6.867111
10020 20021 116.264981 -7.416867
10022 20021 109.017431 -7.110082
20021 30012 51.686292 -5.482251
20021 30013 52.190627 -5.445897
20021 30014 52.767046 -5.413994
20021 30015 53.800280 -5.388491
20021 30016 54.556643 -5.360930
20021 30017 57.113030 -5.417824
20021 30018 59.818727 -5.249778
20021 30019 66.541117 -4.694700
20021 30020 115.699819 -6.554719
20021 40020 77.795281 -6.733278
20021 50020 72.260586 -7.206208
20021 60020 69.217195 -7.291530
20021 70020 67.463069 -7.344246
20021 80020 66.656911 -7.366338
20021 90020 66.127450 -7.394422
20021 100020 64.927431 -7.357027
20021 110020 64.489634 -7.396291
10020 20023 61.615234 -6.844133
10022 20023 83.739399 -4.845986
20023 30012 51.304658 -5.489892
20023 30013 51.697296 -5.466034
20023 30014 52.113519 -5.432354
20023 30015 52.768885 -5.408587
20023 30016 53.168493 -5.376204
20023 30017 54.244170 -5.378466
20023 30018 55.102295 -5.315553
20023 30019 56.429144 -5.208073
20023 30020 61.159149 -5.492091
20023 30021 66.650925 -5.152143
10020 30022 46.639563 -7.809864
20021 30022 108.761678 -6.254132
20023 30022 83.486078 -3.704236
30022 40020 57.186051 -4.771160
30022 40021 89.302072 -5.329530
30022 50014 15.259764 -5.403621
30022 50015 16.144612 -5.365808
30022 50016 16.730392 -5.327041
30022 50020 39.481660 -6.993134
30022 50021 71.597702 -6.692881
30022 60021 64.803583 -7.001106
30022 70021 61.767540 -7.053890
30022 80021 60.525854 -7.054839
30022 90020 27.677969 -7.937548
30022 90021 59.793995 -7.070768
30022 100020 26.233957 -7.726986
30022 100021 58.349988 -6.954649
30022 110020 25.748000 -7.782189
30022 110021 57.864031 -6.972727
30022 120021 57.367398 -6.980510
10022 30024 36.533847 -6.770884
20021 30024 60.771417 -5.463636
20023 30024 123.437427 -6.681649
30024 50023 86.248130 -7.359931
30024 60023 79.474679 -7.653261
30024 70023 76.465721 -7.703111
30024 80023 75.244842 -7.703052
30024 90023 74.534937 -7.714122
30024 100023 73.179319 -7.602659
30024 110023 72.737841 -7.616221
30024 120023 72.302763 -7.609698
30024 130023 71.890004 -7.617154
30024 140023 71.475579 -7.631757
30024 40023 103.942744 -6.073672
40023 50014 78.187351 -8.035271
40023 50015 78.969674 -8.002825
40023 50016 79.415164 -7.970334
40023 50017 80.563097 -7.926703
40023 50018 81.459389 -7.849864
40023 50019 82.816533 -7.730664
40023 50020 87.588792 -7.801597
40023 50021 93.104260 -7.409827
40023 50022 109.960921 -5.942316
40023 60015 23.098037 -6.757774
40023 60016 23.543530 -6.671738
40023 60020 31.717169 -6.540413
20023 40025 39.533610 -6.546929
30024 40025 89.640699 -5.356373
40025 50014 77.945502 -8.247475
40025 50015 78.611919 -8.238940
40025 50016 78.959970 -8.223025
40025 50017 79.768346 -8.213673
40025 50018 80.332700 -8.173650
40025 50019 81.042209 -8.129592
40025 50020 82.930217 -8.265154
40025 50021 84.550046 -8.220299
40025 50022 87.337647 -8.108378
40025 50023 103.945861 -8.197897
40025 60015 22.743109 -7.210976
40025 60016 23.091162 -7.172047
40025 60017 23.899538 -7.176383
40025 60018 24.463895 -7.068889
40025 60019 25.173407 -6.958188
40025 60020 27.061404 -7.455346
40025 60021 28.681235 -7.368853
40025 60022 31.468844 -7.133654
40025 60023 48.077047 -7.663918
40025 60024 79.780318 -6.778993
40025 70024 67.611030 -6.939134
40025 80024 63.952716 -6.906330
40025 90024 62.298317 -6.889137
40025 100023 28.237359 -7.918056
40025 100024 59.940632 -6.605813
40025 110024 59.278079 -6.621882
40025 120024 58.692126 -6.601126
40025 130024 58.175438 -6.604210
40025 140024 57.703628 -6.614064
40025 150024 57.037212 -6.606743
20023 50024 80.035407 -7.364404
40023 50024 149.928863 -7.698519
40025 50024 135.649086 -7.552640
30024 50026 33.382194 -6.457844
40023 50026 89.914199 -7.918731
40025 50026 117.837325 -7.758886
50026 60015 45.251977 -4.498265
50026 60016 45.582428 -4.483660
50026 60017 46.305805 -4.509015
50026 60018 46.777585 -4.479340
50026 60019 47.319257 -4.449313
50026 60020 48.608677 -4.688585
50026 60021 49.590372 -4.693796
50026 60022 51.003586 -4.690637
50026 60023 56.850642 -5.091143
50026 60024 63.921729 -4.952382
50026 70024 34.651717 -6.280207
50026 120024 20.401872 -5.995159
50026 150024 18.669768 -6.053078
30024 60025 65.172541 -7.013303
40023 60025 48.058969 -7.393666
50026 60025 84.714480 -5.662217
60025 70016 54.827080 -8.505535
60025 70017 55.715944 -8.453531
60025 70018 56.317188 -8.374735
60025 70019 57.054255 -8.293587
60025 70020 58.977757 -8.465769
60025 70021 60.614625 -8.385853
60025 70022 63.416624 -8.213654
60025 70023 80.045209 -8.299724
60025 70024 111.763777 -7.479621
60025 80017 21.524765 -7.712199
60025 80018 22.126012 -7.531784
60025 80019 22.863083 -7.356458
60025 80020 24.786577 -7.838875
60025 80021 26.423448 -7.694386
60025 80022 29.225454 -7.387022
60025 80023 45.854032 -7.837042
60025 80024 77.572640 -6.844653
60025 90018 13.331667 -8.279841
60025 90019 14.068734 -7.955727
60025 90020 15.992236 -8.631354
60025 90021 17.629104 -8.341203
60025 90022 20.431105 -7.812832
60025 90023 37.059688 -8.178583
60025 90024 68.778286 -6.901793
60025 100023 30.267175 -7.432674
60025 100024 61.985807 -6.397659
60025 110023 28.878352 -7.604373
60025 110024 60.596979 -6.455762
60025 120023 27.867595 -7.604876
60025 120024 59.586223 -6.436514
60025 130023 27.085295 -7.657489
60025 130024 58.803921 -6.445205
60025 140023 26.447362 -7.727772
60025 140024 58.165986 -6.463865
60025 150024 57.339848 -6.477122
50026 60027 89.348468 -5.693466
60027 70016 54.523487 -8.419531
60027 70017 55.230809 -8.366398
60027 70018 55.672653 -8.293515
60027 70019 56.144755 -8.228972
60027 70020 57.176989 -8.310385
60027 70021 57.913973 -8.243845
60027 70022 58.860828 -8.171090
60027 70023 62.045482 -8.158281
60027 70024 65.192709 -7.910020
60027 70025 71.771223 -7.729033
60027 80024 31.008905 -6.843339
60027 80026 64.481703 -7.111338
60027 90026 55.695165 -7.228338
60027 100026 48.941916 -6.660677
60027 110026 47.573030 -6.754579
60027 120026 46.586401 -6.745101
60027 130026 45.835794 -6.769691
60027 140026 45.237462 -6.798841
60027 150026 44.487707 -6.828850
60027 160026 44.142048 -6.863306
60027 170026 43.434722 -6.905526
60025 70026 93.967223 -7.708486
60027 70026 98.665506 -7.723290
70026 80017 67.301553 -6.233129
70026 80018 67.838612 -6.210563
70026 80019 68.425765 -6.182281
70026 80020 69.773044 -6.334181
70026 80021 70.783668 -6.322723
70026 80022 72.217817 -6.298041
70026 80023 78.096227 -6.480199
70026 80024 85.181840 -6.263342
70026 80025 105.989680 -6.578737
70026 90018 28.443836 -7.722977
70026 90019 29.030986 -7.625727
70026 90020 30.378279 -7.910595
70026 90021 31.388900 -7.834001
70026 90022 32.823046 -7.713663
70026 90023 38.701468 -7.866221
70026 90024 45.787056 -7.248293
70026 90025 66.594915 -7.442511
70026 100024 26.767702 -5.969118
70026 110024 23.909107 -6.556207
70026 120024 22.184371 -6.506621
70026 130024 21.011319 -6.459883
70026 140024 20.162059 -6.464974
70026 150024 19.179915 -6.409602
60025 70028 63.801753 -8.033347
60027 70028 89.109558 -7.118975
70028 80017 66.950181 -6.184661
70028 80018 67.383600 -6.159584
70028 80019 67.813222 -6.132464
70028 80020 68.667023 -6.226156
70028 80021 69.237000 -6.204988
70028 80022 69.895771 -6.185574
70028 80023 71.744965 -6.234189
70028 80024 73.287244 -6.167369
70028 80025 75.912076 -6.153589
70028 80026 82.638199 -6.184870
70028 90018 27.992850 -7.602899
70028 90020 29.276279 -7.695771
70028 90021 29.846253 -7.618601
70028 90023 32.354218 -7.573775
70028 90024 33.896490 -7.368353
70028 90027 61.777542 -6.374595
70028 100027 42.790499 -5.197169
70028 110027 39.947264 -5.495130
70028 120027 38.243159 -5.432262
70028 130027 37.093430 -5.385725
70028 140027 36.275498 -5.372650
70028 150027 35.351854 -5.331065
70028 160027 34.959428 -5.345030
70028 170027 34.218150 -5.317967
70028 180027 33.784730 -5.356864
50026 80027 53.236980 -7.056836
70026 80027 110.649825 -6.580842
70028 80027 101.168322 -5.891519
80027 90018 71.935380 -7.397068
80027 90019 72.458276 -7.352319
80027 90020 73.551846 -7.438077
80027 90021 74.316802 -7.403160
80027 90022 75.286234 -7.364881
80027 90023 78.506402 -7.401053
80027 90024 81.667856 -7.243565
80027 90025 88.250964 -7.157810
80027 90026 115.161507 -7.313652
80027 100026 57.227151 -6.149331
80027 110026 51.731167 -6.936612
80027 120026 49.014316 -6.992376
80027 130026 47.345731 -7.026381
80027 140026 46.255973 -7.058695
80027 150026 45.097310 -7.068344
80027 160026 44.621040 -7.101103
80027 170026 43.742533 -7.115968
70026 80029 77.088840 -6.373165
70028 80029 115.006082 -6.584339
80029 90018 71.590998 -7.496321
80029 90019 72.007816 -7.466762
80029 90020 72.790400 -7.539281
80029 90021 73.292728 -7.517217
80029 90022 73.841767 -7.496917
80029 90023 75.241124 -7.516523
80029 90024 76.309734 -7.460268
80029 90025 77.958319 -7.433676
80029 90026 81.561490 -7.445945
80029 90027 88.517557 -7.259910
80029 100028 61.625822 -6.265904
80029 110028 56.143207 -7.006286
80029 120028 53.443496 -7.054216
80029 130028 51.794364 -7.070353
80029 140028 50.730262 -7.088152
80029 150028 49.616479 -7.079414
80029 160028 49.172031 -7.105759
80029 170028 48.384797 -7.091005
80029 180028 47.941372 -7.127889
80029 190028 47.524554 -7.169443
60027 90028 46.139266 -5.958704
80027 90028 105.627787 -6.759127
80029 90028 119.532368 -7.348552
90028 100020 27.538517 -0.220832
90028 100027 60.161258 -2.924652
90028 110027 46.425613 -5.078382
90028 120027 41.499771 -5.411942
90028 130027 38.904898 -5.455773
90028 140027 37.419321 -5.458626
90028 150027 35.984828 -5.411106
90028 160027 35.443398 -5.414178
90028 170027 34.525104 -5.356359
90028 180027 34.014684 -5.401520
80027 90030 79.538979 -7.033538
80029 90030 102.102735 -5.321598
70028 100029 56.628243 -6.773885
90028 100029 74.016553 -4.546495
100029 110020 77.957699 -9.423006
100029 110021 78.541110 -9.389193
100029 110022 79.146056 -9.355565
100029 110023 80.620917 -9.339461
100029 110024 81.721974 -9.254919
100029 110026 87.030908 -9.129495
100029 110027 94.009235 -8.829153
100029 110028 125.053382 -8.540431
100029 120028 75.085457 -7.603006
100029 130028 60.788783 -7.470939
100029 140028 55.548808 -7.399424
100029 150028 51.913179 -7.236844
100029 160028 50.823031 -7.222917
100029 170028 49.356408 -7.128338
100029 180028 48.640293 -7.160335
100029 190028 48.056979 -7.209567
90030 100031 87.600834 -5.417690
100031 110020 77.492288 -9.464929
100031 110021 77.939792 -9.436210
100031 110022 78.356915 -9.413560
100031 110023 79.209099 -9.398839
100031 110024 79.738398 -9.347305
100031 110025 80.406054 -9.302324
100031 110026 81.532744 -9.282344
100031 110027 82.972700 -9.201136
100031 110028 86.266282 -8.993141
100031 110029 91.905456 -8.509129
100031 120021 27.979710 -8.480360
100031 120024 29.778321 -8.300030
100031 120030 88.790287 -8.280256
100031 130030 74.510149 -8.296502
100031 140030 69.291775 -8.298187
100031 150030 65.694383 -8.218887
100031 160030 64.628252 -8.221717
100031 170030 63.227538 -8.160519
100031 180030 62.561379 -8.193068
100031 190030 62.045021 -8.234117
100031 200030 61.258085 -8.160973
100031 210030 60.810578 -8.188186
100029 110030 107.650940 -6.741383
100031 110030 138.750344 -8.889234
110030 120021 59.909272 -7.623906
110030 120022 60.399718 -7.591036
110030 120023 61.436923 -7.582552
110030 120024 62.107582 -7.512589
110030 120025 62.993942 -7.461598
110030 120026 64.632787 -7.411048
110030 120027 67.000669 -7.211213
110030 120028 73.530148 -6.595304
110030 120029 89.551636 -5.055479
110030 130029 51.436916 -3.087147
110030 140029 41.520054 -2.134788
100029 110032 86.620297 -8.914715
100031 110032 125.782305 -7.933683
110032 120021 59.600536 -7.652676
110032 120022 60.008613 -7.636061
110032 120023 60.794317 -7.639288
110032 120024 61.253854 -7.596388
110032 120025 61.802888 -7.560584
110032 120026 62.677263 -7.569909
110032 120027 63.692265 -7.541001
110032 120028 65.737691 -7.457848
110032 120029 68.556226 -7.247374
110032 120030 83.667326 -7.423910
110032 130031 69.531024 -6.143744
90030 120031 68.973639 -7.708015
110030 120031 120.543623 -7.943482
110032 120031 107.628965 -6.689936
120031 130022 50.695735 -7.552486
120031 130023 51.623278 -7.563700
120031 130024 52.182349 -7.504661
120031 130025 52.873449 -7.468889
120031 130026 54.027390 -7.476015
120031 130027 55.484901 -7.407618
120031 130028 58.797611 -7.203847
120031 130029 64.449502 -6.670502
120031 130030 111.318612 -7.921556
120031 140023 21.370477 -7.724661
120031 140024 21.929547 -7.580071
120031 140030 81.065814 -8.097536
120031 150030 69.560658 -8.147176
120031 160030 67.004434 -8.223226
120031 170030 64.441831 -8.159886
120031 180030 63.369331 -8.207967
120031 190030 62.632096 -8.261423
120031 200030 61.636012 -8.181678
120031 210030 61.100317 -8.211140
110030 120033 71.251430 -7.453618
110032 120033 99.191725 -6.727016
120033 130022 50.360280 -7.173552
120033 130023 51.090957 -7.182823
120033 130024 51.491076 -7.156127
120033 130025 51.930430 -7.137520
120033 130026 52.599663 -7.150548
120033 130027 53.295318 -7.136327
120033 130028 54.553652 -7.089660
120033 130029 56.018406 -6.971819
120033 130030 61.924081 -7.081364
120033 130031 68.389223 -6.681737
120033 140031 38.138790 -6.344232
120033 140032 59.690997 -6.190349
120033 150032 48.212690 -5.900496
120033 160032 45.666775 -5.919825
120033 170031 21.579840 -5.482862
120033 170032 43.132048 -5.700310
120033 180032 42.086675 -5.704346
120033 190032 41.383587 -5.747944
120033 200032 40.465661 -5.636978
120033 210032 39.989027 -5.627294
120033 220031 18.028966 -5.307952
120033 220032 39.581172 -5.640147
120033 230032 38.850497 -5.599116
120031 130032 98.368384 -6.600576
120033 130032 89.941426 -6.498736
130032 140023 52.638383 -6.977324
130032 140024 53.138838 -6.930511
130032 140025 53.719772 -6.901133
130032 140026 54.628511 -6.925322
130032 140027 55.665673 -6.909556
130032 140028 57.735007 -6.836653
130032 140029 60.567693 -6.629767
130032 140030 75.703795 -6.954492
130032 140031 99.677655 -6.280546
130032 150031 62.667313 -5.675392
120031 130034 59.158754 -7.152559
120033 130034 96.101957 -5.703640
130034 140023 52.147496 -6.933846
130034 140024 52.517316 -6.893927
130034 140025 52.909393 -6.864032
130034 140026 53.447752 -6.881545
130034 140027 53.966453 -6.876247
130034 140028 54.801678 -6.854356
130034 140029 55.640202 -6.799530
130034 140030 58.291952 -6.827081
130034 140031 60.581642 -6.600075
130034 140032 65.819625 -6.365874
130034 150024 15.523735 -6.181182
130034 150032 28.826067 -5.304369
130034 150033 60.465627 -4.412861
130034 160033 54.794301 -4.402654
130034 170033 50.557870 -4.075585
130034 180033 49.015976 -4.060280
130034 190033 48.081209 -4.070796
130034 200033 46.993543 -3.876344
130034 210033 46.455988 -3.864789
130034 220033 46.026390 -3.854649
130034 230033 45.311750 -3.781345
130034 240033 44.941925 -3.802052
110032 140033 51.192790 -5.935325
130032 140033 91.263550 -6.275387
130034 140033 97.459125 -5.468153
140033 150024 35.454114 -4.421013
140033 150025 35.937205 -4.420377
140033 150026 36.650270 -4.487576
140033 150027 37.375190 -4.526440
140033 150028 38.661719 -4.533466
140033 150029 40.144288 -4.477909
140033 150030 46.079186 -4.935814
140033 150031 52.555527 -4.680807
140033 150032 74.121959 -5.048608
140033 160030 27.701794 -5.938913
140033 160031 34.178122 -5.356714
140033 160032 55.744564 -5.584275
140033 170031 25.225806 -5.172448
140033 170032 46.792247 -5.528473
140033 180031 22.531608 -5.395052
140033 180032 44.098051 -5.663963
140033 190031 21.111508 -5.551307
140033 190032 42.677951 -5.750205
140033 200031 19.653153 -5.192982
140033 200032 41.219594 -5.586396
140033 210031 18.966368 -5.214331
140033 210032 40.532810 -5.603052
140033 220031 18.431747 -5.244548
140033 220032 39.998189 -5.622172
140033 230032 39.122566 -5.579633
130032 140035 60.236182 -6.592611
130034 140035 91.900443 -5.682454
140035 150024 35.028138 -4.626880
140035 150025 35.407034 -4.588785
140035 150026 35.902204 -4.636661
140035 150027 36.352293 -4.649090
140035 150028 37.028406 -4.652952
140035 150029 37.651370 -4.631399
140035 150030 39.374313 -4.750787
140035 150031 40.661517 -4.608394
140035 150032 43.039940 -4.544260
140035 150033 52.374179 -4.073296
140035 160034 56.397197 -4.446927
140035 170034 47.482885 -4.136069
140035 180034 44.808143 -4.192654
140035 190034 43.409026 -4.217524
140035 200034 42.004150 -3.975603
140035 210034 41.352371 -3.976869
140035 220034 40.862150 -3.977679
140035 230034 40.102035 -3.912721
140035 240034 39.728454 -3.942921
140035 250034 39.349557 -3.970614
120033 150034 54.373284 -4.562985
140033 150034 80.310296 -4.208730
140035 150034 74.756588 -4.263399
150034 160025 61.011599 -6.597789
150034 160026 61.621307 -6.607949
150034 160027 62.185950 -6.601692
150034 160028 63.065356 -6.584029
150034 160029 63.931006 -6.541718
150034 160030 66.623953 -6.580996
150034 160031 68.931775 -6.376465
150034 160032 74.187287 -6.178078
150034 160033 105.856310 -5.394927
150034 170026 17.842497 -5.021858
150034 170027 18.407140 -5.049373
150034 170028 19.286547 -5.062395
150034 170029 20.152200 -4.993532
150034 170030 22.845140 -5.290577
150034 170031 25.152980 -4.848456
150034 170032 30.408508 -4.628540
150034 170033 62.077597 -4.083593
150034 180032 22.335837 -5.131402
150034 180033 54.004920 -4.210112
150034 190033 50.876710 -4.212438
150034 200033 48.468405 -3.807214
150034 210033 47.465226 -3.803545
150034 220033 46.776387 -3.797653
150034 230033 45.784241 -3.718192
150034 240033 45.315497 -3.745241
140033 150036 43.396168 -4.026231
140035 150036 68.206416 -2.995584
150036 160025 60.625814 -6.387809
150036 160026 61.105751 -6.400697
150036 160027 61.507152 -6.393278
150036 160028 62.064212 -6.374623
150036 160029 62.531547 -6.350367
150036 160030 63.671629 -6.350963
150036 160031 64.415505 -6.279973
150036 160032 65.578451 -6.235069
150036 160033 69.008927 -5.954976
150036 160034 74.685163 -5.675555
150036 170026 17.340340 -4.775678
150036 170027 17.741741 -4.786725
150036 170028 18.298802 -4.772361
150036 170029 18.766139 -4.731438
150036 170031 20.650102 -4.659549
150036 170032 21.813051 -4.610943
150036 170035 50.052838 -2.588862
150036 180035 41.996559 -2.488371
150036 190035 38.890294 -2.370158
150036 200035 36.527409 -1.760048
150036 210035 35.557559 -1.703550
150036 220035 34.901439 -1.652680
150036 230035 33.991068 -1.498681
150036 240035 33.579322 -1.507214
150036 250035 33.192489 -1.525086
150036 260035 32.712561 -1.429671
130034 160035 49.235601 -4.682361
150034 160035 100.318838 -5.543139
150036 160035 93.818049 -4.667401
160035 170026 39.335144 -3.954652
160035 170027 39.836838 -3.977822
160035 170028 40.562961 -4.005010
160035 170029 41.214492 -3.998094
160035 170030 42.982109 -4.146425
160035 170031 44.287875 -4.038134
160035 170032 46.682458 -4.013532
160035 170033 56.038515 -3.659333
160035 170034 78.440391 -3.954955
160035 180034 54.056436 -4.495635
160035 190034 47.683378 -4.622703
160035 200034 44.006894 -4.072994
160035 210034 42.637795 -4.083579
160035 220034 41.779160 -4.066443
160035 230034 40.652928 -3.966077
160035 240034 40.155097 -4.001674
160035 250034 39.685335 -4.013435
150034 160037 69.636230 -6.378583
150036 160037 123.119857 -7.330889
160037 170026 38.956444 -3.770516
160037 170027 39.346646 -3.789337
160037 170028 39.864534 -3.809267
160037 170029 40.278369 -3.807140
160037 170030 41.220103 -3.895067
160037 170031 41.794510 -3.852076
160037 170032 42.613993 -3.879961
160037 170033 44.699149 -3.856082
160037 170034 47.721210 -3.975178
160037 170035 54.668215 -3.970721
160037 180035 30.298106 -5.073825
160037 180036 76.958012 -7.766430
160037 190036 70.602166 -8.159233
160037 200036 66.962334 -8.011123
160037 210036 65.618590 -8.099458
160037 220036 64.786908 -8.139404
160037 230036 63.724094 -8.149619
160037 240036 63.269337 -8.200086
160037 250035 16.199496 -4.582741
160037 250036 62.859436 -8.243792
160037 260036 62.371710 -8.243294
160037 270036 61.981510 -8.259504
140035 170036 40.932763 -2.003129
160035 170036 71.917725 -2.741485
160037 170036 101.327915 -6.523698
170036 180027 61.240126 -6.192277
170036 180028 61.877797 -6.190424
170036 180029 62.389625 -6.170417
170036 180030 63.597034 -6.198821
170036 180031 64.366873 -6.140860
170036 180032 65.552849 -6.090977
170036 180033 69.012143 -5.821053
170036 180034 74.713129 -5.553527
170036 180035 93.863131 -4.572800
170036 190035 53.441056 -4.077520
170036 200035 41.674327 -2.384412
170036 210035 38.388786 -2.342809
170036 220035 36.737684 -2.159811
170036 240035 34.307574 -1.799983
170036 250035 33.745923 -1.751754
170036 260035 33.112580 -1.623552
160035 170038 48.459969 -4.202448
160037 170038 86.704378 -5.396238
170038 180027 60.968654 -6.308341
170038 180028 61.500455 -6.309358
170038 180029 61.899399 -6.306706
170038 180030 62.744003 -6.340492
170038 180031 63.226842 -6.295006
170038 180032 63.861123 -6.276764
170038 180033 65.288995 -6.235430
170038 180034 67.153965 -6.242021
170038 180035 70.450449 -6.182889
170038 180036 83.789372 -6.431763
170038 190037 68.219914 -7.132845
170038 200037 56.477579 -6.487348
170038 220037 51.572211 -6.723989
170038 240037 49.208058 -6.716019
170038 250037 48.672723 -6.754203
170038 260037 48.093603 -6.732605
170038 270037 47.660964 -6.727787
170038 280037 47.129163 -6.731193
150036 180037 71.298222 -7.983284
160035 180037 30.274174 -5.105919
170036 180037 123.204230 -7.265963
170038 180037 108.629616 -6.492372
180037 190028 46.177689 -5.916480
180037 190029 46.650630 -5.876838
180037 190030 47.678858 -5.907627
180037 190031 48.286581 -5.852683
180037 190032 49.133778 -5.826161
180037 190035 61.273798 -5.509385
180037 190036 107.969454 -7.257085
180037 200036 76.934979 -7.055541
180037 210036 70.406993 -7.831115
180037 220036 67.681597 -7.990329
180037 230036 65.176108 -8.026264
180037 240036 64.314840 -8.124024
180037 250035 16.946284 -4.411769
180037 250036 63.641992 -8.182114
180037 260036 62.931082 -8.202036
180037 270036 62.419677 -8.221073
170036 180039 71.367677 -6.278822
170038 180039 91.552719 -5.437717
180039 190028 45.824866 -5.923596
180039 190029 46.201224 -5.890492
180039 190030 46.944864 -5.908341
180039 190031 47.340316 -5.856727
180039 190032 47.816354 -5.852787
180039 190033 48.767948 -5.803172
180039 190036 56.011981 -5.891929
180039 190037 61.236196 -5.683204
180039 200038 45.245408 -3.002497
180039 210038 38.733072 -3.737086
180039 220038 36.025798 -3.722177
180039 230038 33.561486 -3.488949
180039 250037 17.063462 -4.996451
180039 250038 32.081043 -3.613696
180039 260037 16.404245 -4.950325
180039 260038 31.421827 -3.560605
180039 270037 15.944189 -4.941765
180039 270038 30.961772 -3.535547
180039 280037 15.411335 -4.968412
180039 280038 30.428918 -3.524419
180039 290038 30.052557 -3.545264
180037 190038 93.359470 -6.307261
180039 190038 76.253731 -4.966209
190038 200036 61.486644 -1.100480
190038 200037 86.335926 -2.720855
190038 210037 62.278669 -5.779244
190038 220037 56.040474 -6.352562
190038 250037 49.523235 -6.693507
190038 260037 48.661801 -6.691357
190038 270037 48.087784 -6.696574
190038 280037 47.435640 -6.721066
180039 190040 92.901997 -6.508056
190040 200038 54.754865 0.421391
190040 210039 61.885275 -6.030549
190040 220039 55.660847 -6.644644
190040 230039 51.334236 -6.780308
190040 240039 50.089972 -6.965010
190040 250039 49.220417 -7.056421
190040 260039 48.397255 -7.079283
190040 270039 47.864590 -7.097369
190040 280039 47.283185 -7.139657
190040 290039 46.894236 -7.176189
190040 300039 46.162990 -7.188406
170038 200039 39.400750 -4.034541
190038 200039 69.282627 -0.387783
190040 200039 85.930507 -2.858185
200039 210030 64.596212 -7.682132
200039 210031 65.058743 -7.621965
200039 210032 65.586779 -7.603232
200039 210033 66.594335 -7.554403
200039 210034 67.762647 -7.527912
200039 210035 69.356890 -7.470433
200039 210036 73.943932 -7.448535
200039 210037 79.185587 -7.191191
200039 210038 94.218781 -6.360216
200039 220032 26.248275 -7.706041
200039 220038 54.880323 -5.518388
200039 230038 39.157234 -4.037239
200039 250037 19.105525 -5.778861
200039 250038 34.138830 -4.107403
200039 260038 32.695093 -3.862011
200039 270038 31.866967 -3.755006
200039 280038 31.050454 -3.667532
200039 290038 30.541040 -3.636470
180039 210040 55.381281 -6.693019
200039 210040 110.911456 -7.415930
210040 220031 57.401595 -7.088115
210040 220032 57.887304 -7.078821
210040 220033 58.748553 -7.037185
210040 220034 59.682570 -7.040838
210040 220035 60.814716 -7.017058
210040 220036 63.635673 -7.052271
210040 220037 66.365368 -6.934992
210040 220038 72.316140 -6.593193
210040 220039 103.513563 -7.190885
210040 230039 61.112652 -6.572253
210040 240039 55.109824 -7.251048
210040 250038 21.020927 -5.598116
210040 250039 52.218337 -7.377433
210040 260038 18.943474 -5.224923
210040 260039 50.140874 -7.310161
210040 270038 17.871808 -5.011059
210040 270039 49.069201 -7.277810
210040 280038 16.893969 -4.912073
210040 280039 48.091361 -7.289126
210040 290038 16.326089 -4.897777
210040 290039 47.523482 -7.312620
210040 300039 46.563727 -7.272590
